# unix_time, cycles_done, cur_path, paths_total, pending_total, pending_favs, map_size, unique_crashes, unique_hangs, max_depth, execs_per_sec
1575114256, 0, 0, 1, 1, 1, 7.00%, 0, 0, 1, 126.98
1575114261, 0, 0, 97, 97, 1, 8.13%, 0, 0, 2, 202.54
1575114266, 0, 0, 158, 158, 1, 8.35%, 0, 0, 2, 216.10
1575114271, 0, 0, 194, 194, 1, 8.43%, 0, 0, 2, 214.98
1575114276, 0, 0, 224, 224, 1, 8.71%, 0, 0, 2, 211.56
1575114281, 0, 0, 244, 244, 1, 9.05%, 0, 0, 2, 152.72
1575114286, 0, 0, 254, 254, 1, 9.06%, 0, 0, 2, 146.47
1575114292, 0, 0, 266, 266, 1, 9.08%, 0, 0, 2, 142.87
1575114297, 0, 0, 277, 277, 1, 9.10%, 0, 0, 2, 145.06
1575114302, 0, 0, 282, 282, 1, 9.12%, 0, 0, 2, 147.11
1575114307, 0, 0, 289, 289, 1, 9.14%, 0, 0, 2, 147.71
1575114312, 0, 0, 301, 301, 1, 9.15%, 0, 0, 2, 141.23
1575114317, 0, 0, 312, 312, 1, 9.36%, 0, 0, 2, 138.53
1575114322, 0, 0, 318, 318, 1, 9.37%, 0, 0, 2, 141.04
1575114328, 0, 0, 326, 326, 1, 9.39%, 0, 0, 2, 142.89
1575114333, 0, 0, 329, 329, 1, 9.39%, 0, 0, 2, 137.00
1575114338, 0, 0, 384, 383, 0, 9.84%, 0, 0, 2, 117.91
1575114343, 0, 0, 429, 428, 0, 9.90%, 0, 0, 2, 92.81
1575114348, 0, 0, 470, 469, 0, 9.94%, 0, 0, 2, 87.55
1575114353, 0, 0, 512, 511, 0, 9.98%, 0, 0, 2, 97.60
1575114358, 0, 0, 538, 537, 0, 10.04%, 0, 0, 2, 109.90
1575114363, 0, 0, 547, 546, 0, 10.05%, 0, 0, 2, 105.96
1575114369, 0, 0, 552, 551, 0, 10.05%, 0, 0, 2, 95.89
1575114374, 0, 0, 562, 561, 0, 10.06%, 0, 0, 2, 107.39
1575114379, 0, 0, 570, 569, 0, 10.08%, 0, 0, 2, 94.00
1575114384, 0, 4, 573, 572, 131, 10.08%, 0, 0, 2, 95.09
1575114389, 0, 23, 575, 573, 128, 10.08%, 0, 0, 3, 112.05
1575114394, 0, 41, 575, 571, 126, 10.08%, 0, 0, 3, 124.68
1575114399, 0, 84, 576, 571, 124, 10.09%, 0, 0, 3, 105.44
1575114404, 0, 84, 578, 573, 124, 10.09%, 0, 0, 3, 99.67
1575114409, 0, 84, 618, 612, 123, 10.18%, 0, 0, 3, 88.16
1575114414, 0, 84, 642, 636, 123, 10.22%, 0, 0, 3, 94.14
1575114420, 0, 84, 655, 649, 123, 10.35%, 0, 0, 3, 85.86
1575114425, 0, 86, 662, 656, 138, 10.46%, 0, 0, 3, 87.09
1575114430, 0, 94, 663, 656, 137, 10.46%, 0, 0, 3, 105.37
1575114435, 0, 94, 668, 661, 137, 10.47%, 0, 0, 3, 108.83
1575114440, 0, 94, 674, 667, 137, 10.47%, 0, 0, 3, 97.23
1575114445, 0, 94, 675, 668, 137, 10.47%, 0, 0, 3, 95.74
1575114450, 0, 96, 676, 668, 140, 10.47%, 0, 0, 3, 109.86
1575114455, 0, 103, 677, 668, 139, 10.47%, 0, 0, 3, 113.91
1575114460, 0, 104, 681, 670, 137, 10.48%, 0, 0, 3, 102.31
1575114466, 0, 104, 716, 705, 137, 10.48%, 0, 0, 3, 81.24
1575114471, 0, 104, 736, 725, 137, 10.50%, 0, 0, 3, 89.33
1575114476, 0, 104, 739, 728, 137, 10.50%, 0, 0, 3, 91.02
1575114481, 0, 115, 744, 733, 138, 10.50%, 0, 0, 3, 95.72
1575114486, 0, 121, 745, 733, 137, 10.50%, 0, 0, 3, 101.17
1575114491, 0, 121, 754, 742, 137, 10.51%, 0, 0, 3, 97.85
1575114496, 0, 121, 760, 748, 137, 10.51%, 0, 0, 3, 103.27
1575114501, 0, 125, 761, 748, 137, 10.51%, 0, 0, 3, 99.40
1575114506, 0, 125, 763, 750, 137, 10.51%, 0, 0, 3, 95.85
1575114517, 0, 125, 764, 751, 137, 10.51%, 0, 0, 3, 87.93
1575114522, 0, 125, 765, 752, 137, 10.51%, 0, 0, 3, 99.85
1575114532, 0, 125, 766, 753, 137, 10.51%, 0, 0, 3, 99.99
1575114562, 0, 125, 767, 754, 137, 10.51%, 0, 0, 3, 107.54
1575114573, 0, 129, 769, 755, 138, 10.51%, 0, 0, 3, 113.11
1575114578, 0, 129, 770, 756, 138, 10.51%, 0, 0, 3, 113.38
1575114583, 0, 129, 772, 758, 138, 10.51%, 0, 0, 3, 93.88
1575114623, 0, 129, 774, 760, 138, 10.51%, 0, 0, 3, 109.11
1575114634, 0, 131, 775, 760, 137, 10.51%, 0, 0, 3, 112.89
1575114639, 0, 131, 789, 773, 136, 10.54%, 0, 0, 3, 84.03
1575114644, 0, 131, 829, 813, 136, 10.58%, 0, 0, 3, 84.46
1575114649, 0, 131, 872, 856, 136, 10.62%, 0, 0, 3, 85.24
1575114654, 0, 131, 897, 881, 136, 10.63%, 0, 0, 3, 77.25
1575114659, 0, 131, 898, 882, 136, 10.63%, 0, 0, 3, 80.82
1575114664, 0, 131, 905, 889, 136, 10.64%, 0, 0, 3, 80.67
1575114669, 0, 138, 905, 888, 162, 10.64%, 0, 0, 3, 98.57
1575114680, 0, 144, 905, 887, 161, 10.64%, 0, 0, 3, 102.78
1575114685, 0, 164, 905, 885, 159, 10.64%, 0, 0, 3, 106.16
1575114690, 0, 164, 921, 900, 158, 10.68%, 0, 0, 3, 95.20
1575114695, 0, 174, 929, 908, 156, 10.70%, 0, 0, 3, 110.83
1575114700, 0, 176, 929, 907, 155, 10.70%, 0, 0, 3, 103.87
1575114710, 0, 176, 931, 909, 155, 10.70%, 0, 0, 3, 109.64
1575114715, 0, 185, 931, 908, 154, 10.70%, 0, 0, 3, 104.26
1575114720, 0, 189, 931, 907, 153, 10.70%, 0, 0, 3, 90.90
1575114725, 0, 189, 932, 908, 153, 10.70%, 0, 0, 3, 94.77
1575114730, 0, 194, 932, 907, 152, 10.70%, 0, 0, 3, 101.35
1575114735, 0, 194, 935, 910, 152, 10.70%, 0, 0, 3, 112.59
1575114740, 0, 194, 937, 912, 152, 10.70%, 0, 0, 3, 114.06
1575114746, 0, 194, 938, 913, 152, 10.70%, 0, 0, 3, 109.52
1575114761, 0, 194, 939, 914, 152, 10.70%, 0, 0, 3, 103.42
1575114766, 0, 194, 940, 915, 152, 10.70%, 0, 0, 3, 109.95
1575114786, 0, 194, 941, 916, 152, 10.70%, 0, 0, 3, 103.57
1575114792, 0, 194, 942, 917, 152, 10.70%, 0, 0, 3, 89.70
1575114797, 0, 194, 945, 919, 151, 10.70%, 0, 0, 3, 94.11
1575114802, 0, 194, 987, 961, 151, 10.83%, 0, 0, 3, 84.29
1575114807, 0, 194, 1004, 978, 151, 10.84%, 0, 0, 3, 83.83
1575114812, 0, 194, 1005, 979, 151, 10.84%, 0, 0, 3, 71.91
1575114817, 0, 194, 1011, 985, 151, 10.84%, 0, 0, 3, 71.39
1575114822, 0, 196, 1013, 987, 159, 10.84%, 0, 0, 3, 100.66
1575114827, 0, 202, 1013, 986, 158, 10.84%, 0, 0, 3, 116.47
1575114832, 0, 206, 1013, 985, 157, 10.84%, 0, 0, 3, 101.59
1575114837, 0, 206, 1014, 986, 157, 10.84%, 0, 0, 3, 104.70
1575114842, 0, 210, 1014, 985, 156, 10.84%, 0, 0, 3, 116.15
1575114847, 0, 210, 1015, 986, 156, 10.84%, 0, 0, 3, 99.99
1575114858, 0, 210, 1016, 987, 156, 10.84%, 0, 0, 3, 93.38
1575114863, 0, 228, 1017, 987, 156, 10.84%, 0, 0, 3, 86.96
1575114868, 0, 228, 1046, 1015, 155, 10.87%, 0, 0, 3, 76.54
1575114873, 0, 235, 1056, 1025, 157, 10.88%, 0, 0, 3, 65.65
1575114878, 0, 235, 1057, 1026, 157, 10.88%, 0, 0, 3, 86.98
1575114883, 0, 240, 1057, 1025, 156, 10.88%, 0, 0, 3, 94.43
1575114888, 0, 242, 1057, 1024, 154, 10.88%, 0, 0, 3, 78.78
1575114898, 0, 242, 1058, 1025, 154, 10.88%, 0, 0, 3, 95.79
1575114904, 0, 247, 1058, 1024, 153, 10.88%, 0, 0, 3, 89.66
1575114914, 0, 252, 1060, 1025, 152, 10.88%, 0, 0, 3, 102.01
1575114919, 0, 252, 1078, 1042, 151, 10.91%, 0, 0, 3, 88.56
1575114924, 0, 261, 1110, 1074, 158, 10.94%, 0, 0, 3, 77.50
1575114934, 0, 261, 1111, 1075, 158, 10.94%, 0, 0, 3, 94.05
1575114939, 0, 268, 1112, 1075, 157, 10.94%, 0, 0, 3, 93.74
1575114944, 0, 269, 1112, 1074, 157, 10.94%, 0, 0, 3, 98.39
1575114950, 0, 279, 1112, 1073, 156, 10.94%, 0, 0, 3, 95.90
1575114955, 0, 281, 1113, 1073, 155, 10.94%, 0, 0, 3, 108.02
1575114960, 0, 281, 1128, 1087, 154, 10.95%, 0, 0, 3, 92.35
1575114965, 0, 281, 1144, 1103, 154, 11.02%, 0, 0, 3, 81.36
1575114970, 0, 286, 1147, 1106, 157, 11.02%, 0, 0, 3, 87.76
1575114975, 0, 292, 1147, 1105, 156, 11.02%, 0, 0, 3, 87.21
1575114985, 0, 292, 1151, 1109, 156, 11.02%, 0, 0, 3, 99.62
1575114990, 0, 292, 1153, 1111, 156, 11.02%, 0, 0, 3, 96.00
1575114995, 0, 296, 1153, 1110, 156, 11.02%, 0, 0, 3, 80.17
1575115000, 0, 305, 1153, 1109, 155, 11.02%, 0, 0, 3, 68.76
1575115005, 0, 311, 1154, 1109, 154, 11.02%, 0, 0, 3, 84.16
1575115015, 0, 311, 1155, 1110, 154, 11.02%, 0, 0, 3, 84.52
1575115021, 0, 311, 1156, 1111, 154, 11.02%, 0, 0, 3, 93.22
1575115026, 0, 311, 1157, 1112, 154, 11.03%, 0, 0, 3, 101.85
1575115031, 0, 311, 1158, 1113, 154, 11.03%, 0, 0, 3, 92.11
1575115041, 0, 311, 1160, 1115, 154, 11.03%, 0, 0, 3, 104.38
1575115057, 0, 311, 1162, 1117, 154, 11.04%, 0, 0, 3, 100.30
1575115077, 0, 311, 1186, 1140, 153, 11.06%, 0, 0, 3, 97.52
1575115082, 0, 311, 1224, 1178, 153, 11.07%, 0, 0, 3, 84.47
1575115087, 0, 311, 1227, 1181, 153, 11.21%, 0, 0, 3, 75.12
1575115092, 0, 329, 1227, 1181, 161, 11.21%, 0, 0, 3, 89.25
1575115102, 0, 333, 1227, 1180, 160, 11.21%, 0, 0, 3, 90.43
1575115108, 0, 333, 1228, 1181, 160, 11.21%, 0, 0, 3, 91.88
1575115113, 0, 339, 1228, 1180, 159, 11.21%, 0, 0, 3, 101.16
1575115118, 0, 341, 1228, 1179, 158, 11.21%, 0, 0, 3, 110.18
1575115123, 0, 341, 1231, 1182, 158, 11.22%, 0, 0, 3, 106.16
1575115133, 0, 353, 1231, 1181, 157, 11.22%, 0, 0, 3, 100.49
1575115143, 0, 353, 1252, 1201, 156, 11.23%, 0, 0, 3, 87.04
1575115148, 0, 361, 1259, 1208, 156, 11.24%, 0, 0, 3, 90.03
1575115153, 0, 364, 1260, 1208, 156, 11.24%, 0, 0, 3, 88.05
1575115163, 0, 372, 1260, 1207, 155, 11.24%, 0, 0, 3, 107.82
1575115168, 0, 372, 1261, 1208, 155, 11.24%, 0, 0, 3, 94.32
1575115173, 0, 372, 1263, 1210, 155, 11.25%, 0, 0, 3, 96.32
1575115184, 0, 372, 1264, 1211, 155, 11.25%, 0, 0, 3, 105.81
1575115189, 0, 372, 1265, 1212, 155, 11.25%, 0, 0, 3, 104.52
1575115204, 0, 372, 1266, 1213, 155, 11.25%, 0, 0, 3, 108.09
1575115224, 0, 372, 1267, 1214, 155, 11.25%, 0, 0, 3, 101.89
1575115229, 0, 372, 1268, 1215, 155, 11.25%, 0, 0, 3, 101.52
1575115235, 0, 374, 1268, 1214, 155, 11.25%, 0, 0, 3, 92.86
1575115245, 0, 375, 1268, 1213, 155, 11.25%, 0, 0, 3, 103.55
1575115255, 0, 375, 1269, 1214, 155, 11.25%, 0, 0, 3, 90.68
1575115260, 0, 375, 1282, 1226, 154, 11.26%, 0, 0, 3, 78.74
1575115265, 0, 375, 1315, 1259, 154, 11.29%, 0, 0, 3, 65.83
1575115270, 0, 375, 1351, 1295, 154, 11.29%, 0, 0, 3, 84.01
1575115275, 0, 375, 1371, 1315, 154, 11.29%, 0, 0, 3, 79.43
1575115280, 0, 379, 1373, 1317, 157, 11.29%, 0, 0, 3, 96.70
1575115291, 0, 381, 1373, 1316, 156, 11.29%, 0, 0, 3, 103.98
1575115296, 0, 381, 1374, 1317, 156, 11.29%, 0, 0, 3, 107.34
1575115301, 0, 392, 1374, 1316, 155, 11.29%, 0, 0, 3, 93.46
1575115316, 0, 400, 1374, 1315, 154, 11.29%, 0, 0, 3, 101.64
1575115321, 0, 400, 1375, 1316, 154, 11.29%, 0, 0, 3, 102.49
1575115326, 0, 409, 1376, 1316, 153, 11.29%, 0, 0, 3, 109.37
1575115331, 0, 409, 1395, 1334, 152, 11.32%, 0, 0, 3, 87.99
1575115336, 0, 409, 1408, 1347, 152, 11.32%, 0, 0, 3, 80.44
1575115342, 0, 420, 1409, 1348, 156, 11.33%, 0, 0, 3, 84.94
1575115347, 0, 420, 1410, 1349, 156, 11.33%, 0, 0, 3, 85.41
1575115352, 0, 456, 1410, 1347, 154, 11.33%, 0, 0, 3, 102.51
1575115362, 0, 482, 1410, 1346, 153, 11.33%, 0, 0, 3, 93.98
1575115372, 0, 511, 1410, 1345, 152, 11.33%, 0, 0, 3, 80.30
1575115387, 0, 511, 1436, 1370, 151, 11.34%, 0, 0, 3, 86.87
1575115392, 0, 541, 1448, 1382, 153, 11.34%, 0, 0, 3, 91.61
1575115397, 0, 547, 1448, 1381, 152, 11.34%, 0, 0, 3, 95.73
1575115402, 0, 547, 1449, 1382, 152, 11.35%, 0, 0, 3, 89.03
1575115418, 0, 548, 1449, 1381, 152, 11.35%, 0, 0, 3, 94.65
1575115423, 0, 548, 1450, 1382, 152, 11.35%, 0, 0, 3, 97.88
1575115428, 0, 554, 1450, 1381, 151, 11.35%, 0, 0, 3, 104.64
1575115433, 0, 561, 1450, 1380, 150, 11.35%, 0, 0, 3, 105.11
1575115448, 0, 561, 1469, 1398, 149, 11.36%, 0, 0, 3, 85.48
1575115453, 0, 564, 1472, 1401, 152, 11.36%, 0, 0, 3, 99.61
1575115458, 0, 564, 1473, 1402, 152, 11.36%, 0, 0, 3, 95.55
1575115468, 0, 574, 1473, 1401, 151, 11.36%, 0, 0, 3, 99.19
1575115474, 0, 574, 1474, 1402, 151, 11.36%, 0, 0, 4, 108.59
1575115479, 0, 588, 1475, 1402, 150, 11.36%, 0, 0, 4, 91.78
1575115489, 0, 588, 1477, 1404, 150, 11.36%, 0, 0, 4, 94.02
1575115494, 0, 599, 1477, 1403, 151, 11.36%, 0, 0, 4, 95.43
1575115504, 0, 612, 1477, 1402, 150, 11.36%, 0, 0, 4, 104.98
1575115509, 0, 612, 1494, 1418, 149, 11.38%, 0, 0, 4, 86.03
1575115514, 0, 636, 1503, 1427, 150, 11.38%, 0, 0, 4, 103.82
1575115519, 0, 651, 1503, 1426, 149, 11.38%, 0, 0, 4, 106.91
1575115524, 0, 665, 1503, 1424, 147, 11.38%, 0, 0, 4, 90.43
1575115539, 0, 672, 1503, 1423, 146, 11.38%, 0, 0, 4, 118.90
1575115550, 0, 687, 1518, 1437, 148, 11.40%, 0, 0, 4, 80.69
1575115560, 0, 687, 1519, 1438, 148, 11.40%, 0, 0, 4, 93.16
1575115565, 0, 733, 1519, 1437, 148, 11.40%, 0, 0, 4, 95.13
1575115575, 0, 783, 1519, 1436, 148, 11.40%, 0, 0, 4, 93.25
1575115586, 0, 784, 1519, 1435, 147, 11.40%, 0, 0, 4, 93.91
1575115596, 0, 788, 1519, 1434, 147, 11.40%, 0, 0, 4, 96.74
1575115601, 0, 788, 1520, 1435, 147, 11.40%, 0, 0, 4, 108.59
1575115606, 0, 788, 1549, 1463, 146, 11.41%, 0, 0, 4, 85.97
1575115611, 0, 817, 1557, 1471, 150, 11.41%, 0, 0, 4, 87.65
1575115616, 0, 817, 1558, 1472, 150, 11.41%, 0, 0, 4, 105.71
1575115626, 0, 833, 1558, 1471, 150, 11.41%, 0, 0, 4, 96.11
1575115631, 0, 852, 1558, 1470, 149, 11.41%, 0, 0, 4, 88.52
1575115642, 0, 854, 1558, 1469, 148, 11.41%, 0, 0, 4, 102.55
1575115647, 0, 857, 1558, 1468, 147, 11.41%, 0, 0, 4, 84.20
1575115657, 0, 857, 1564, 1473, 146, 11.41%, 0, 0, 4, 76.66
1575115662, 0, 857, 1582, 1491, 146, 11.42%, 0, 0, 4, 53.24
1575115667, 0, 880, 1584, 1493, 151, 11.42%, 0, 0, 4, 66.78
1575115672, 0, 907, 1584, 1492, 150, 11.42%, 0, 0, 4, 75.86
1575115677, 0, 907, 1585, 1493, 150, 11.42%, 0, 0, 4, 84.08
1575115682, 0, 907, 1586, 1494, 150, 11.43%, 0, 0, 4, 93.39
1575115688, 0, 907, 1587, 1495, 150, 11.43%, 0, 0, 4, 96.55
1575115713, 0, 907, 1589, 1497, 150, 11.43%, 0, 0, 4, 108.55
1575115718, 0, 912, 1592, 1499, 150, 11.43%, 0, 0, 4, 104.33
1575115723, 0, 914, 1592, 1498, 150, 11.43%, 0, 0, 4, 102.83
1575115728, 0, 914, 1593, 1499, 150, 11.43%, 0, 0, 4, 91.16
1575115733, 0, 915, 1593, 1498, 149, 11.43%, 0, 0, 4, 85.50
1575115749, 0, 915, 1615, 1519, 148, 11.43%, 0, 0, 4, 62.49
1575115754, 0, 943, 1625, 1529, 147, 11.43%, 0, 0, 4, 68.53
1575115759, 0, 943, 1626, 1530, 147, 11.43%, 0, 0, 4, 97.71
1575115764, 0, 948, 1626, 1529, 146, 11.43%, 0, 0, 4, 102.53
1575115769, 0, 950, 1626, 1528, 145, 11.43%, 0, 0, 4, 93.95
1575115774, 0, 953, 1626, 1527, 144, 11.43%, 0, 0, 4, 90.39
1575115784, 0, 957, 1626, 1526, 143, 11.43%, 0, 0, 4, 113.07
1575115794, 0, 957, 1637, 1536, 142, 11.51%, 0, 0, 4, 82.37
1575115800, 0, 962, 1638, 1537, 146, 11.51%, 0, 0, 4, 81.40
1575115810, 0, 963, 1638, 1536, 145, 11.51%, 0, 0, 4, 92.26
1575115825, 0, 969, 1639, 1536, 144, 11.51%, 0, 0, 4, 93.59
1575115840, 0, 972, 1639, 1535, 143, 11.51%, 0, 0, 4, 105.25
1575115850, 0, 973, 1639, 1534, 142, 11.51%, 0, 0, 4, 98.59
1575115855, 0, 973, 1657, 1551, 141, 11.56%, 0, 0, 4, 84.16
1575115861, 0, 978, 1674, 1568, 138, 11.61%, 0, 0, 4, 69.97
1575115871, 0, 981, 1674, 1567, 137, 11.61%, 0, 0, 4, 97.21
1575115876, 0, 981, 1675, 1568, 137, 11.61%, 0, 0, 4, 93.73
1575115881, 0, 983, 1675, 1567, 136, 11.61%, 0, 0, 4, 95.95
1575115886, 0, 983, 1677, 1569, 136, 11.61%, 0, 0, 4, 102.66
1575115891, 0, 999, 1677, 1567, 134, 11.61%, 0, 0, 4, 101.61
1575115896, 0, 999, 1678, 1568, 134, 11.61%, 0, 0, 4, 104.81
1575115901, 0, 999, 1679, 1569, 134, 11.61%, 0, 0, 4, 106.64
1575115906, 0, 999, 1681, 1571, 134, 11.61%, 0, 0, 4, 98.85
1575115912, 0, 999, 1689, 1578, 133, 11.62%, 0, 0, 4, 75.19
1575115917, 0, 1026, 1693, 1582, 137, 11.63%, 0, 0, 4, 88.39
1575115927, 0, 1037, 1694, 1582, 137, 11.63%, 0, 0, 4, 99.49
1575115942, 0, 1037, 1699, 1587, 137, 11.63%, 0, 0, 4, 89.38
1575115947, 0, 1042, 1703, 1590, 136, 11.63%, 0, 0, 4, 98.23
1575115957, 0, 1066, 1703, 1589, 135, 11.63%, 0, 0, 4, 106.48
1575115968, 0, 1068, 1703, 1588, 135, 11.63%, 0, 0, 4, 89.86
1575115978, 0, 1068, 1707, 1591, 134, 11.63%, 0, 0, 4, 90.62
1575115983, 0, 1069, 1719, 1603, 135, 11.65%, 0, 0, 4, 94.64
1575115988, 0, 1077, 1719, 1602, 134, 11.65%, 0, 0, 4, 99.03
1575115998, 0, 1082, 1719, 1601, 133, 11.65%, 0, 0, 4, 87.11
1575116003, 0, 1084, 1719, 1600, 132, 11.65%, 0, 0, 4, 89.42
1575116008, 0, 1084, 1721, 1602, 132, 11.65%, 0, 0, 4, 92.85
1575116023, 0, 1085, 1721, 1601, 134, 11.65%, 0, 0, 4, 83.10
1575116028, 0, 1085, 1723, 1603, 134, 11.65%, 0, 0, 4, 97.00
1575116033, 0, 1085, 1731, 1610, 133, 11.65%, 0, 0, 4, 91.33
1575116038, 0, 1093, 1735, 1614, 136, 11.65%, 0, 0, 4, 88.60
1575116049, 0, 1106, 1735, 1613, 135, 11.65%, 0, 0, 4, 91.40
1575116064, 0, 1111, 1735, 1612, 134, 11.65%, 0, 0, 4, 95.95
1575116069, 0, 1114, 1735, 1611, 133, 11.65%, 0, 0, 4, 98.81
1575116079, 0, 1121, 1736, 1611, 132, 11.65%, 0, 0, 4, 105.13
1575116090, 0, 1121, 1743, 1617, 131, 11.66%, 0, 0, 4, 101.58
1575116095, 0, 1121, 1751, 1625, 131, 11.66%, 0, 0, 4, 80.00
1575116100, 0, 1123, 1758, 1632, 138, 11.67%, 0, 0, 4, 74.38
1575116105, 0, 1123, 1765, 1639, 138, 11.67%, 0, 0, 4, 78.00
1575116110, 0, 1123, 1770, 1644, 138, 11.70%, 0, 0, 4, 85.62
1575116115, 0, 1123, 1774, 1648, 138, 11.71%, 0, 0, 4, 91.99
1575116120, 0, 1123, 1776, 1650, 138, 11.71%, 0, 0, 4, 95.42
1575116125, 0, 1123, 1782, 1656, 138, 11.73%, 0, 0, 4, 104.25
1575116130, 0, 1123, 1785, 1659, 138, 11.73%, 0, 0, 4, 111.17
1575116135, 0, 1123, 1787, 1661, 138, 11.74%, 0, 0, 4, 100.92
1575116141, 0, 1123, 1790, 1664, 138, 11.76%, 0, 0, 4, 95.10
1575116146, 0, 1123, 1793, 1667, 138, 11.76%, 0, 0, 4, 99.40
1575116151, 0, 1123, 1794, 1668, 138, 11.76%, 0, 0, 4, 95.89
1575116161, 0, 1123, 1797, 1671, 138, 11.76%, 0, 0, 4, 99.06
1575116166, 0, 1123, 1800, 1674, 138, 11.76%, 0, 0, 4, 92.21
1575116171, 0, 1123, 1803, 1677, 138, 11.76%, 0, 0, 4, 88.48
1575116176, 0, 1123, 1806, 1680, 138, 11.76%, 0, 0, 4, 91.48
1575116181, 0, 1123, 1807, 1681, 138, 11.76%, 0, 0, 4, 90.49
1575116186, 0, 1125, 1808, 1681, 139, 11.76%, 0, 0, 4, 90.05
1575116201, 0, 1127, 1809, 1681, 138, 11.76%, 0, 0, 4, 100.29
1575116212, 0, 1127, 1810, 1682, 138, 11.76%, 0, 0, 4, 103.54
1575116217, 0, 1133, 1810, 1681, 138, 11.76%, 0, 0, 4, 102.82
1575116227, 0, 1134, 1810, 1680, 137, 11.76%, 0, 0, 4, 87.17
1575116237, 0, 1134, 1837, 1706, 136, 11.80%, 0, 0, 4, 63.56
1575116242, 0, 1134, 1846, 1715, 136, 11.80%, 0, 0, 4, 63.30
1575116247, 0, 1139, 1846, 1715, 138, 11.80%, 0, 0, 4, 74.22
1575116252, 0, 1156, 1846, 1714, 137, 11.80%, 0, 0, 4, 101.95
1575116263, 0, 1169, 1846, 1713, 136, 11.80%, 0, 0, 4, 97.70
1575116268, 0, 1170, 1846, 1712, 135, 11.80%, 0, 0, 4, 102.54
1575116273, 0, 1182, 1847, 1712, 134, 11.80%, 0, 0, 4, 108.93
1575116278, 0, 1198, 1860, 1724, 134, 11.81%, 0, 0, 4, 86.84
1575116288, 0, 1198, 1861, 1725, 134, 11.81%, 0, 0, 4, 97.41
1575116293, 0, 1250, 1862, 1725, 135, 11.82%, 0, 0, 4, 101.85
1575116298, 0, 1258, 1862, 1724, 134, 11.82%, 0, 0, 4, 101.22
1575116313, 0, 1260, 1862, 1723, 133, 11.82%, 0, 0, 4, 89.36
1575116328, 0, 1278, 1863, 1723, 133, 11.82%, 0, 0, 4, 96.22
1575116333, 0, 1278, 1893, 1752, 133, 11.84%, 0, 0, 4, 74.38
1575116338, 0, 1281, 1894, 1753, 132, 11.84%, 0, 0, 4, 92.00
1575116344, 0, 1284, 1894, 1752, 131, 11.84%, 0, 0, 4, 101.06
1575116354, 0, 1288, 1894, 1751, 131, 11.84%, 0, 0, 4, 105.57
1575116359, 0, 1297, 1894, 1750, 131, 11.84%, 0, 0, 4, 90.28
1575116364, 0, 1297, 1895, 1751, 131, 11.84%, 0, 0, 4, 82.18
1575116374, 0, 1307, 1895, 1750, 130, 11.84%, 0, 0, 4, 93.46
1575116389, 0, 1315, 1908, 1762, 126, 11.85%, 0, 0, 4, 81.47
1575116404, 0, 1318, 1908, 1761, 126, 11.85%, 0, 0, 4, 98.17
1575116409, 0, 1323, 1910, 1762, 124, 11.85%, 0, 0, 4, 104.52
1575116415, 0, 1339, 1910, 1761, 123, 11.85%, 0, 0, 4, 113.52
1575116420, 0, 1346, 1910, 1760, 122, 11.85%, 0, 0, 4, 102.97
1575116425, 0, 1346, 1912, 1762, 122, 11.85%, 0, 0, 4, 93.43
1575116430, 0, 1346, 1927, 1776, 121, 11.87%, 0, 0, 4, 86.59
1575116435, 0, 1369, 1940, 1789, 122, 11.87%, 0, 0, 4, 78.38
1575116450, 0, 1372, 1940, 1788, 121, 11.87%, 0, 0, 4, 72.11
1575116461, 0, 1381, 1941, 1788, 120, 11.87%, 0, 0, 4, 82.90
1575116476, 0, 1388, 1941, 1787, 121, 11.87%, 0, 0, 4, 97.82
1575116491, 0, 1392, 1942, 1787, 120, 11.87%, 0, 0, 4, 90.69
1575116506, 0, 1392, 1957, 1801, 119, 11.90%, 0, 0, 4, 63.03
1575116511, 0, 1401, 1958, 1802, 122, 11.90%, 0, 0, 4, 83.41
1575116516, 0, 1404, 1959, 1802, 122, 11.90%, 0, 0, 4, 80.62
1575116526, 0, 1408, 1959, 1801, 121, 11.90%, 0, 0, 4, 90.37
1575116531, 0, 1408, 1960, 1802, 121, 11.90%, 0, 0, 4, 100.34
1575116542, 0, 1415, 1960, 1801, 121, 11.90%, 0, 0, 4, 93.63
1575116547, 0, 1415, 1961, 1802, 121, 11.90%, 0, 0, 4, 87.30
1575116562, 0, 1419, 1961, 1801, 120, 11.90%, 0, 0, 4, 82.15
1575116572, 0, 1419, 1975, 1814, 119, 11.90%, 0, 0, 4, 82.56
1575116577, 0, 1446, 1976, 1815, 122, 11.90%, 0, 0, 4, 81.97
1575116582, 0, 1447, 1976, 1814, 121, 11.90%, 0, 0, 4, 87.54
1575116587, 0, 1448, 1976, 1813, 120, 11.90%, 0, 0, 4, 102.38
1575116593, 0, 1458, 1976, 1812, 119, 11.90%, 0, 0, 4, 104.64
1575116608, 0, 1462, 1976, 1811, 118, 11.90%, 0, 0, 4, 81.81
1575116623, 0, 1464, 1997, 1831, 121, 11.93%, 0, 0, 4, 88.62
1575116638, 0, 1467, 1997, 1830, 120, 11.93%, 0, 0, 4, 98.43
1575116643, 0, 1468, 1998, 1830, 119, 11.93%, 0, 0, 4, 99.89
1575116649, 0, 1468, 1999, 1831, 119, 11.93%, 0, 0, 4, 99.44
1575116659, 0, 1471, 2001, 1832, 118, 11.93%, 0, 0, 4, 97.92
1575116664, 0, 1475, 2001, 1831, 117, 11.93%, 0, 0, 4, 102.60
1575116674, 0, 1475, 2014, 1843, 116, 11.93%, 0, 0, 4, 81.83
1575116679, 0, 1482, 2027, 1856, 119, 12.00%, 0, 0, 4, 74.48
1575116694, 0, 1483, 2028, 1856, 118, 12.00%, 0, 0, 4, 102.36
1575116705, 0, 1483, 2029, 1857, 118, 12.00%, 0, 0, 4, 92.16
1575116710, 0, 1484, 2029, 1856, 118, 12.00%, 0, 0, 4, 88.64
1575116720, 0, 1501, 2029, 1855, 117, 12.00%, 0, 0, 4, 105.75
1575116725, 0, 1503, 2031, 1856, 118, 12.01%, 0, 0, 4, 102.32
1575116730, 0, 1503, 2033, 1857, 117, 12.01%, 0, 0, 4, 116.67
1575116735, 0, 1508, 2046, 1870, 115, 12.01%, 0, 0, 4, 91.17
1575116740, 0, 1508, 2047, 1871, 115, 12.01%, 0, 0, 4, 86.21
1575116745, 0, 1508, 2049, 1873, 115, 12.01%, 0, 0, 4, 84.63
1575116786, 0, 1508, 2050, 1874, 115, 12.01%, 0, 0, 4, 103.72
1575116811, 0, 1512, 2051, 1874, 114, 12.01%, 0, 0, 4, 103.86
1575116816, 0, 1520, 2052, 1874, 114, 12.01%, 0, 0, 4, 95.10
1575116821, 0, 1522, 2053, 1874, 113, 12.01%, 0, 0, 4, 90.43
1575116826, 0, 1531, 2056, 1875, 111, 12.02%, 0, 0, 4, 92.10
1575116831, 0, 1531, 2081, 1900, 111, 12.04%, 0, 0, 4, 65.54
1575116836, 0, 1531, 2092, 1911, 111, 12.04%, 0, 0, 4, 51.82
1575116842, 0, 1536, 2093, 1912, 119, 12.04%, 0, 0, 4, 88.42
1575116847, 0, 1557, 2093, 1911, 118, 12.04%, 0, 0, 4, 102.52
1575116857, 0, 1559, 2093, 1910, 117, 12.04%, 0, 0, 4, 104.27
1575116862, 0, 1559, 2094, 1911, 117, 12.04%, 0, 0, 4, 102.78
1575116867, 0, 1563, 2094, 1910, 117, 12.04%, 0, 0, 4, 97.05
1575116877, 0, 1566, 2094, 1909, 116, 12.04%, 0, 0, 4, 78.64
1575116887, 0, 1566, 2100, 1914, 115, 12.04%, 0, 0, 4, 80.19
1575116892, 0, 1569, 2106, 1920, 120, 12.05%, 0, 0, 4, 60.13
1575116897, 0, 1569, 2107, 1921, 120, 12.05%, 0, 0, 4, 91.40
1575116902, 0, 1604, 2107, 1920, 119, 12.05%, 0, 0, 4, 104.63
1575116912, 0, 1627, 2107, 1919, 118, 12.05%, 0, 0, 4, 94.19
1575116923, 0, 1632, 2107, 1918, 117, 12.05%, 0, 0, 4, 107.04
1575116928, 0, 1636, 2107, 1917, 116, 12.05%, 0, 0, 4, 96.51
1575116938, 0, 1636, 2109, 1918, 115, 12.05%, 0, 0, 4, 84.85
1575116943, 0, 1645, 2117, 1926, 116, 12.06%, 0, 0, 4, 91.88
1575116948, 0, 1645, 2119, 1928, 116, 12.06%, 0, 0, 4, 112.71
1575116978, 0, 1651, 2119, 1927, 113, 12.06%, 0, 0, 4, 87.84
1575116988, 0, 1651, 2120, 1928, 113, 12.06%, 0, 0, 4, 99.26
1575116994, 0, 1651, 2126, 1934, 113, 12.06%, 0, 0, 4, 86.92
1575116999, 0, 1651, 2129, 1937, 113, 12.07%, 0, 0, 4, 84.81
1575117004, 0, 1656, 2129, 1936, 117, 12.07%, 0, 0, 4, 90.76
1575117009, 0, 1656, 2131, 1938, 117, 12.08%, 0, 0, 4, 92.98
1575117014, 0, 1657, 2131, 1937, 117, 12.08%, 0, 0, 4, 87.78
1575117019, 0, 1657, 2133, 1939, 117, 12.08%, 0, 0, 4, 94.79
1575117039, 0, 1659, 2133, 1938, 116, 12.08%, 0, 0, 4, 85.02
1575117044, 0, 1659, 2135, 1940, 116, 12.08%, 0, 0, 4, 94.52
1575117049, 0, 1659, 2137, 1942, 116, 12.08%, 0, 0, 4, 93.10
1575117054, 0, 1659, 2138, 1943, 116, 12.08%, 0, 0, 4, 103.23
1575117105, 0, 1659, 2139, 1944, 116, 12.08%, 0, 0, 4, 88.85
1575117116, 0, 1659, 2166, 1970, 115, 12.09%, 0, 0, 4, 73.45
1575117121, 0, 1659, 2182, 1986, 115, 12.09%, 0, 0, 4, 56.81
1575117126, 0, 1664, 2187, 1991, 120, 12.10%, 0, 0, 4, 61.22
1575117136, 0, 1681, 2187, 1990, 119, 12.10%, 0, 0, 4, 99.50
1575117146, 0, 1688, 2187, 1989, 118, 12.10%, 0, 0, 4, 110.62
1575117151, 0, 1693, 2187, 1988, 117, 12.10%, 0, 0, 4, 104.58
1575117161, 0, 1693, 2192, 1993, 117, 12.10%, 0, 0, 4, 86.36
1575117166, 0, 1693, 2197, 1998, 117, 12.11%, 0, 0, 4, 89.31
1575117172, 0, 1712, 2197, 1997, 117, 12.11%, 0, 0, 4, 103.47
1575117187, 0, 1712, 2215, 2014, 116, 12.11%, 0, 0, 4, 74.78
1575117192, 0, 1715, 2220, 2019, 119, 12.11%, 0, 0, 4, 93.09
1575117202, 0, 1719, 2220, 2018, 118, 12.11%, 0, 0, 4, 97.89
1575117217, 0, 1720, 2220, 2017, 117, 12.11%, 0, 0, 4, 91.36
1575117227, 0, 1733, 2220, 2016, 116, 12.11%, 0, 0, 4, 95.77
1575117233, 0, 1735, 2221, 2016, 115, 12.11%, 0, 0, 4, 104.22
1575117238, 0, 1735, 2227, 2021, 114, 12.13%, 0, 0, 4, 97.48
1575117243, 0, 1739, 2239, 2033, 119, 12.15%, 0, 0, 4, 61.52
1575117248, 0, 1739, 2240, 2034, 119, 12.15%, 0, 0, 4, 80.86
1575117263, 0, 1744, 2240, 2033, 118, 12.15%, 0, 0, 4, 89.28
1575117273, 0, 1744, 2244, 2037, 118, 12.15%, 0, 0, 4, 96.71
1575117278, 0, 1744, 2247, 2040, 118, 12.15%, 0, 0, 4, 100.31
1575117284, 0, 1748, 2247, 2039, 120, 12.15%, 0, 0, 4, 90.32
1575117294, 0, 1750, 2247, 2038, 119, 12.15%, 0, 0, 4, 93.69
1575117309, 0, 1753, 2247, 2037, 118, 12.15%, 0, 0, 4, 97.60
1575117314, 0, 1753, 2276, 2065, 117, 12.23%, 0, 0, 4, 77.48
1575117319, 0, 1783, 2295, 2084, 123, 12.23%, 0, 0, 4, 87.08
1575117324, 0, 1783, 2296, 2085, 123, 12.23%, 0, 0, 4, 96.01
1575117329, 0, 1783, 2297, 2086, 123, 12.23%, 0, 0, 4, 95.45
1575117339, 0, 1783, 2298, 2087, 123, 12.23%, 0, 0, 4, 88.86
1575117344, 0, 1787, 2298, 2086, 122, 12.23%, 0, 0, 4, 90.31
1575117349, 0, 1794, 2298, 2085, 121, 12.23%, 0, 0, 4, 97.89
1575117359, 0, 1794, 2299, 2086, 121, 12.23%, 0, 0, 4, 92.65
1575117365, 0, 1795, 2299, 2085, 120, 12.23%, 0, 0, 4, 83.11
1575117380, 0, 1808, 2299, 2084, 119, 12.23%, 0, 0, 4, 99.69
1575117390, 0, 1808, 2317, 2101, 118, 12.24%, 0, 0, 4, 22.89
1575117395, 0, 1808, 2337, 2121, 118, 12.26%, 0, 0, 4, 48.10
1575117400, 0, 1816, 2339, 2123, 122, 12.26%, 0, 0, 4, 69.01
1575117410, 0, 1824, 2339, 2122, 121, 12.26%, 0, 0, 4, 94.47
1575117415, 0, 1824, 2340, 2123, 121, 12.26%, 0, 0, 4, 88.82
1575117420, 0, 1824, 2341, 2124, 121, 12.26%, 0, 0, 4, 98.20
1575117425, 0, 1853, 2341, 2122, 120, 12.26%, 0, 0, 4, 96.35
1575117441, 0, 1855, 2341, 2121, 118, 12.26%, 0, 0, 4, 85.76
1575117446, 0, 1855, 2344, 2124, 118, 12.26%, 0, 0, 4, 90.88
1575117451, 0, 1855, 2347, 2127, 118, 12.26%, 0, 0, 4, 104.81
1575117456, 0, 1855, 2353, 2133, 118, 12.27%, 0, 0, 4, 91.28
1575117461, 0, 1855, 2361, 2141, 118, 12.27%, 0, 0, 4, 73.63
1575117466, 0, 1855, 2364, 2144, 118, 12.27%, 0, 0, 4, 86.26
1575117471, 0, 1855, 2386, 2165, 117, 12.29%, 0, 0, 4, 73.60
1575117476, 0, 1855, 2413, 2192, 117, 12.32%, 0, 0, 4, 57.13
1575117481, 0, 1855, 2424, 2203, 117, 12.38%, 0, 0, 4, 53.63
1575117486, 0, 1860, 2429, 2208, 120, 12.39%, 0, 0, 4, 83.17
1575117492, 0, 1869, 2429, 2207, 119, 12.39%, 0, 0, 4, 88.21
1575117502, 0, 1872, 2429, 2206, 118, 12.39%, 0, 0, 4, 92.47
1575117507, 0, 1872, 2430, 2207, 118, 12.39%, 0, 0, 4, 91.74
1575117517, 0, 1878, 2430, 2206, 117, 12.39%, 0, 0, 4, 100.23
1575117522, 0, 1878, 2431, 2207, 117, 12.39%, 0, 0, 4, 100.00
1575117532, 0, 1886, 2431, 2206, 116, 12.39%, 0, 0, 4, 92.12
1575117542, 0, 1886, 2436, 2210, 115, 12.40%, 0, 0, 4, 93.25
1575117548, 0, 1886, 2461, 2235, 115, 12.41%, 0, 0, 4, 63.88
1575117553, 0, 1886, 2470, 2244, 115, 12.41%, 0, 0, 4, 60.82
1575117558, 0, 1892, 2485, 2259, 120, 12.42%, 0, 0, 4, 61.14
1575117563, 0, 1892, 2486, 2260, 120, 12.42%, 0, 0, 4, 86.21
1575117568, 0, 1912, 2486, 2259, 119, 12.42%, 0, 0, 4, 86.97
1575117573, 0, 1912, 2488, 2261, 119, 12.42%, 0, 0, 4, 75.24
1575117578, 0, 1922, 2488, 2260, 118, 12.42%, 0, 0, 4, 68.46
1575117583, 0, 1922, 2489, 2261, 118, 12.42%, 0, 0, 4, 79.02
1575117588, 0, 1924, 2490, 2261, 118, 12.42%, 0, 0, 4, 88.62
1575117593, 0, 1927, 2491, 2261, 118, 12.42%, 0, 0, 4, 88.41
1575117598, 0, 1927, 2498, 2267, 117, 12.43%, 0, 0, 4, 87.62
1575117603, 0, 1927, 2517, 2286, 117, 12.44%, 0, 0, 4, 66.69
1575117608, 0, 1940, 2519, 2288, 125, 12.44%, 0, 0, 4, 81.85
1575117614, 0, 1953, 2519, 2287, 124, 12.44%, 0, 0, 4, 92.10
1575117624, 0, 1958, 2519, 2286, 123, 12.44%, 0, 0, 4, 92.83
1575117629, 0, 1958, 2520, 2287, 123, 12.44%, 0, 0, 4, 82.58
1575117634, 0, 1959, 2520, 2286, 124, 12.44%, 0, 0, 4, 82.43
1575117644, 0, 1959, 2522, 2288, 124, 12.44%, 0, 0, 4, 91.79
1575117649, 0, 1963, 2525, 2289, 124, 12.44%, 0, 0, 4, 91.06
1575117654, 0, 1963, 2539, 2303, 124, 12.45%, 0, 0, 4, 69.04
1575117659, 0, 1964, 2539, 2303, 128, 12.45%, 0, 0, 4, 74.85
1575117664, 0, 1968, 2539, 2302, 127, 12.45%, 0, 0, 4, 97.10
1575117669, 0, 1972, 2541, 2303, 126, 12.45%, 0, 0, 4, 95.71
1575117674, 0, 1972, 2542, 2304, 126, 12.45%, 0, 0, 4, 93.14
1575117699, 0, 1978, 2542, 2303, 128, 12.45%, 0, 0, 4, 101.24
1575117705, 0, 1980, 2543, 2303, 127, 12.45%, 0, 0, 4, 93.10
1575117710, 0, 1980, 2546, 2306, 127, 12.45%, 0, 0, 4, 85.20
1575117715, 0, 1980, 2548, 2308, 127, 12.45%, 0, 0, 4, 80.71
1575117720, 0, 1980, 2549, 2309, 127, 12.45%, 0, 0, 4, 94.80
1575117755, 0, 1980, 2550, 2310, 127, 12.45%, 0, 0, 4, 85.72
1575117760, 0, 1980, 2551, 2311, 127, 12.45%, 0, 0, 4, 85.51
1575117781, 0, 1980, 2552, 2312, 127, 12.45%, 0, 0, 4, 91.10
1575117786, 0, 1980, 2582, 2341, 126, 12.47%, 0, 0, 4, 71.89
1575117791, 0, 1980, 2586, 2345, 126, 12.48%, 0, 0, 4, 66.96
1575117796, 0, 1991, 2586, 2345, 135, 12.48%, 0, 0, 4, 79.15
1575117801, 0, 1995, 2586, 2344, 134, 12.48%, 0, 0, 4, 89.94
1575117811, 0, 2009, 2586, 2343, 133, 12.48%, 0, 0, 4, 100.89
1575117816, 0, 2014, 2586, 2341, 131, 12.48%, 0, 0, 4, 102.41
1575117821, 0, 2014, 2589, 2343, 130, 12.48%, 0, 0, 4, 87.73
1575117826, 0, 2029, 2589, 2343, 130, 12.48%, 0, 0, 4, 101.18
1575117831, 0, 2030, 2589, 2342, 129, 12.48%, 0, 0, 4, 96.69
1575117836, 0, 2032, 2590, 2342, 128, 12.48%, 0, 0, 4, 93.21
1575117842, 0, 2035, 2590, 2341, 127, 12.48%, 0, 0, 4, 101.26
1575117847, 0, 2044, 2590, 2340, 126, 12.48%, 0, 0, 4, 103.10
1575117852, 0, 2044, 2591, 2341, 126, 12.48%, 0, 0, 4, 88.94
1575117862, 0, 2044, 2610, 2359, 125, 12.49%, 0, 0, 4, 64.30
1575117867, 0, 2048, 2611, 2360, 125, 12.49%, 0, 0, 4, 65.60
1575117877, 0, 2048, 2612, 2361, 125, 12.49%, 0, 0, 4, 92.02
1575117882, 0, 2069, 2613, 2361, 124, 12.49%, 0, 0, 4, 93.41
1575117887, 0, 2082, 2614, 2361, 123, 12.49%, 0, 0, 4, 100.08
1575117893, 0, 2082, 2615, 2362, 123, 12.49%, 0, 0, 4, 106.02
1575117898, 0, 2085, 2616, 2362, 123, 12.49%, 0, 0, 4, 104.67
1575117903, 0, 2090, 2616, 2361, 122, 12.49%, 0, 0, 4, 75.89
1575117908, 0, 2090, 2624, 2368, 121, 12.50%, 0, 0, 4, 71.46
1575117913, 0, 2093, 2624, 2368, 121, 12.50%, 0, 0, 4, 75.30
1575117923, 0, 2114, 2625, 2368, 120, 12.50%, 0, 0, 4, 91.90
1575117928, 0, 2114, 2628, 2371, 120, 12.50%, 0, 0, 4, 91.10
1575117934, 0, 2114, 2629, 2372, 120, 12.50%, 0, 0, 4, 101.13
1575117939, 0, 2114, 2631, 2374, 120, 12.50%, 0, 0, 4, 94.84
1575117949, 0, 2114, 2634, 2377, 120, 12.51%, 0, 0, 4, 104.24
1575117959, 0, 2114, 2636, 2379, 120, 12.51%, 0, 0, 4, 89.42
1575117964, 0, 2114, 2637, 2380, 120, 12.51%, 0, 0, 4, 85.39
1575117969, 0, 2114, 2638, 2381, 120, 12.51%, 0, 0, 4, 94.11
1575118015, 0, 2116, 2638, 2380, 123, 12.51%, 0, 0, 4, 87.77
1575118030, 0, 2137, 2638, 2379, 122, 12.51%, 0, 0, 4, 87.61
1575118040, 0, 2140, 2638, 2378, 121, 12.51%, 0, 0, 4, 96.15
1575118055, 0, 2140, 2656, 2395, 120, 12.52%, 0, 0, 4, 76.97
1575118060, 0, 2140, 2686, 2425, 120, 12.53%, 0, 0, 4, 60.87
1575118065, 0, 2140, 2693, 2432, 120, 12.53%, 0, 0, 4, 50.67
1575118071, 0, 2141, 2695, 2434, 124, 12.53%, 0, 0, 4, 75.99
1575118076, 0, 2145, 2695, 2433, 123, 12.53%, 0, 0, 4, 91.36
1575118081, 0, 2146, 2695, 2432, 122, 12.53%, 0, 0, 4, 91.70
1575118086, 0, 2162, 2695, 2431, 121, 12.53%, 0, 0, 4, 99.32
1575118091, 0, 2171, 2696, 2431, 119, 12.53%, 0, 0, 4, 94.32
1575118101, 0, 2171, 2702, 2436, 118, 12.53%, 0, 0, 4, 88.99
1575118106, 0, 2175, 2705, 2439, 118, 12.54%, 0, 0, 4, 87.74
1575118117, 0, 2184, 2705, 2438, 117, 12.54%, 0, 0, 4, 90.15
1575118127, 0, 2204, 2705, 2437, 116, 12.54%, 0, 0, 4, 98.76
1575118132, 0, 2206, 2705, 2436, 115, 12.54%, 0, 0, 4, 89.73
1575118147, 0, 2213, 2705, 2435, 114, 12.54%, 0, 0, 4, 92.99
1575118152, 0, 2227, 2718, 2447, 113, 12.55%, 0, 0, 4, 84.09
1575118167, 0, 2239, 2719, 2447, 112, 12.55%, 0, 0, 4, 81.75
1575118177, 0, 2245, 2719, 2446, 113, 12.55%, 0, 0, 4, 86.53
1575118187, 0, 2257, 2719, 2445, 112, 12.55%, 0, 0, 4, 91.92
1575118197, 0, 2262, 2720, 2445, 111, 12.55%, 0, 0, 4, 98.27
1575118208, 0, 2262, 2735, 2459, 110, 12.60%, 0, 0, 4, 73.11
1575118213, 0, 2267, 2746, 2470, 112, 12.60%, 0, 0, 4, 62.64
1575118223, 0, 2271, 2746, 2469, 111, 12.60%, 0, 0, 4, 94.61
1575118228, 0, 2271, 2747, 2470, 111, 12.60%, 0, 0, 4, 107.64
1575118233, 0, 2275, 2747, 2469, 111, 12.60%, 0, 0, 4, 102.52
1575118243, 0, 2278, 2747, 2468, 110, 12.60%, 0, 0, 4, 92.82
1575118253, 0, 2284, 2747, 2467, 109, 12.60%, 0, 0, 4, 106.27
1575118259, 0, 2284, 2758, 2477, 108, 12.60%, 0, 0, 4, 87.07
1575118264, 0, 2284, 2782, 2501, 108, 12.60%, 0, 0, 4, 64.76
1575118269, 0, 2292, 2787, 2506, 118, 12.60%, 0, 0, 4, 74.60
1575118274, 0, 2292, 2789, 2508, 118, 12.60%, 0, 0, 4, 83.97
1575118279, 0, 2292, 2790, 2509, 118, 12.60%, 0, 0, 4, 94.60
1575118294, 0, 2292, 2791, 2510, 118, 12.60%, 0, 0, 4, 87.20
1575118299, 0, 2292, 2792, 2511, 118, 12.60%, 0, 0, 4, 95.31
1575118310, 0, 2292, 2794, 2513, 118, 12.61%, 0, 0, 4, 91.64
1575118320, 0, 2292, 2795, 2514, 118, 12.61%, 0, 0, 4, 92.01
1575118340, 0, 2292, 2799, 2518, 118, 12.61%, 0, 0, 4, 87.80
1575118345, 0, 2292, 2800, 2519, 118, 12.61%, 0, 0, 4, 82.34
1575118350, 0, 2295, 2800, 2518, 118, 12.61%, 0, 0, 4, 99.25
1575118365, 0, 2307, 2802, 2519, 117, 12.61%, 0, 0, 4, 95.70
1575118375, 0, 2309, 2802, 2518, 116, 12.61%, 0, 0, 4, 96.15
1575118386, 0, 2309, 2803, 2519, 116, 12.61%, 0, 0, 4, 99.48
1575118391, 0, 2328, 2803, 2518, 115, 12.61%, 0, 0, 4, 102.98
1575118401, 0, 2328, 2817, 2531, 114, 12.62%, 0, 0, 4, 74.19
1575118406, 0, 2328, 2842, 2556, 114, 12.63%, 0, 0, 4, 54.62
1575118411, 0, 2328, 2869, 2583, 114, 12.63%, 0, 0, 4, 54.60
1575118416, 0, 2328, 2892, 2606, 114, 12.64%, 0, 0, 4, 53.00
1575118422, 0, 2328, 2906, 2620, 114, 12.65%, 0, 0, 4, 49.53
1575118427, 0, 2328, 2914, 2628, 114, 12.65%, 0, 0, 4, 53.74
1575118432, 0, 2367, 2914, 2628, 122, 12.65%, 0, 0, 4, 70.14
1575118442, 0, 2367, 2918, 2632, 122, 12.65%, 0, 0, 4, 87.30
1575118452, 0, 2380, 2919, 2632, 122, 12.65%, 0, 0, 4, 84.99
1575118468, 0, 2381, 2919, 2631, 121, 12.65%, 0, 0, 4, 89.98
1575118478, 0, 2382, 2919, 2630, 120, 12.65%, 0, 0, 4, 85.71
1575118483, 0, 2382, 2922, 2633, 120, 12.65%, 0, 0, 4, 92.39
1575118488, 0, 2382, 2924, 2635, 120, 12.65%, 0, 0, 4, 98.89
1575118493, 0, 2382, 2925, 2636, 120, 12.65%, 0, 0, 4, 82.11
1575118508, 0, 2382, 2926, 2637, 120, 12.65%, 0, 0, 4, 87.89
1575118513, 0, 2382, 2928, 2639, 120, 12.65%, 0, 0, 4, 93.08
1575118518, 0, 2382, 2929, 2640, 120, 12.65%, 0, 0, 4, 88.68
1575118523, 0, 2382, 2931, 2642, 120, 12.65%, 0, 0, 4, 94.81
1575118538, 0, 2382, 2932, 2643, 120, 12.65%, 0, 0, 4, 90.47
1575118553, 0, 2382, 2933, 2644, 120, 12.65%, 0, 0, 4, 89.27
1575118559, 0, 2389, 2933, 2643, 119, 12.65%, 0, 0, 4, 93.24
1575118564, 0, 2389, 2935, 2645, 119, 12.65%, 0, 0, 4, 92.76
1575118569, 0, 2389, 2938, 2648, 119, 12.66%, 0, 0, 4, 81.58
1575118574, 0, 2389, 2941, 2651, 119, 12.66%, 0, 0, 4, 80.22
1575118579, 0, 2389, 2949, 2658, 118, 12.66%, 0, 0, 4, 84.38
1575118584, 0, 2389, 2975, 2684, 118, 12.67%, 0, 0, 4, 58.44
1575118589, 0, 2389, 2998, 2707, 118, 12.67%, 0, 0, 4, 52.87
1575118594, 0, 2389, 3021, 2730, 118, 12.70%, 0, 0, 4, 44.28
1575118600, 0, 2389, 3038, 2747, 118, 12.70%, 0, 0, 4, 40.63
1575118605, 0, 2389, 3056, 2765, 118, 12.73%, 0, 0, 4, 40.55
1575118610, 0, 2389, 3072, 2781, 118, 12.77%, 0, 0, 4, 38.22
1575118615, 0, 2389, 3086, 2795, 118, 12.77%, 0, 0, 4, 39.25
1575118620, 0, 2389, 3101, 2810, 118, 12.77%, 0, 0, 4, 41.65
1575118625, 0, 2389, 3107, 2816, 118, 12.77%, 0, 0, 4, 45.52
1575118630, 0, 2389, 3114, 2823, 118, 12.77%, 0, 0, 4, 42.23
1575118636, 0, 2397, 3117, 2826, 117, 12.77%, 0, 0, 4, 61.28
1575118646, 0, 2408, 3117, 2825, 116, 12.77%, 0, 0, 4, 103.04
1575118656, 0, 2420, 3118, 2825, 114, 12.77%, 0, 0, 4, 83.09
1575118661, 0, 2420, 3125, 2832, 114, 12.77%, 0, 0, 4, 79.25
1575118666, 0, 2420, 3128, 2835, 114, 12.78%, 0, 0, 4, 79.87
1575118671, 0, 2420, 3135, 2842, 114, 12.78%, 0, 0, 4, 79.28
1575118676, 0, 2427, 3135, 2841, 112, 12.78%, 0, 0, 4, 85.47
1575118687, 0, 2436, 3136, 2841, 111, 12.78%, 0, 0, 4, 96.51
1575118702, 0, 2436, 3138, 2842, 110, 12.78%, 0, 0, 4, 61.01
1575118707, 0, 2436, 3152, 2856, 110, 12.78%, 0, 0, 4, 52.92
1575118712, 0, 2436, 3166, 2870, 110, 12.79%, 0, 0, 4, 52.11
1575118717, 0, 2436, 3180, 2884, 110, 12.79%, 0, 0, 4, 47.23
1575118722, 0, 2445, 3183, 2887, 116, 12.79%, 0, 0, 4, 82.21
1575118727, 0, 2448, 3185, 2888, 115, 12.80%, 0, 0, 4, 89.63
1575118733, 0, 2448, 3186, 2889, 115, 12.80%, 0, 0, 4, 94.42
1575118753, 0, 2449, 3187, 2889, 114, 12.80%, 0, 0, 4, 98.63
1575118763, 0, 2449, 3188, 2890, 114, 12.80%, 0, 0, 4, 104.68
1575118768, 0, 2457, 3188, 2889, 113, 12.80%, 0, 0, 4, 109.44
1575118774, 0, 2471, 3188, 2888, 112, 12.80%, 0, 0, 4, 91.38
1575118779, 0, 2471, 3190, 2890, 112, 12.80%, 0, 0, 4, 91.25
1575118784, 0, 2471, 3191, 2891, 112, 12.80%, 0, 0, 4, 89.45
1575118794, 0, 2471, 3192, 2892, 112, 12.80%, 0, 0, 4, 88.31
1575118809, 0, 2471, 3194, 2894, 112, 12.80%, 0, 0, 4, 90.00
1575118824, 0, 2471, 3195, 2895, 112, 12.80%, 0, 0, 4, 92.98
1575118855, 0, 2471, 3217, 2916, 111, 12.80%, 0, 0, 4, 72.78
1575118860, 0, 2471, 3237, 2936, 111, 12.80%, 0, 0, 4, 54.12
1575118865, 0, 2471, 3249, 2948, 111, 12.80%, 0, 0, 4, 44.75
1575118870, 0, 2471, 3254, 2953, 111, 12.80%, 0, 0, 4, 49.75
1575118875, 0, 2489, 3254, 2953, 114, 12.80%, 0, 0, 4, 69.83
1575118880, 0, 2493, 3254, 2952, 113, 12.80%, 0, 0, 4, 89.61
1575118891, 0, 2495, 3255, 2952, 112, 12.81%, 0, 0, 4, 88.61
1575118901, 0, 2497, 3255, 2951, 112, 12.81%, 0, 0, 4, 87.99
1575118906, 0, 2497, 3256, 2952, 112, 12.81%, 0, 0, 4, 87.69
1575118911, 0, 2504, 3256, 2951, 111, 12.81%, 0, 0, 4, 95.06
1575118916, 0, 2504, 3260, 2954, 110, 12.81%, 0, 0, 4, 79.76
1575118921, 0, 2504, 3278, 2972, 110, 12.82%, 0, 0, 4, 54.34
1575118926, 0, 2513, 3280, 2974, 111, 12.82%, 0, 0, 4, 74.73
1575118931, 0, 2517, 3280, 2973, 110, 12.82%, 0, 0, 4, 96.63
1575118941, 0, 2526, 3280, 2972, 109, 12.82%, 0, 0, 4, 93.25
1575118957, 0, 2527, 3280, 2971, 108, 12.82%, 0, 0, 4, 101.43
1575118967, 0, 2532, 3280, 2970, 107, 12.82%, 0, 0, 4, 93.89
1575118977, 0, 2532, 3299, 2988, 106, 12.82%, 0, 0, 4, 55.08
1575118982, 0, 2532, 3313, 3002, 106, 12.82%, 0, 0, 4, 44.81
1575118987, 0, 2532, 3321, 3010, 106, 12.84%, 0, 0, 4, 43.43
1575118992, 0, 2536, 3324, 3013, 109, 12.84%, 0, 0, 4, 63.86
1575119002, 0, 2539, 3324, 3012, 109, 12.84%, 0, 0, 4, 82.99
1575119007, 0, 2540, 3324, 3011, 108, 12.84%, 0, 0, 4, 97.41
1575119018, 0, 2541, 3324, 3010, 107, 12.84%, 0, 0, 4, 95.75
1575119023, 0, 2541, 3325, 3011, 107, 12.84%, 0, 0, 4, 87.50
1575119028, 0, 2546, 3325, 3010, 106, 12.84%, 0, 0, 4, 84.32
1575119038, 0, 2546, 3326, 3011, 106, 12.84%, 0, 0, 4, 94.11
1575119043, 0, 2546, 3345, 3029, 105, 12.86%, 0, 0, 4, 55.83
1575119048, 0, 2546, 3363, 3047, 105, 12.87%, 0, 0, 4, 38.61
1575119053, 0, 2546, 3366, 3050, 105, 12.87%, 0, 0, 4, 32.45
1575119059, 0, 2547, 3367, 3051, 108, 12.87%, 0, 0, 4, 32.79
1575119064, 0, 2547, 3368, 3052, 108, 12.87%, 0, 0, 4, 71.44
1575119079, 0, 2555, 3368, 3051, 107, 12.87%, 0, 0, 4, 92.69
1575119084, 0, 2565, 3368, 3050, 106, 12.87%, 0, 0, 4, 92.64
1575119089, 0, 2573, 3369, 3050, 105, 12.87%, 0, 0, 4, 90.90
1575119099, 0, 2575, 3369, 3049, 106, 12.87%, 0, 0, 4, 92.38
1575119104, 0, 2575, 3380, 3059, 105, 12.88%, 0, 0, 4, 75.07
1575119109, 0, 2576, 3380, 3059, 106, 12.88%, 0, 0, 4, 88.32
1575119115, 0, 2584, 3380, 3058, 105, 12.88%, 0, 0, 4, 88.59
1575119125, 0, 2588, 3380, 3057, 104, 12.88%, 0, 0, 4, 98.22
1575119135, 0, 2589, 3380, 3056, 103, 12.88%, 0, 0, 4, 101.01
1575119140, 0, 2600, 3380, 3055, 103, 12.88%, 0, 0, 4, 103.09
1575119150, 0, 2602, 3385, 3059, 103, 12.88%, 0, 0, 4, 80.60
1575119160, 0, 2613, 3385, 3058, 102, 12.88%, 0, 0, 4, 93.04
1575119165, 0, 2627, 3385, 3057, 101, 12.88%, 0, 0, 4, 101.54
1575119181, 0, 2630, 3385, 3056, 100, 12.88%, 0, 0, 4, 85.41
1575119191, 0, 2639, 3385, 3055, 99, 12.88%, 0, 0, 4, 98.33
1575119196, 0, 2639, 3393, 3062, 98, 12.88%, 0, 0, 4, 69.25
1575119201, 0, 2656, 3404, 3073, 99, 12.88%, 0, 0, 4, 73.59
1575119206, 0, 2656, 3406, 3075, 99, 12.88%, 0, 0, 4, 85.66
1575119211, 0, 2656, 3407, 3076, 99, 12.88%, 0, 0, 4, 95.57
1575119227, 0, 2656, 3408, 3077, 99, 12.88%, 0, 0, 4, 106.76
1575119272, 0, 2666, 3408, 3076, 98, 12.88%, 0, 0, 4, 102.20
1575119283, 0, 2668, 3408, 3075, 97, 12.88%, 0, 0, 4, 77.99
1575119298, 0, 2682, 3409, 3075, 96, 12.88%, 0, 0, 4, 104.16
1575119303, 0, 2696, 3409, 3074, 96, 12.88%, 0, 0, 4, 100.60
1575119318, 0, 2696, 3424, 3088, 95, 12.90%, 0, 0, 4, 57.00
1575119323, 0, 2696, 3445, 3109, 95, 12.90%, 0, 0, 4, 45.14
1575119328, 0, 2696, 3461, 3125, 95, 12.90%, 0, 0, 4, 39.51
1575119333, 0, 2696, 3466, 3130, 95, 12.90%, 0, 0, 4, 39.91
1575119338, 0, 2708, 3468, 3132, 96, 12.90%, 0, 0, 4, 55.32
1575119349, 0, 2709, 3468, 3131, 95, 12.90%, 0, 0, 4, 91.54
1575119359, 0, 2710, 3468, 3130, 94, 12.90%, 0, 0, 4, 92.61
1575119369, 0, 2712, 3468, 3129, 93, 12.90%, 0, 0, 4, 85.87
1575119374, 0, 2712, 3471, 3132, 93, 12.90%, 0, 0, 4, 75.46
1575119379, 0, 2712, 3475, 3136, 93, 12.90%, 0, 0, 4, 76.70
1575119384, 0, 2712, 3481, 3142, 93, 12.90%, 0, 0, 4, 74.45
1575119394, 0, 2713, 3482, 3142, 93, 12.91%, 0, 0, 4, 89.50
1575119399, 0, 2713, 3484, 3143, 92, 12.91%, 0, 0, 4, 96.99
1575119404, 0, 2713, 3500, 3159, 92, 12.92%, 0, 0, 4, 57.32
1575119409, 0, 2720, 3500, 3159, 93, 12.92%, 0, 0, 4, 71.17
1575119420, 0, 2721, 3500, 3158, 92, 12.92%, 0, 0, 4, 84.15
1575119435, 0, 2729, 3500, 3157, 91, 12.92%, 0, 0, 4, 99.39
1575119445, 0, 2729, 3506, 3163, 91, 12.92%, 0, 0, 4, 76.29
1575119450, 0, 2729, 3509, 3166, 91, 12.92%, 0, 0, 4, 71.60
1575119455, 0, 2729, 3512, 3169, 91, 12.92%, 0, 0, 4, 86.04
1575119460, 0, 2738, 3512, 3168, 92, 12.92%, 0, 0, 4, 94.40
1575119465, 0, 2748, 3512, 3167, 92, 12.92%, 0, 0, 4, 92.80
1575119470, 0, 2748, 3517, 3171, 91, 12.92%, 0, 0, 4, 73.83
1575119475, 0, 2748, 3532, 3186, 91, 12.92%, 0, 0, 4, 45.71
1575119481, 0, 2748, 3542, 3196, 91, 12.93%, 0, 0, 4, 41.09
1575119486, 0, 2758, 3545, 3199, 94, 12.93%, 0, 0, 4, 80.21
1575119496, 0, 2761, 3545, 3198, 93, 12.93%, 0, 0, 4, 79.74
1575119506, 0, 2770, 3545, 3197, 92, 12.93%, 0, 0, 4, 87.93
1575119511, 0, 2770, 3546, 3198, 92, 12.93%, 0, 0, 4, 96.05
1575119526, 0, 2801, 3546, 3197, 91, 12.93%, 0, 0, 4, 99.04
1575119531, 0, 2826, 3546, 3196, 90, 12.93%, 0, 0, 4, 102.86
1575119536, 0, 2826, 3547, 3197, 90, 12.93%, 0, 0, 4, 105.29
1575119541, 0, 2826, 3550, 3199, 89, 12.93%, 0, 0, 4, 79.18
1575119547, 0, 2826, 3562, 3211, 89, 12.93%, 0, 0, 4, 42.85
1575119552, 0, 2826, 3575, 3224, 89, 12.93%, 0, 0, 4, 35.05
1575119557, 0, 2826, 3586, 3235, 89, 12.93%, 0, 0, 4, 33.63
1575119562, 0, 2861, 3591, 3240, 89, 12.93%, 0, 0, 4, 67.48
1575119567, 0, 2861, 3593, 3242, 89, 12.93%, 0, 0, 4, 97.80
1575119572, 0, 2869, 3593, 3241, 88, 12.93%, 0, 0, 4, 101.24
1575119582, 0, 2870, 3593, 3240, 87, 12.93%, 0, 0, 4, 83.16
1575119598, 0, 2876, 3593, 3239, 86, 12.93%, 0, 0, 4, 71.59
1575119603, 0, 2876, 3594, 3240, 86, 12.93%, 0, 0, 4, 82.79
1575119618, 0, 2934, 3594, 3239, 85, 12.93%, 0, 0, 4, 90.06
1575119623, 0, 2934, 3595, 3240, 85, 12.93%, 0, 0, 4, 96.41
1575119628, 0, 2934, 3606, 3250, 84, 12.94%, 0, 0, 4, 73.00
1575119633, 0, 2934, 3628, 3272, 84, 12.94%, 0, 0, 4, 50.02
1575119638, 0, 2934, 3632, 3276, 84, 12.94%, 0, 0, 4, 43.98
1575119643, 0, 2947, 3632, 3276, 89, 12.94%, 0, 0, 4, 55.74
1575119659, 0, 2991, 3633, 3276, 88, 12.94%, 0, 0, 4, 75.25
1575119669, 0, 2993, 3634, 3276, 87, 12.94%, 0, 0, 4, 71.94
1575119679, 0, 2993, 3636, 3278, 87, 12.94%, 0, 0, 4, 88.38
1575119684, 0, 3002, 3637, 3278, 87, 12.94%, 0, 0, 4, 92.95
1575119699, 0, 3032, 3637, 3277, 87, 12.94%, 0, 0, 4, 97.15
1575119704, 0, 3032, 3638, 3278, 87, 12.94%, 0, 0, 4, 106.36
1575119714, 0, 3032, 3648, 3287, 86, 12.95%, 0, 0, 4, 90.41
1575119719, 0, 3035, 3656, 3295, 89, 12.95%, 0, 0, 4, 61.67
1575119730, 0, 3045, 3656, 3294, 88, 12.95%, 0, 0, 4, 98.29
1575119740, 0, 3055, 3656, 3293, 87, 12.95%, 0, 0, 4, 104.82
1575119745, 0, 3055, 3658, 3295, 87, 12.99%, 0, 0, 4, 102.69
1575119760, 0, 3070, 3658, 3294, 87, 12.99%, 0, 0, 4, 64.57
1575119770, 0, 3109, 3658, 3293, 86, 12.99%, 0, 0, 4, 92.25
1575119775, 0, 3109, 3663, 3297, 85, 12.99%, 0, 0, 4, 82.40
1575119780, 0, 3109, 3679, 3313, 85, 13.00%, 0, 0, 4, 48.93
1575119785, 0, 3109, 3685, 3319, 85, 13.00%, 0, 0, 4, 41.00
1575119790, 0, 3117, 3692, 3326, 87, 13.00%, 0, 0, 4, 66.31
1575119801, 0, 3125, 3692, 3325, 86, 13.00%, 0, 0, 4, 83.11
1575119816, 0, 3155, 3692, 3324, 85, 13.00%, 0, 0, 4, 101.31
1575119821, 0, 3158, 3692, 3323, 84, 13.00%, 0, 0, 4, 104.26
1575119826, 0, 3166, 3692, 3322, 83, 13.00%, 0, 0, 4, 98.20
1575119831, 0, 3166, 3695, 3324, 82, 13.00%, 0, 0, 4, 82.42
1575119836, 0, 3166, 3708, 3337, 82, 13.00%, 0, 0, 4, 50.27
1575119846, 0, 3166, 3718, 3347, 82, 13.01%, 0, 0, 4, 41.21
1575119852, 0, 3169, 3725, 3354, 84, 13.01%, 0, 0, 4, 78.93
1575119867, 0, 3172, 3725, 3353, 83, 13.01%, 0, 0, 4, 96.15
1575119872, 0, 3183, 3725, 3352, 82, 13.01%, 0, 0, 4, 96.68
1575119877, 0, 3185, 3725, 3351, 81, 13.01%, 0, 0, 4, 89.91
1575119882, 0, 3185, 3726, 3352, 81, 13.01%, 0, 0, 4, 94.99
1575119887, 0, 3196, 3727, 3352, 80, 13.01%, 0, 0, 4, 101.17
1575119897, 0, 3196, 3743, 3367, 79, 13.01%, 0, 0, 4, 57.33
1575119903, 0, 3196, 3753, 3377, 79, 13.01%, 0, 0, 4, 45.96
1575119908, 0, 3196, 3757, 3381, 79, 13.01%, 0, 0, 4, 48.79
1575119913, 0, 3205, 3758, 3382, 85, 13.01%, 0, 0, 4, 70.55
1575119918, 0, 3205, 3759, 3383, 85, 13.01%, 0, 0, 4, 94.67
1575119923, 0, 3213, 3759, 3382, 85, 13.01%, 0, 0, 4, 85.57
1575119933, 0, 3228, 3759, 3381, 84, 13.01%, 0, 0, 4, 91.86
1575119938, 0, 3232, 3759, 3380, 83, 13.01%, 0, 0, 4, 47.82
1575119948, 0, 3253, 3759, 3379, 82, 13.01%, 0, 0, 4, 84.91
1575119964, 0, 3253, 3771, 3390, 81, 13.08%, 0, 0, 4, 59.33
1575119969, 0, 3254, 3771, 3390, 81, 13.08%, 0, 0, 4, 93.55
1575119974, 0, 3261, 3771, 3389, 80, 13.08%, 0, 0, 4, 88.69
1575119979, 0, 3261, 3773, 3391, 80, 13.08%, 0, 0, 4, 101.98
1575119989, 0, 3261, 3774, 3392, 80, 13.08%, 0, 0, 4, 102.09
1575119999, 0, 3261, 3775, 3393, 80, 13.08%, 0, 0, 4, 94.04
1575120025, 0, 3261, 3776, 3394, 80, 13.08%, 0, 0, 4, 93.69
1575120045, 0, 3265, 3776, 3393, 81, 13.08%, 0, 0, 4, 98.79
1575120060, 0, 3268, 3776, 3392, 80, 13.08%, 0, 0, 4, 81.37
1575120075, 0, 3276, 3776, 3391, 79, 13.08%, 0, 0, 4, 92.76
1575120080, 0, 3276, 3789, 3403, 78, 13.09%, 0, 0, 4, 65.96
1575120086, 0, 3276, 3805, 3419, 78, 13.09%, 0, 0, 4, 43.48
1575120091, 0, 3276, 3813, 3427, 78, 13.10%, 0, 0, 4, 40.40
1575120096, 0, 3279, 3816, 3430, 83, 13.10%, 0, 0, 4, 64.76
1575120106, 0, 3328, 3816, 3429, 82, 13.10%, 0, 0, 4, 68.38
1575120111, 0, 3328, 3817, 3430, 82, 13.10%, 0, 0, 4, 79.03
1575120116, 0, 3328, 3819, 3432, 82, 13.10%, 0, 0, 4, 78.43
1575120121, 0, 3341, 3819, 3431, 81, 13.10%, 0, 0, 4, 69.11
1575120127, 0, 3341, 3820, 3432, 81, 13.10%, 0, 0, 4, 75.65
1575120137, 0, 3342, 3820, 3431, 81, 13.10%, 0, 0, 4, 69.34
1575120147, 0, 3342, 3821, 3432, 81, 13.10%, 0, 0, 4, 82.87
1575120152, 0, 3344, 3821, 3431, 81, 13.10%, 0, 0, 4, 66.17
1575120162, 0, 3344, 3824, 3434, 81, 13.10%, 0, 0, 4, 79.23
1575120167, 0, 3344, 3833, 3442, 80, 13.10%, 0, 0, 4, 51.80
1575120172, 0, 3344, 3844, 3453, 80, 13.11%, 0, 0, 4, 33.90
1575120177, 0, 3344, 3856, 3465, 80, 13.11%, 0, 0, 4, 32.14
1575120183, 0, 3348, 3868, 3477, 79, 13.11%, 0, 0, 4, 27.09
1575120198, 0, 3349, 3868, 3476, 79, 13.11%, 0, 0, 4, 93.97
1575120208, 0, 3358, 3868, 3475, 78, 13.11%, 0, 0, 4, 66.12
1575120213, 0, 3358, 3870, 3477, 78, 13.11%, 0, 0, 4, 81.74
1575120218, 0, 3368, 3870, 3476, 77, 13.11%, 0, 0, 4, 104.01
1575120223, 0, 3370, 3870, 3475, 76, 13.11%, 0, 0, 4, 96.27
1575120234, 0, 3370, 3876, 3480, 75, 13.11%, 0, 0, 4, 48.98
1575120239, 0, 3370, 3885, 3489, 75, 13.12%, 0, 0, 4, 31.33
1575120244, 0, 3370, 3892, 3496, 75, 13.12%, 0, 0, 4, 28.26
1575120249, 0, 3381, 3896, 3500, 77, 13.12%, 0, 0, 4, 56.05
1575120259, 0, 3383, 3897, 3500, 76, 13.12%, 0, 0, 4, 75.64
1575120274, 0, 3385, 3898, 3500, 75, 13.12%, 0, 0, 4, 99.90
1575120280, 0, 3385, 3901, 3503, 75, 13.12%, 0, 0, 4, 84.00
1575120285, 0, 3385, 3903, 3505, 75, 13.12%, 0, 0, 4, 77.81
1575120315, 0, 3385, 3904, 3506, 75, 13.12%, 0, 0, 4, 85.66
1575120330, 0, 3385, 3905, 3507, 75, 13.12%, 0, 0, 4, 79.97
1575120345, 0, 3385, 3906, 3508, 75, 13.12%, 0, 0, 4, 86.71
1575120371, 0, 3385, 3907, 3509, 75, 13.12%, 0, 0, 4, 79.80
1575120376, 0, 3385, 3908, 3510, 75, 13.12%, 0, 0, 4, 83.88
1575120381, 0, 3389, 3909, 3510, 76, 13.12%, 0, 0, 4, 71.04
1575120386, 0, 3389, 3910, 3511, 76, 13.12%, 0, 0, 4, 81.44
1575120396, 0, 3430, 3910, 3510, 75, 13.12%, 0, 0, 4, 98.70
1575120406, 0, 3430, 3916, 3515, 74, 13.12%, 0, 0, 4, 65.52
1575120411, 0, 3430, 3931, 3530, 74, 13.18%, 0, 0, 4, 39.40
1575120417, 0, 3430, 3942, 3541, 74, 13.18%, 0, 0, 4, 34.56
1575120422, 0, 3430, 3951, 3550, 74, 13.18%, 0, 0, 4, 33.50
1575120427, 0, 3430, 3953, 3552, 74, 13.18%, 0, 0, 4, 33.84
1575120432, 0, 3456, 3956, 3555, 77, 13.18%, 0, 0, 4, 36.02
1575120447, 0, 3458, 3956, 3554, 76, 13.18%, 0, 0, 4, 82.53
1575120452, 0, 3472, 3956, 3553, 75, 13.18%, 0, 0, 4, 101.42
1575120468, 0, 3477, 3957, 3553, 74, 13.18%, 0, 0, 4, 59.30
1575120473, 0, 3477, 3958, 3554, 74, 13.18%, 0, 0, 4, 70.10
1575120483, 0, 3479, 3958, 3553, 73, 13.18%, 0, 0, 4, 70.53
1575120488, 0, 3479, 3960, 3555, 73, 13.18%, 0, 0, 4, 68.23
1575120493, 0, 3479, 3961, 3556, 73, 13.18%, 0, 0, 4, 75.35
1575120504, 0, 3479, 3962, 3557, 73, 13.18%, 0, 0, 4, 80.81
1575120514, 0, 3479, 3963, 3558, 73, 13.18%, 0, 0, 4, 86.98
1575120519, 0, 3479, 3964, 3559, 73, 13.18%, 0, 0, 4, 93.32
1575120529, 0, 3479, 3965, 3560, 73, 13.18%, 0, 0, 4, 80.63
1575120545, 0, 3479, 3966, 3561, 73, 13.18%, 0, 0, 4, 85.88
1575120555, 0, 3479, 3967, 3562, 73, 13.18%, 0, 0, 4, 79.51
1575120560, 0, 3479, 3968, 3563, 73, 13.18%, 0, 0, 4, 91.51
1575120565, 0, 3479, 3979, 3573, 73, 13.18%, 0, 0, 4, 57.98
1575120570, 0, 3479, 3994, 3588, 73, 13.18%, 0, 0, 4, 38.16
1575120575, 0, 3479, 4010, 3604, 73, 13.18%, 0, 0, 4, 33.62
1575120580, 0, 3479, 4016, 3610, 73, 13.18%, 0, 0, 4, 33.28
1575120586, 0, 3481, 4017, 3611, 75, 13.18%, 0, 0, 4, 63.81
1575120596, 0, 3483, 4017, 3610, 74, 13.18%, 0, 0, 4, 65.83
1575120611, 0, 3516, 4017, 3609, 73, 13.18%, 0, 0, 4, 62.79
1575120621, 0, 3517, 4017, 3608, 72, 13.18%, 0, 0, 4, 83.96
1575120632, 0, 3523, 4017, 3607, 71, 13.18%, 0, 0, 4, 71.59
1575120637, 0, 3523, 4018, 3608, 71, 13.18%, 0, 0, 4, 82.56
1575120647, 0, 3523, 4021, 3610, 70, 13.18%, 0, 0, 4, 63.34
1575120652, 0, 3523, 4030, 3619, 70, 13.19%, 0, 0, 4, 34.56
1575120657, 0, 3527, 4033, 3622, 72, 13.19%, 0, 0, 4, 65.94
1575120672, 0, 3536, 4033, 3621, 71, 13.19%, 0, 0, 4, 75.45
1575120688, 0, 3558, 4033, 3620, 70, 13.19%, 0, 0, 4, 73.44
1575120693, 0, 3571, 4033, 3619, 69, 13.19%, 0, 0, 4, 75.51
1575120708, 0, 3578, 4033, 3618, 68, 13.19%, 0, 0, 4, 80.45
1575120718, 0, 3578, 4042, 3626, 67, 13.20%, 0, 0, 4, 57.66
1575120723, 0, 3597, 4055, 3639, 69, 13.20%, 0, 0, 4, 42.86
1575120739, 0, 3606, 4055, 3638, 68, 13.20%, 0, 0, 4, 91.32
1575120749, 0, 3608, 4055, 3637, 67, 13.20%, 0, 0, 4, 82.13
1575120759, 0, 3614, 4056, 3637, 66, 13.20%, 0, 0, 4, 88.72
1575120774, 0, 3615, 4056, 3636, 65, 13.20%, 0, 0, 4, 73.44
1575120790, 0, 3615, 4072, 3651, 65, 13.20%, 0, 0, 4, 60.39
1575120795, 0, 3630, 4074, 3653, 67, 13.20%, 0, 0, 4, 62.52
1575120805, 0, 3631, 4074, 3652, 66, 13.20%, 0, 0, 4, 103.71
1575120820, 0, 3635, 4074, 3651, 65, 13.20%, 0, 0, 4, 84.23
1575120835, 0, 3636, 4074, 3650, 64, 13.20%, 0, 0, 4, 83.07
1575120846, 0, 3639, 4074, 3649, 63, 13.20%, 0, 0, 4, 91.25
1575120856, 0, 3639, 4083, 3657, 62, 13.20%, 0, 0, 4, 64.23
1575120861, 0, 3641, 4088, 3662, 64, 13.20%, 0, 0, 4, 61.42
1575120871, 0, 3645, 4088, 3661, 63, 13.20%, 0, 0, 4, 68.64
1575120876, 0, 3645, 4089, 3662, 63, 13.20%, 0, 0, 4, 86.35
1575120886, 0, 3645, 4090, 3663, 63, 13.20%, 0, 0, 4, 86.16
1575120891, 0, 3646, 4090, 3662, 63, 13.20%, 0, 0, 4, 81.85
1575120902, 0, 3647, 4090, 3661, 62, 13.20%, 0, 0, 4, 75.75
1575120912, 0, 3651, 4090, 3660, 61, 13.20%, 0, 0, 4, 70.13
1575120927, 0, 3651, 4104, 3673, 60, 13.20%, 0, 0, 4, 57.65
1575120932, 0, 3657, 4114, 3683, 63, 13.26%, 0, 0, 4, 67.72
1575120942, 0, 3670, 4114, 3682, 62, 13.26%, 0, 0, 4, 72.12
1575120957, 0, 3677, 4114, 3681, 61, 13.26%, 0, 0, 4, 81.03
1575120973, 0, 3689, 4114, 3680, 60, 13.26%, 0, 0, 4, 96.98
1575120978, 0, 3709, 4114, 3679, 59, 13.26%, 0, 0, 4, 91.45
1575120993, 0, 3709, 4127, 3691, 58, 13.28%, 0, 0, 4, 45.22
1575120998, 0, 3710, 4129, 3693, 57, 13.28%, 0, 0, 4, 42.26
1575121014, 0, 3733, 4129, 3692, 56, 13.28%, 0, 0, 4, 89.86
1575121024, 0, 3748, 4129, 3691, 55, 13.28%, 0, 0, 4, 74.85
1575121034, 0, 3757, 4129, 3690, 54, 13.28%, 0, 0, 4, 90.37
1575121044, 0, 3758, 4129, 3689, 53, 13.28%, 0, 0, 4, 94.55
1575121049, 0, 3758, 4133, 3692, 52, 13.28%, 0, 0, 4, 79.80
1575121054, 0, 3758, 4147, 3706, 52, 13.28%, 0, 0, 4, 40.74
1575121060, 0, 3758, 4158, 3717, 52, 13.28%, 0, 0, 4, 28.92
1575121065, 0, 3758, 4167, 3726, 52, 13.28%, 0, 0, 4, 25.25
1575121070, 0, 3760, 4167, 3726, 52, 13.28%, 0, 0, 4, 70.49
1575121080, 0, 3763, 4167, 3725, 51, 13.28%, 0, 0, 4, 85.38
1575121085, 0, 3767, 4167, 3724, 49, 13.28%, 0, 0, 4, 74.32
1575121095, 0, 3772, 4167, 3723, 49, 13.28%, 0, 0, 4, 90.71
1575121100, 0, 3773, 4168, 3723, 48, 13.28%, 0, 0, 4, 88.90
1575121110, 0, 3773, 4175, 3729, 47, 13.33%, 0, 0, 4, 19.79
1575121115, 0, 3773, 4187, 3741, 47, 13.33%, 0, 0, 4, 31.03
1575121121, 0, 3775, 4194, 3748, 52, 13.33%, 0, 0, 4, 66.14
1575121126, 0, 3775, 4195, 3749, 52, 13.33%, 0, 0, 4, 80.61
1575121131, 0, 3781, 4195, 3748, 52, 13.33%, 0, 0, 4, 79.51
1575121141, 0, 3783, 4195, 3747, 51, 13.33%, 0, 0, 4, 98.61
1575121146, 0, 3786, 4195, 3746, 50, 13.33%, 0, 0, 4, 99.57
1575121156, 0, 3798, 4195, 3745, 49, 13.33%, 0, 0, 4, 65.69
1575121166, 0, 3798, 4198, 3747, 48, 13.33%, 0, 0, 4, 67.17
1575121172, 0, 3798, 4208, 3757, 48, 13.33%, 0, 0, 4, 41.43
1575121177, 0, 3804, 4209, 3758, 48, 13.33%, 0, 0, 4, 68.86
1575121187, 0, 3808, 4209, 3757, 48, 13.33%, 0, 0, 4, 74.61
1575121202, 0, 3834, 4209, 3756, 47, 13.33%, 0, 0, 4, 74.88
1575121213, 0, 3837, 4210, 3756, 46, 13.33%, 0, 0, 4, 66.61
1575121223, 0, 3848, 4210, 3755, 45, 13.33%, 0, 0, 4, 78.43
1575121233, 0, 3848, 4211, 3756, 45, 13.33%, 0, 0, 4, 85.50
1575121238, 0, 3848, 4213, 3757, 44, 13.37%, 0, 0, 4, 74.46
1575121243, 0, 3848, 4222, 3766, 44, 13.37%, 0, 0, 4, 43.02
1575121248, 0, 3860, 4223, 3767, 47, 13.37%, 0, 0, 4, 74.46
1575121258, 0, 3872, 4223, 3766, 46, 13.37%, 0, 0, 4, 80.86
1575121273, 0, 3873, 4223, 3765, 45, 13.37%, 0, 0, 4, 65.41
1575121284, 0, 3902, 4223, 3764, 44, 13.37%, 0, 0, 4, 76.28
1575121289, 0, 3914, 4223, 3763, 43, 13.37%, 0, 0, 4, 93.71
1575121294, 0, 3914, 4226, 3765, 42, 13.37%, 0, 0, 4, 87.82
1575121299, 0, 3921, 4236, 3775, 45, 13.39%, 0, 0, 4, 58.44
1575121309, 0, 3930, 4236, 3774, 44, 13.39%, 0, 0, 4, 72.75
1575121324, 0, 3935, 4236, 3773, 43, 13.39%, 0, 0, 4, 87.29
1575121334, 0, 3966, 4236, 3772, 42, 13.39%, 0, 0, 4, 80.97
1575121350, 0, 3983, 4236, 3771, 41, 13.39%, 0, 0, 4, 71.10
1575121360, 0, 3983, 4240, 3774, 40, 13.39%, 0, 0, 4, 21.11
1575121365, 0, 3983, 4251, 3785, 40, 13.39%, 0, 0, 4, 25.28
1575121370, 0, 3983, 4255, 3789, 40, 13.39%, 0, 0, 4, 34.19
1575121375, 0, 3988, 4264, 3798, 42, 13.39%, 0, 0, 4, 41.22
1575121386, 0, 3999, 4264, 3797, 41, 13.39%, 0, 0, 4, 75.24
1575121396, 0, 4010, 4264, 3796, 40, 13.39%, 0, 0, 4, 90.64
1575121406, 0, 4012, 4264, 3795, 39, 13.39%, 0, 0, 4, 65.17
1575121416, 0, 4027, 4264, 3794, 38, 13.39%, 0, 0, 4, 70.85
1575121426, 0, 4027, 4273, 3802, 37, 13.39%, 0, 0, 4, 28.77
1575121432, 0, 4027, 4278, 3807, 37, 13.39%, 0, 0, 4, 34.45
1575121437, 0, 4033, 4280, 3809, 37, 13.39%, 0, 0, 4, 37.55
1575121447, 0, 4054, 4280, 3808, 36, 13.39%, 0, 0, 4, 84.93
1575121457, 0, 4058, 4280, 3807, 36, 13.39%, 0, 0, 4, 96.03
1575121462, 0, 4064, 4280, 3806, 35, 13.39%, 0, 0, 4, 98.69
1575121477, 0, 4076, 4280, 3805, 34, 13.39%, 0, 0, 4, 86.21
1575121488, 0, 4076, 4291, 3815, 33, 13.39%, 0, 0, 4, 55.00
1575121493, 0, 4084, 4294, 3818, 33, 13.45%, 0, 0, 4, 56.54
1575121498, 0, 4084, 4295, 3819, 33, 13.45%, 0, 0, 4, 78.82
1575121503, 0, 4084, 4296, 3820, 33, 13.45%, 0, 0, 4, 81.90
1575121513, 0, 4084, 4297, 3821, 33, 13.45%, 0, 0, 4, 93.53
1575121518, 0, 4094, 4297, 3820, 32, 13.45%, 0, 0, 4, 89.94
1575121523, 0, 4094, 4298, 3821, 32, 13.45%, 0, 0, 4, 90.61
1575121528, 0, 4099, 4298, 3820, 31, 13.45%, 0, 0, 4, 88.83
1575121533, 0, 4108, 4298, 3819, 31, 13.45%, 0, 0, 4, 97.58
1575121544, 0, 4108, 4299, 3820, 31, 13.45%, 0, 0, 4, 84.19
1575121549, 0, 4113, 4299, 3819, 30, 13.45%, 0, 0, 4, 86.74
1575121559, 0, 4113, 4313, 3832, 30, 13.45%, 0, 0, 4, 53.31
1575121564, 0, 4114, 4322, 3841, 31, 13.46%, 0, 0, 4, 55.42
1575121569, 0, 4117, 4322, 3840, 31, 13.46%, 0, 0, 4, 72.15
1575121574, 0, 4117, 4323, 3841, 31, 13.46%, 0, 0, 4, 77.01
1575121579, 0, 4117, 4324, 3842, 31, 13.46%, 0, 0, 4, 73.63
1575121584, 0, 4117, 4325, 3843, 31, 13.46%, 0, 0, 4, 77.26
1575121589, 0, 4117, 4326, 3844, 31, 13.46%, 0, 0, 4, 83.22
1575121615, 0, 4117, 4327, 3845, 31, 13.46%, 0, 0, 4, 76.04
1575121625, 0, 4117, 4328, 3846, 31, 13.46%, 0, 0, 4, 88.55
1575121635, 0, 4122, 4328, 3845, 32, 13.46%, 0, 0, 4, 100.25
1575121651, 0, 4138, 4328, 3844, 31, 13.46%, 0, 0, 4, 65.37
1575121656, 0, 4170, 4328, 3843, 31, 13.46%, 0, 0, 4, 71.08
1575121671, 0, 4170, 4343, 3857, 30, 13.46%, 0, 0, 4, 47.05
1575121676, 0, 4170, 4348, 3862, 30, 13.46%, 0, 0, 4, 35.85
1575121681, 0, 4182, 4351, 3865, 34, 13.46%, 0, 0, 4, 59.81
1575121697, 0, 4184, 4352, 3865, 33, 13.46%, 0, 0, 4, 81.06
1575121712, 0, 4185, 4352, 3864, 32, 13.46%, 0, 0, 4, 82.38
1575121717, 0, 4185, 4353, 3865, 32, 13.46%, 0, 0, 4, 86.82
1575121722, 0, 4196, 4353, 3864, 31, 13.46%, 0, 0, 4, 57.25
1575121732, 0, 4211, 4356, 3866, 30, 13.48%, 0, 0, 4, 61.88
1575121737, 0, 4211, 4359, 3869, 30, 13.48%, 0, 0, 4, 82.60
1575121742, 0, 4211, 4362, 3872, 30, 13.48%, 0, 0, 4, 80.14
1575121748, 0, 4211, 4365, 3875, 30, 13.51%, 0, 0, 4, 77.27
1575121753, 0, 4211, 4366, 3876, 30, 13.51%, 0, 0, 4, 74.57
1575121758, 0, 4211, 4367, 3877, 30, 13.51%, 0, 0, 4, 89.14
1575121763, 0, 4211, 4369, 3879, 30, 13.53%, 0, 0, 4, 98.80
1575121768, 0, 4211, 4372, 3882, 30, 13.54%, 0, 0, 4, 95.93
1575121778, 0, 4211, 4374, 3884, 30, 13.54%, 0, 0, 4, 38.44
1575121783, 0, 4211, 4375, 3885, 30, 13.54%, 0, 0, 4, 72.03
1575121804, 0, 4211, 4377, 3887, 30, 13.54%, 0, 0, 4, 85.85
1575121819, 0, 4211, 4386, 3895, 29, 13.55%, 0, 0, 4, 50.52
1575121824, 0, 4211, 4400, 3909, 29, 13.55%, 0, 0, 4, 39.60
1575121829, 0, 4211, 4406, 3915, 29, 13.55%, 0, 0, 4, 32.75
1575121834, 0, 4213, 4408, 3917, 40, 13.55%, 0, 0, 4, 64.70
1575121839, 0, 4213, 4409, 3918, 40, 13.55%, 0, 0, 4, 87.13
1575121844, 0, 4229, 4409, 3917, 39, 13.55%, 0, 0, 4, 68.41
1575121855, 0, 4234, 4409, 3916, 38, 13.55%, 0, 0, 4, 62.35
1575121870, 0, 4235, 4409, 3915, 37, 13.55%, 0, 0, 4, 76.10
1575121880, 0, 4252, 4409, 3914, 36, 13.55%, 0, 0, 4, 101.62
1575121890, 0, 4252, 4413, 3917, 35, 13.55%, 0, 0, 4, 66.91
1575121896, 0, 4252, 4421, 3925, 35, 13.56%, 0, 0, 4, 37.24
1575121901, 0, 4253, 4423, 3927, 39, 13.56%, 0, 0, 4, 41.75
1575121906, 0, 4253, 4424, 3928, 39, 13.56%, 0, 0, 4, 73.97
1575121916, 0, 4255, 4424, 3927, 38, 13.56%, 0, 0, 4, 69.62
1575121926, 0, 4285, 4424, 3926, 37, 13.56%, 0, 0, 4, 106.58
1575121936, 0, 4291, 4429, 3930, 36, 13.56%, 0, 0, 4, 68.07
1575121941, 0, 4291, 4432, 3933, 36, 13.56%, 0, 0, 4, 80.78
1575121946, 0, 4291, 4433, 3934, 36, 13.56%, 0, 0, 4, 74.28
1575121957, 0, 4291, 4434, 3935, 36, 13.56%, 0, 0, 4, 76.40
1575121962, 0, 4291, 4437, 3938, 36, 13.56%, 0, 0, 4, 86.33
1575121972, 0, 4291, 4439, 3940, 36, 13.56%, 0, 0, 4, 76.10
1575121977, 0, 4291, 4441, 3942, 36, 13.56%, 0, 0, 4, 79.68
1575121982, 0, 4291, 4443, 3944, 36, 13.56%, 0, 0, 4, 73.85
1575121997, 0, 4291, 4444, 3945, 36, 13.58%, 0, 0, 4, 85.59
1575122008, 0, 4291, 4445, 3946, 36, 13.58%, 0, 0, 4, 81.92
1575122013, 0, 4291, 4446, 3947, 36, 13.58%, 0, 0, 4, 75.62
1575122018, 0, 4292, 4446, 3946, 40, 13.58%, 0, 0, 4, 93.21
1575122028, 0, 4292, 4460, 3959, 40, 13.62%, 0, 0, 4, 63.37
1575122033, 0, 4292, 4474, 3973, 40, 13.62%, 0, 0, 4, 43.79
1575122038, 0, 4292, 4483, 3982, 40, 13.62%, 0, 0, 4, 39.12
1575122043, 0, 4292, 4486, 3985, 40, 13.62%, 0, 0, 4, 38.38
1575122048, 0, 4323, 4486, 3985, 49, 13.62%, 0, 0, 4, 77.82
1575122053, 0, 4327, 4486, 3984, 48, 13.62%, 0, 0, 4, 85.93
1575122069, 0, 4333, 4486, 3983, 47, 13.62%, 0, 0, 4, 89.64
1575122074, 0, 4342, 4486, 3982, 46, 13.62%, 0, 0, 4, 79.28
1575122079, 0, 4342, 4487, 3983, 46, 13.62%, 0, 0, 4, 100.91
1575122089, 0, 4342, 4488, 3984, 46, 13.62%, 0, 0, 4, 104.21
1575122094, 0, 4350, 4488, 3983, 45, 13.62%, 0, 0, 4, 70.34
1575122104, 0, 4352, 4497, 3991, 45, 13.63%, 0, 0, 4, 61.34
1575122109, 0, 4353, 4497, 3990, 44, 13.63%, 0, 0, 4, 84.93
1575122119, 0, 4354, 4499, 3991, 43, 13.63%, 0, 0, 4, 70.41
1575122125, 0, 4354, 4502, 3994, 43, 13.66%, 0, 0, 4, 79.89
1575122130, 0, 4354, 4504, 3996, 43, 13.71%, 0, 0, 4, 77.20
1575122135, 0, 4354, 4506, 3998, 43, 13.71%, 0, 0, 4, 84.40
1575122140, 0, 4354, 4507, 3999, 43, 13.71%, 0, 0, 4, 79.61
1575122145, 0, 4354, 4509, 4001, 43, 13.71%, 0, 0, 4, 72.02
1575122155, 0, 4354, 4510, 4002, 43, 13.72%, 0, 0, 4, 80.26
1575122160, 0, 4354, 4512, 4004, 43, 13.73%, 0, 0, 4, 85.69
1575122165, 0, 4354, 4515, 4007, 43, 13.73%, 0, 0, 4, 85.22
1575122171, 0, 4354, 4517, 4009, 43, 13.73%, 0, 0, 4, 93.95
1575122176, 0, 4354, 4519, 4011, 43, 13.74%, 0, 0, 4, 90.96
1575122181, 0, 4354, 4520, 4012, 43, 13.75%, 0, 0, 4, 84.89
1575122186, 0, 4362, 4521, 4012, 50, 13.75%, 0, 0, 4, 69.32
1575122191, 0, 4362, 4523, 4014, 50, 13.75%, 0, 0, 4, 86.36
1575122196, 0, 4362, 4524, 4015, 50, 13.75%, 0, 0, 4, 87.14
1575122216, 0, 4362, 4527, 4018, 50, 13.76%, 0, 0, 4, 93.51
1575122232, 0, 4362, 4528, 4019, 50, 13.76%, 0, 0, 4, 84.93
1575122247, 0, 4367, 4530, 4020, 52, 13.76%, 0, 0, 4, 62.67
1575122252, 0, 4367, 4532, 4022, 52, 13.76%, 0, 0, 4, 87.10
1575122257, 0, 4367, 4533, 4023, 52, 13.76%, 0, 0, 4, 86.63
1575122262, 0, 4367, 4534, 4024, 52, 13.76%, 0, 0, 4, 89.61
1575122267, 0, 4367, 4535, 4025, 52, 13.76%, 0, 0, 4, 86.20
1575122282, 0, 4367, 4536, 4026, 52, 13.76%, 0, 0, 4, 76.21
1575122287, 0, 4367, 4537, 4027, 52, 13.76%, 0, 0, 4, 83.81
1575122298, 0, 4367, 4541, 4031, 52, 13.76%, 0, 0, 4, 92.46
1575122303, 0, 4367, 4542, 4032, 52, 13.76%, 0, 0, 4, 90.99
1575122348, 0, 4367, 4543, 4033, 52, 13.76%, 0, 0, 4, 90.76
1575122353, 0, 4367, 4563, 4052, 51, 13.81%, 0, 0, 4, 57.50
1575122358, 0, 4367, 4583, 4072, 51, 13.81%, 0, 0, 4, 48.17
1575122363, 0, 4367, 4595, 4084, 51, 13.88%, 0, 0, 4, 42.25
1575122368, 0, 4367, 4601, 4090, 51, 13.88%, 0, 0, 4, 40.95
1575122373, 0, 4368, 4607, 4096, 62, 13.90%, 0, 0, 4, 44.88
1575122389, 0, 4384, 4607, 4095, 61, 13.90%, 0, 0, 4, 86.56
1575122394, 0, 4384, 4608, 4096, 61, 13.90%, 0, 0, 4, 99.74
1575122399, 0, 4392, 4608, 4095, 60, 13.90%, 0, 0, 4, 81.91
1575122414, 0, 4393, 4608, 4094, 59, 13.90%, 0, 0, 4, 81.50
1575122419, 0, 4393, 4609, 4095, 59, 13.90%, 0, 0, 4, 96.39
1575122434, 0, 4428, 4609, 4094, 58, 13.90%, 0, 0, 4, 75.60
1575122450, 0, 4428, 4624, 4108, 57, 13.92%, 0, 0, 4, 56.81
1575122455, 0, 4433, 4632, 4116, 61, 13.92%, 0, 0, 4, 44.67
1575122460, 0, 4433, 4633, 4117, 61, 13.92%, 0, 0, 4, 76.63
1575122470, 0, 4444, 4633, 4116, 61, 13.92%, 0, 0, 4, 81.69
1575122485, 0, 4449, 4633, 4115, 60, 13.92%, 0, 0, 4, 72.98
1575122501, 0, 4453, 4633, 4114, 59, 13.92%, 0, 0, 4, 99.51
1575122506, 0, 4457, 4633, 4113, 58, 13.92%, 0, 0, 4, 95.34
1575122516, 0, 4457, 4638, 4117, 57, 13.92%, 0, 0, 4, 59.08
1575122521, 0, 4463, 4638, 4117, 57, 13.92%, 0, 0, 4, 83.02
1575122531, 0, 4475, 4638, 4116, 56, 13.92%, 0, 0, 4, 82.84
1575122546, 0, 4476, 4638, 4115, 55, 13.92%, 0, 0, 4, 78.19
1575122561, 0, 4477, 4638, 4114, 54, 13.92%, 0, 0, 4, 79.15
1575122566, 0, 4477, 4639, 4115, 54, 13.92%, 0, 0, 4, 85.61
1575122577, 0, 4486, 4639, 4114, 54, 13.92%, 0, 0, 4, 77.76
1575122582, 0, 4486, 4640, 4115, 54, 13.92%, 0, 0, 4, 85.97
1575122592, 0, 4486, 4646, 4120, 53, 13.93%, 0, 0, 4, 90.45
1575122597, 0, 4488, 4667, 4141, 59, 13.95%, 0, 0, 4, 68.45
1575122607, 0, 4506, 4667, 4140, 59, 13.95%, 0, 0, 4, 82.99
1575122617, 0, 4511, 4668, 4140, 58, 13.95%, 0, 0, 4, 85.58
1575122622, 0, 4511, 4669, 4141, 58, 13.95%, 0, 0, 4, 85.72
1575122632, 0, 4511, 4671, 4143, 58, 13.95%, 0, 0, 4, 88.53
1575122642, 0, 4511, 4672, 4144, 58, 13.95%, 0, 0, 4, 88.63
1575122693, 0, 4514, 4672, 4143, 58, 13.95%, 0, 0, 4, 92.90
1575122703, 0, 4517, 4672, 4142, 57, 13.95%, 0, 0, 4, 89.38
1575122708, 0, 4517, 4673, 4143, 57, 13.95%, 0, 0, 4, 86.22
1575122713, 0, 4517, 4678, 4148, 57, 13.96%, 0, 0, 4, 80.50
1575122734, 0, 4517, 4681, 4151, 57, 13.97%, 0, 0, 4, 93.81
1575122744, 0, 4517, 4682, 4152, 57, 13.97%, 0, 0, 4, 102.71
1575122759, 0, 4517, 4683, 4153, 57, 13.97%, 0, 0, 4, 102.19
1575122764, 0, 4517, 4684, 4154, 57, 13.97%, 0, 0, 4, 87.06
1575122780, 0, 4517, 4702, 4171, 56, 13.98%, 0, 0, 4, 65.35
1575122785, 0, 4517, 4721, 4190, 56, 13.98%, 0, 0, 4, 51.21
1575122790, 0, 4517, 4729, 4198, 56, 13.98%, 0, 0, 4, 50.79
1575122795, 0, 4518, 4731, 4200, 64, 13.98%, 0, 0, 4, 56.86
1575122810, 0, 4521, 4731, 4199, 63, 13.98%, 0, 0, 4, 78.71
1575122825, 0, 4536, 4731, 4198, 63, 13.98%, 0, 0, 4, 71.38
1575122836, 0, 4546, 4731, 4197, 63, 13.98%, 0, 0, 4, 91.81
1575122841, 0, 4553, 4731, 4196, 62, 13.98%, 0, 0, 4, 89.65
1575122851, 0, 4553, 4737, 4201, 61, 13.98%, 0, 0, 4, 74.11
1575122856, 0, 4556, 4748, 4212, 64, 14.00%, 0, 0, 4, 63.19
1575122861, 0, 4556, 4749, 4213, 64, 14.00%, 0, 0, 4, 87.39
1575122866, 0, 4568, 4749, 4212, 63, 14.00%, 0, 0, 4, 77.01
1575122871, 0, 4568, 4750, 4213, 63, 14.00%, 0, 0, 4, 77.85
1575122876, 0, 4577, 4750, 4212, 62, 14.00%, 0, 0, 4, 96.80
1575122881, 0, 4583, 4751, 4212, 61, 14.00%, 0, 0, 4, 91.25
1575122897, 0, 4587, 4751, 4211, 60, 14.00%, 0, 0, 4, 78.12
1575122907, 0, 4587, 4764, 4223, 59, 14.00%, 0, 0, 4, 61.29
1575122912, 0, 4596, 4764, 4223, 61, 14.00%, 0, 0, 4, 54.24
1575122922, 0, 4601, 4764, 4222, 60, 14.00%, 0, 0, 4, 67.90
1575122938, 0, 4608, 4764, 4221, 59, 14.00%, 0, 0, 4, 88.34
1575122948, 0, 4613, 4764, 4220, 59, 14.00%, 0, 0, 4, 95.16
1575122958, 0, 4616, 4764, 4219, 58, 14.00%, 0, 0, 4, 92.36
1575122968, 0, 4623, 4776, 4230, 59, 14.01%, 0, 0, 4, 67.92
1575122978, 0, 4623, 4781, 4235, 59, 14.01%, 0, 0, 4, 84.95
1575122983, 0, 4623, 4784, 4238, 59, 14.01%, 0, 0, 4, 86.11
1575122988, 0, 4630, 4785, 4238, 60, 14.01%, 0, 0, 4, 88.61
1575122993, 0, 4630, 4786, 4239, 60, 14.01%, 0, 0, 4, 92.99
1575122998, 0, 4630, 4787, 4240, 60, 14.01%, 0, 0, 4, 97.50
1575123003, 0, 4638, 4787, 4239, 59, 14.01%, 0, 0, 4, 102.00
1575123008, 0, 4643, 4787, 4238, 58, 14.01%, 0, 0, 4, 92.50
1575123018, 0, 4645, 4788, 4238, 57, 14.01%, 0, 0, 4, 85.34
1575123034, 0, 4647, 4799, 4248, 57, 14.01%, 0, 0, 4, 67.09
1575123044, 0, 4649, 4800, 4248, 56, 14.01%, 0, 0, 4, 88.32
1575123049, 0, 4649, 4801, 4249, 56, 14.01%, 0, 0, 4, 87.43
1575123064, 0, 4651, 4802, 4249, 55, 14.01%, 0, 0, 4, 72.81
1575123079, 0, 4651, 4803, 4250, 55, 14.01%, 0, 0, 4, 85.92
1575123084, 0, 4657, 4803, 4249, 55, 14.01%, 0, 0, 4, 86.05
1575123094, 0, 4659, 4803, 4248, 54, 14.01%, 0, 0, 4, 105.32
1575123104, 0, 4659, 4820, 4264, 53, 14.01%, 0, 0, 4, 54.31
1575123110, 0, 4661, 4820, 4264, 53, 14.01%, 0, 0, 4, 61.82
1575123125, 0, 4664, 4820, 4263, 52, 14.01%, 0, 0, 4, 85.47
1575123135, 0, 4665, 4820, 4262, 51, 14.01%, 0, 0, 4, 92.23
1575123140, 0, 4665, 4822, 4264, 51, 14.01%, 0, 0, 4, 88.75
1575123150, 0, 4668, 4822, 4263, 51, 14.01%, 0, 0, 4, 93.15
1575123176, 0, 4672, 4822, 4262, 50, 14.01%, 0, 0, 4, 84.64
1575123186, 0, 4672, 4823, 4263, 50, 14.01%, 0, 0, 5, 97.13
1575123191, 0, 4672, 4824, 4264, 50, 14.01%, 0, 0, 5, 100.83
1575123196, 0, 4672, 4825, 4265, 50, 14.01%, 0, 0, 5, 93.67
1575123206, 0, 4672, 4826, 4266, 50, 14.01%, 0, 0, 5, 83.32
1575123237, 0, 4672, 4827, 4267, 50, 14.01%, 0, 0, 5, 87.31
1575123262, 0, 4672, 4843, 4282, 49, 14.02%, 0, 0, 5, 60.55
1575123268, 0, 4672, 4851, 4290, 49, 14.02%, 0, 0, 5, 45.54
1575123273, 0, 4676, 4851, 4290, 52, 14.02%, 0, 0, 5, 64.68
1575123293, 0, 4676, 4853, 4292, 52, 14.02%, 0, 0, 5, 98.98
1575123303, 0, 4677, 4853, 4291, 53, 14.02%, 0, 0, 5, 88.80
1575123313, 0, 4680, 4853, 4290, 52, 14.02%, 0, 0, 5, 76.95
1575123324, 0, 4680, 4854, 4291, 52, 14.02%, 0, 0, 5, 74.82
1575123354, 0, 4692, 4855, 4291, 51, 14.02%, 0, 0, 5, 81.82
1575123369, 0, 4695, 4855, 4290, 51, 14.02%, 0, 0, 5, 94.96
1575123380, 0, 4695, 4873, 4307, 50, 14.07%, 0, 0, 5, 55.29
1575123385, 0, 4699, 4876, 4310, 55, 14.07%, 0, 0, 5, 64.59
1575123395, 0, 4700, 4876, 4309, 54, 14.07%, 0, 0, 5, 90.05
1575123400, 0, 4702, 4876, 4308, 53, 14.07%, 0, 0, 5, 90.14
1575123410, 0, 4708, 4876, 4307, 52, 14.07%, 0, 0, 5, 86.57
1575123420, 0, 4713, 4876, 4306, 51, 14.07%, 0, 0, 5, 79.22
1575123425, 0, 4713, 4879, 4309, 51, 14.08%, 0, 0, 5, 98.32
1575123440, 0, 4713, 4880, 4310, 51, 14.08%, 0, 0, 5, 93.75
1575123461, 0, 4713, 4881, 4311, 51, 14.08%, 0, 0, 5, 96.01
1575123466, 0, 4713, 4882, 4312, 51, 14.08%, 0, 0, 5, 93.18
1575123471, 0, 4713, 4883, 4313, 51, 14.08%, 0, 0, 5, 96.27
1575123476, 0, 4713, 4884, 4314, 51, 14.08%, 0, 0, 5, 84.53
1575123496, 0, 4713, 4893, 4322, 50, 14.08%, 0, 0, 5, 72.34
1575123501, 0, 4713, 4910, 4339, 50, 14.08%, 0, 0, 5, 45.19
1575123507, 0, 4713, 4915, 4344, 50, 14.08%, 0, 0, 5, 45.21
1575123512, 0, 4713, 4916, 4345, 50, 14.08%, 0, 0, 5, 44.48
1575123517, 0, 4713, 4919, 4348, 50, 14.09%, 0, 0, 5, 42.98
1575123522, 0, 4724, 4920, 4349, 56, 14.09%, 0, 0, 5, 75.55
1575123527, 0, 4724, 4921, 4350, 56, 14.09%, 0, 0, 5, 85.82
1575123547, 0, 4729, 4921, 4349, 55, 14.09%, 0, 0, 5, 73.83
1575123557, 0, 4735, 4921, 4348, 54, 14.09%, 0, 0, 5, 72.51
1575123568, 0, 4736, 4921, 4347, 53, 14.09%, 0, 0, 5, 76.51
1575123583, 0, 4738, 4921, 4346, 52, 14.09%, 0, 0, 5, 72.02
1575123588, 0, 4738, 4922, 4347, 52, 14.09%, 0, 0, 5, 81.13
1575123593, 0, 4738, 4929, 4353, 51, 14.09%, 0, 0, 5, 63.30
1575123598, 0, 4745, 4932, 4356, 52, 14.09%, 0, 0, 5, 59.37
1575123608, 0, 4746, 4932, 4355, 51, 14.09%, 0, 0, 5, 90.86
1575123618, 0, 4754, 4932, 4354, 50, 14.09%, 0, 0, 5, 75.72
1575123623, 0, 4754, 4933, 4355, 50, 14.09%, 0, 0, 5, 87.66
1575123629, 0, 4759, 4933, 4354, 49, 14.09%, 0, 0, 5, 79.64
1575123639, 0, 4759, 4934, 4355, 49, 14.09%, 0, 0, 5, 94.93
1575123644, 0, 4761, 4934, 4354, 48, 14.09%, 0, 0, 5, 82.82
1575123654, 0, 4763, 4945, 4364, 48, 14.09%, 0, 0, 5, 56.25
1575123664, 0, 4764, 4945, 4363, 47, 14.09%, 0, 0, 5, 84.59
1575123674, 0, 4766, 4945, 4362, 46, 14.09%, 0, 0, 5, 91.11
1575123684, 0, 4775, 4945, 4361, 45, 14.09%, 0, 0, 5, 90.82
1575123689, 0, 4790, 4945, 4360, 45, 14.09%, 0, 0, 5, 82.43
1575123699, 0, 4790, 4951, 4365, 44, 14.09%, 0, 0, 5, 78.47
1575123705, 0, 4802, 4964, 4378, 49, 14.10%, 0, 0, 5, 51.64
1575123715, 0, 4808, 4964, 4377, 48, 14.10%, 0, 0, 5, 80.33
1575123725, 0, 4810, 4964, 4376, 47, 14.10%, 0, 0, 5, 86.90
1575123735, 0, 4821, 4964, 4375, 47, 14.10%, 0, 0, 5, 94.05
1575123740, 0, 4832, 4964, 4374, 46, 14.10%, 0, 0, 5, 78.68
1575123750, 0, 4832, 4968, 4377, 45, 14.10%, 0, 0, 5, 69.06
1575123755, 0, 4838, 4970, 4379, 46, 14.10%, 0, 0, 5, 86.34
1575123760, 0, 4838, 4971, 4380, 46, 14.10%, 0, 0, 5, 100.65
1575123765, 0, 4838, 4972, 4381, 46, 14.10%, 0, 0, 5, 92.98
1575123811, 0, 4838, 4973, 4382, 46, 14.10%, 0, 0, 5, 87.77
1575123832, 0, 4840, 4973, 4381, 47, 14.10%, 0, 0, 5, 95.28
1575123847, 0, 4845, 4973, 4380, 46, 14.10%, 0, 0, 5, 77.83
1575123852, 0, 4851, 4973, 4379, 45, 14.10%, 0, 0, 5, 95.35
1575123867, 0, 4851, 4974, 4380, 45, 14.10%, 0, 0, 6, 94.63
1575123877, 0, 4852, 4974, 4379, 44, 14.10%, 0, 0, 6, 111.83
1575123893, 0, 4852, 4987, 4391, 43, 14.10%, 0, 0, 6, 58.03
1575123898, 0, 4855, 4993, 4397, 45, 14.10%, 0, 0, 6, 46.51
1575123908, 0, 4855, 4994, 4398, 45, 14.10%, 0, 0, 6, 92.83
1575123913, 0, 4857, 4995, 4398, 44, 14.10%, 0, 0, 6, 83.47
1575123918, 0, 4857, 4996, 4399, 44, 14.10%, 0, 0, 6, 81.42
1575123938, 0, 4858, 4996, 4398, 43, 14.10%, 0, 0, 6, 94.77
1575123954, 0, 4860, 4996, 4397, 42, 14.10%, 0, 0, 6, 76.40
1575123964, 0, 4863, 4996, 4396, 41, 14.10%, 0, 0, 6, 84.61
1575123974, 0, 4863, 5001, 4400, 40, 14.10%, 0, 0, 6, 84.96
1575123979, 0, 4866, 5004, 4403, 42, 14.10%, 0, 0, 6, 80.74
1575123990, 0, 4867, 5004, 4402, 41, 14.10%, 0, 0, 6, 98.05
1575124000, 0, 4875, 5004, 4401, 40, 14.10%, 0, 0, 6, 83.01
1575124010, 0, 4886, 5004, 4400, 40, 14.10%, 0, 0, 6, 83.34
1575124026, 0, 4887, 5005, 4399, 38, 14.10%, 0, 0, 6, 86.62
1575124031, 0, 4892, 5024, 4418, 41, 14.12%, 0, 0, 6, 53.92
1575124046, 0, 4917, 5024, 4417, 40, 14.12%, 0, 0, 6, 94.94
1575124056, 0, 4918, 5024, 4416, 39, 14.12%, 0, 0, 6, 93.25
1575124066, 0, 4922, 5024, 4415, 38, 14.12%, 0, 0, 6, 96.20
1575124076, 0, 4923, 5024, 4414, 37, 14.12%, 0, 0, 6, 95.69
1575124081, 0, 4923, 5028, 4417, 36, 14.13%, 0, 0, 6, 83.59
1575124086, 0, 4925, 5035, 4424, 35, 14.13%, 0, 0, 6, 51.14
1575124097, 0, 4929, 5035, 4423, 34, 14.13%, 0, 0, 6, 78.37
1575124112, 0, 4940, 5035, 4422, 33, 14.13%, 0, 0, 6, 68.48
1575124117, 0, 4940, 5039, 4426, 33, 14.13%, 0, 0, 6, 62.21
1575124122, 0, 4940, 5040, 4427, 33, 14.13%, 0, 0, 6, 78.60
1575124132, 0, 4940, 5041, 4428, 33, 14.13%, 0, 0, 6, 86.04
1575124138, 0, 4940, 5042, 4429, 33, 14.13%, 0, 0, 6, 93.30
1575124153, 0, 4940, 5045, 4432, 33, 14.13%, 0, 0, 6, 83.96
1575124158, 0, 4940, 5047, 4434, 33, 14.13%, 0, 0, 6, 68.10
1575124163, 0, 4940, 5048, 4435, 33, 14.13%, 0, 0, 6, 68.17
1575124173, 0, 4940, 5050, 4437, 33, 14.13%, 0, 0, 6, 80.20
1575124178, 0, 4940, 5052, 4439, 33, 14.13%, 0, 0, 6, 72.35
1575124184, 0, 4940, 5054, 4441, 33, 14.13%, 0, 0, 6, 83.01
1575124199, 0, 4942, 5055, 4441, 34, 14.13%, 0, 0, 6, 84.96
1575124209, 0, 4952, 5055, 4440, 33, 14.13%, 0, 0, 6, 94.05
1575124219, 0, 4952, 5074, 4458, 32, 14.13%, 0, 0, 6, 51.42
1575124224, 0, 4952, 5085, 4469, 32, 14.13%, 0, 0, 6, 42.07
1575124230, 0, 4952, 5087, 4471, 32, 14.13%, 0, 0, 6, 34.61
1575124235, 0, 4955, 5087, 4471, 37, 14.13%, 0, 0, 6, 80.22
1575124245, 0, 4957, 5087, 4470, 36, 14.13%, 0, 0, 6, 84.68
1575124255, 0, 4972, 5087, 4469, 35, 14.13%, 0, 0, 6, 90.21
1575124260, 0, 4992, 5087, 4468, 34, 14.13%, 0, 0, 6, 92.71
1575124275, 0, 5002, 5088, 4468, 33, 14.13%, 0, 0, 6, 98.01
1575124285, 0, 5002, 5094, 4473, 32, 14.14%, 0, 0, 6, 71.43
1575124290, 0, 5007, 5101, 4480, 33, 14.14%, 0, 0, 6, 45.80
1575124306, 0, 5015, 5101, 4479, 32, 14.14%, 0, 0, 6, 105.10
1575124316, 0, 5019, 5101, 4478, 31, 14.14%, 0, 0, 6, 84.99
1575124321, 0, 5019, 5104, 4481, 31, 14.14%, 0, 0, 6, 74.06
1575124331, 0, 5024, 5105, 4481, 30, 14.14%, 0, 0, 6, 87.14
1575124341, 0, 5026, 5105, 4480, 29, 14.14%, 1, 0, 6, 74.63
1575124357, 0, 5026, 5115, 4489, 28, 14.14%, 1, 0, 6, 64.80
1575124362, 0, 5027, 5128, 4502, 30, 14.15%, 1, 0, 6, 48.09
1575124377, 0, 5043, 5128, 4501, 29, 14.15%, 1, 0, 6, 62.43
1575124387, 0, 5054, 5128, 4500, 29, 14.15%, 1, 0, 6, 83.99
1575124397, 0, 5065, 5128, 4499, 28, 14.15%, 1, 0, 6, 100.71
1575124407, 0, 5067, 5128, 4498, 27, 14.15%, 1, 0, 6, 74.18
1575124423, 0, 5067, 5140, 4509, 26, 14.17%, 1, 0, 6, 65.30
1575124428, 0, 5077, 5149, 4518, 34, 14.17%, 1, 0, 6, 50.37
1575124438, 0, 5081, 5149, 4517, 33, 14.17%, 1, 0, 6, 96.54
1575124448, 0, 5090, 5149, 4516, 32, 14.17%, 1, 0, 6, 86.58
1575124458, 0, 5092, 5149, 4515, 31, 14.17%, 1, 0, 6, 82.75
1575124464, 0, 5092, 5151, 4517, 31, 14.17%, 1, 0, 6, 74.14
1575124484, 0, 5107, 5151, 4516, 32, 14.17%, 1, 0, 6, 77.18
1575124494, 0, 5107, 5160, 4524, 31, 14.17%, 1, 0, 6, 60.28
1575124499, 0, 5107, 5169, 4533, 31, 14.18%, 1, 0, 6, 39.90
1575124504, 0, 5108, 5169, 4533, 33, 14.18%, 1, 0, 6, 63.81
1575124514, 0, 5109, 5169, 4532, 32, 14.18%, 1, 0, 6, 84.10
1575124519, 0, 5109, 5171, 4534, 32, 14.18%, 1, 0, 6, 82.39
1575124540, 0, 5113, 5171, 4533, 32, 14.18%, 1, 0, 6, 76.45
1575124545, 0, 5113, 5172, 4534, 32, 14.18%, 1, 0, 6, 81.43
1575124560, 0, 5114, 5172, 4533, 31, 14.18%, 1, 0, 6, 98.25
1575124565, 0, 5116, 5174, 4534, 30, 14.18%, 1, 0, 6, 100.26
1575124575, 0, 5116, 5177, 4536, 29, 14.19%, 1, 0, 6, 83.13
1575124580, 0, 5116, 5194, 4553, 29, 14.19%, 1, 0, 6, 46.79
1575124585, 0, 5116, 5207, 4566, 29, 14.19%, 1, 0, 6, 34.46
1575124590, 0, 5121, 5209, 4568, 33, 14.19%, 1, 0, 6, 51.70
1575124601, 0, 5123, 5209, 4567, 32, 14.19%, 1, 0, 6, 82.75
1575124611, 0, 5128, 5211, 4568, 31, 14.19%, 1, 0, 6, 84.44
1575124616, 0, 5128, 5214, 4571, 31, 14.19%, 1, 0, 6, 81.80
1575124626, 0, 5128, 5215, 4572, 31, 14.19%, 1, 0, 6, 92.63
1575124642, 0, 5128, 5216, 4573, 31, 14.19%, 1, 0, 6, 85.21
1575124662, 0, 5128, 5217, 4574, 31, 14.19%, 1, 0, 6, 89.24
1575124688, 0, 5129, 5217, 4573, 36, 14.19%, 1, 0, 6, 107.92
1575124698, 0, 5140, 5218, 4573, 35, 14.19%, 1, 0, 6, 84.89
1575124713, 0, 5140, 5219, 4573, 35, 14.19%, 1, 0, 6, 90.05
1575124718, 0, 5140, 5233, 4587, 35, 14.20%, 1, 0, 6, 47.14
1575124723, 0, 5140, 5251, 4605, 35, 14.20%, 1, 0, 6, 42.22
1575124729, 0, 5140, 5258, 4612, 35, 14.20%, 1, 0, 6, 38.11
1575124734, 0, 5144, 5263, 4617, 38, 14.21%, 1, 0, 6, 38.61
1575124744, 0, 5145, 5263, 4616, 37, 14.21%, 1, 0, 6, 81.04
1575124749, 0, 5145, 5264, 4617, 37, 14.21%, 1, 0, 6, 89.28
1575124754, 0, 5152, 5264, 4616, 36, 14.21%, 1, 0, 6, 78.30
1575124764, 0, 5156, 5265, 4616, 35, 14.21%, 1, 0, 6, 82.48
1575124774, 0, 5166, 5265, 4615, 34, 14.21%, 1, 0, 6, 87.51
1575124779, 0, 5166, 5268, 4618, 34, 14.21%, 1, 0, 6, 82.15
1575124784, 0, 5166, 5270, 4620, 34, 14.21%, 1, 0, 6, 78.45
1575124789, 0, 5166, 5272, 4622, 34, 14.21%, 1, 0, 6, 71.21
1575124794, 0, 5166, 5273, 4623, 34, 14.22%, 1, 0, 6, 80.13
1575124800, 0, 5166, 5275, 4625, 34, 14.22%, 1, 0, 6, 86.41
1575124805, 0, 5166, 5276, 4626, 34, 14.22%, 1, 0, 6, 81.44
1575124815, 0, 5166, 5277, 4627, 34, 14.22%, 1, 0, 6, 72.10
1575124830, 0, 5166, 5278, 4628, 34, 14.22%, 1, 0, 6, 69.77
1575124846, 0, 5166, 5287, 4636, 33, 14.23%, 1, 0, 6, 47.43
1575124851, 0, 5166, 5300, 4649, 33, 14.23%, 1, 0, 6, 38.03
1575124856, 0, 5166, 5306, 4655, 33, 14.23%, 1, 0, 6, 31.31
1575124861, 0, 5169, 5306, 4655, 41, 14.23%, 1, 0, 6, 81.48
1575124866, 0, 5196, 5306, 4654, 40, 14.23%, 1, 0, 6, 80.70
1575124881, 0, 5199, 5306, 4653, 39, 14.23%, 1, 0, 6, 93.19
1575124896, 0, 5210, 5306, 4652, 38, 14.23%, 1, 0, 6, 94.52
1575124907, 0, 5216, 5307, 4652, 37, 14.23%, 1, 0, 6, 76.15
1575124912, 0, 5216, 5308, 4653, 37, 14.23%, 1, 0, 6, 81.37
1575124917, 0, 5216, 5309, 4654, 37, 14.23%, 1, 0, 6, 81.21
1575124922, 0, 5216, 5310, 4655, 37, 14.23%, 1, 0, 6, 74.39
1575124932, 0, 5216, 5311, 4656, 37, 14.23%, 1, 0, 6, 75.05
1575124968, 0, 5216, 5312, 4657, 37, 14.23%, 1, 0, 6, 90.98
1575124973, 0, 5216, 5326, 4670, 36, 14.24%, 1, 0, 6, 52.94
1575124978, 0, 5221, 5330, 4674, 40, 14.24%, 1, 0, 6, 40.81
1575124988, 0, 5221, 5331, 4675, 40, 14.24%, 1, 0, 6, 79.64
1575124993, 0, 5234, 5331, 4674, 39, 14.24%, 1, 0, 6, 87.07
1575124998, 0, 5234, 5332, 4675, 39, 14.24%, 1, 0, 6, 93.99
1575125003, 0, 5240, 5332, 4674, 38, 14.24%, 1, 0, 6, 92.93
1575125014, 0, 5247, 5332, 4673, 37, 14.24%, 1, 0, 6, 87.48
1575125029, 0, 5251, 5332, 4672, 36, 14.24%, 1, 0, 6, 74.05
1575125039, 0, 5251, 5340, 4679, 35, 14.24%, 1, 0, 6, 63.11
1575125044, 0, 5254, 5345, 4684, 35, 14.24%, 1, 0, 6, 28.90
1575125055, 0, 5256, 5345, 4683, 34, 14.24%, 1, 0, 6, 84.57
1575125065, 0, 5260, 5345, 4682, 33, 14.24%, 1, 0, 6, 76.88
1575125075, 0, 5260, 5348, 4685, 33, 14.24%, 1, 0, 6, 73.89
1575125085, 0, 5268, 5348, 4684, 32, 14.24%, 1, 0, 6, 65.46
1575125101, 0, 5270, 5348, 4683, 31, 14.24%, 1, 0, 6, 69.63
1575125116, 0, 5270, 5356, 4690, 30, 14.25%, 1, 0, 6, 47.23
1575125121, 0, 5272, 5356, 4690, 33, 14.25%, 1, 0, 6, 66.93
1575125131, 0, 5273, 5356, 4689, 32, 14.25%, 1, 0, 6, 85.64
1575125141, 0, 5273, 5358, 4691, 32, 14.25%, 1, 0, 6, 77.36
1575125152, 0, 5275, 5359, 4691, 31, 14.25%, 1, 0, 6, 68.70
1575125157, 0, 5275, 5360, 4692, 31, 14.25%, 1, 0, 6, 78.61
1575125167, 0, 5275, 5361, 4693, 31, 14.25%, 1, 0, 6, 88.28
1575125172, 0, 5276, 5361, 4692, 30, 14.25%, 1, 0, 6, 71.03
1575125182, 0, 5278, 5361, 4691, 29, 14.25%, 1, 0, 6, 87.99
1575125193, 0, 5278, 5368, 4697, 28, 14.26%, 1, 0, 6, 73.16
1575125198, 0, 5278, 5377, 4706, 28, 14.26%, 1, 0, 6, 39.24
1575125203, 0, 5278, 5378, 4707, 28, 14.26%, 1, 0, 6, 34.17
1575125208, 0, 5284, 5380, 4709, 30, 14.26%, 1, 0, 6, 43.49
1575125213, 0, 5284, 5381, 4710, 30, 14.26%, 1, 0, 6, 71.84
1575125223, 0, 5287, 5381, 4709, 29, 14.26%, 1, 0, 6, 87.40
1575125233, 0, 5293, 5381, 4708, 28, 14.26%, 1, 0, 6, 75.74
1575125238, 0, 5299, 5381, 4707, 27, 14.26%, 1, 0, 6, 78.11
1575125249, 0, 5306, 5381, 4706, 26, 14.26%, 1, 0, 6, 81.54
1575125264, 0, 5306, 5390, 4714, 25, 14.27%, 1, 0, 6, 55.11
1575125269, 0, 5306, 5391, 4715, 25, 14.27%, 1, 0, 6, 38.55
1575125274, 0, 5310, 5394, 4718, 28, 14.27%, 1, 0, 6, 41.15
1575125284, 0, 5314, 5394, 4717, 27, 14.27%, 1, 0, 6, 77.26
1575125299, 0, 5315, 5394, 4716, 26, 14.27%, 1, 0, 6, 88.31
1575125309, 0, 5315, 5395, 4717, 26, 14.27%, 1, 0, 6, 93.76
1575125314, 0, 5326, 5395, 4716, 25, 14.27%, 1, 0, 6, 89.53
1575125325, 0, 5333, 5395, 4715, 24, 14.27%, 1, 0, 6, 81.32
1575125335, 0, 5333, 5404, 4723, 23, 14.27%, 1, 0, 6, 47.10
1575125340, 0, 5359, 5409, 4728, 26, 14.27%, 1, 0, 6, 55.06
1575125345, 0, 5359, 5410, 4729, 26, 14.27%, 1, 0, 6, 83.84
1575125350, 0, 5360, 5410, 4728, 25, 14.27%, 1, 0, 6, 84.42
1575125355, 0, 5364, 5411, 4728, 24, 14.27%, 1, 0, 6, 23.44
1575125360, 0, 5364, 5412, 4729, 24, 14.27%, 1, 0, 6, 60.71
1575125371, 0, 5367, 5412, 4728, 23, 14.27%, 1, 0, 6, 76.51
1575125386, 0, 5368, 5412, 4727, 22, 14.27%, 1, 0, 6, 82.16
1575125401, 0, 5368, 5424, 4738, 21, 14.27%, 1, 0, 6, 43.99
1575125406, 0, 5369, 5426, 4740, 24, 14.27%, 1, 0, 6, 52.87
1575125417, 0, 5372, 5426, 4739, 23, 14.27%, 1, 0, 6, 61.44
1575125432, 0, 5383, 5426, 4738, 22, 14.27%, 1, 0, 6, 69.53
1575125452, 0, 5384, 5426, 4737, 21, 14.27%, 1, 0, 6, 77.73
1575125463, 0, 5387, 5427, 4737, 20, 14.27%, 1, 0, 6, 90.51
1575125468, 0, 5387, 5429, 4738, 19, 14.27%, 1, 0, 6, 73.21
1575125473, 0, 5387, 5443, 4752, 19, 14.27%, 1, 0, 6, 40.18
1575125478, 0, 5391, 5446, 4755, 22, 14.27%, 1, 0, 6, 33.11
1575125488, 0, 5395, 5446, 4754, 22, 14.27%, 1, 0, 6, 78.08
1575125503, 0, 5400, 5446, 4753, 21, 14.27%, 1, 0, 6, 77.96
1575125508, 0, 5400, 5447, 4754, 21, 14.27%, 1, 0, 6, 77.22
1575125513, 0, 5406, 5448, 4754, 20, 14.27%, 1, 0, 6, 73.28
1575125523, 0, 5412, 5448, 4753, 20, 14.27%, 1, 0, 6, 81.37
1575125529, 0, 5412, 5449, 4754, 20, 14.27%, 1, 0, 6, 71.27
1575125539, 0, 5412, 5460, 4764, 20, 14.27%, 1, 0, 6, 47.15
1575125544, 0, 5416, 5460, 4764, 21, 14.27%, 1, 0, 6, 38.54
1575125554, 0, 5428, 5460, 4762, 19, 14.27%, 1, 0, 6, 90.48
1575125569, 0, 5429, 5461, 4762, 18, 14.27%, 1, 0, 6, 61.12
1575125585, 0, 5445, 5461, 4761, 17, 14.27%, 1, 0, 6, 73.60
1575125595, 0, 5447, 5468, 4767, 18, 14.28%, 1, 0, 6, 49.26
1575125605, 0, 5455, 5469, 4767, 17, 14.28%, 1, 0, 6, 82.49
1575125615, 0, 5463, 5469, 4766, 16, 14.28%, 1, 0, 6, 61.83
1575125620, 0, 5463, 5470, 4767, 16, 14.28%, 1, 0, 6, 66.49
1575125625, 0, 5463, 5472, 4769, 16, 14.28%, 1, 0, 6, 67.96
1575125635, 0, 5463, 5473, 4770, 16, 14.28%, 1, 0, 6, 65.58
1575125640, 0, 5463, 5474, 4771, 16, 14.28%, 1, 0, 6, 62.41
