# unix_time, cycles_done, cur_path, paths_total, pending_total, pending_favs, map_size, unique_crashes, unique_hangs, max_depth, execs_per_sec
1574808064, 0, 0, 5, 5, 4, 9.97%, 0, 0, 1, 156.86
1574808069, 0, 0, 84, 84, 4, 10.69%, 3, 0, 2, 223.09
1574808074, 0, 0, 137, 137, 4, 11.03%, 5, 0, 2, 198.31
1574808079, 0, 0, 168, 168, 4, 11.06%, 11, 0, 2, 220.90
1574808084, 0, 0, 178, 178, 4, 11.08%, 11, 0, 2, 196.58
1574808089, 0, 0, 185, 185, 4, 11.12%, 16, 0, 2, 171.76
1574808094, 0, 0, 188, 188, 4, 11.12%, 18, 0, 2, 139.50
1574808099, 0, 0, 191, 191, 4, 11.12%, 18, 0, 2, 115.20
1574808104, 0, 0, 192, 192, 4, 11.12%, 24, 0, 2, 105.67
1574808110, 0, 0, 194, 194, 4, 11.13%, 24, 0, 2, 103.32
1574808115, 0, 0, 200, 200, 4, 11.18%, 25, 0, 2, 107.20
1574808125, 0, 0, 206, 206, 4, 11.18%, 25, 0, 2, 107.47
1574808135, 0, 0, 209, 209, 4, 11.18%, 26, 0, 2, 99.50
1574808145, 0, 0, 216, 216, 4, 11.19%, 26, 0, 2, 104.43
1574808151, 0, 0, 220, 220, 4, 11.20%, 26, 0, 2, 97.02
1574808156, 0, 0, 223, 223, 4, 11.20%, 26, 0, 2, 87.99
1574808166, 0, 0, 224, 224, 4, 11.20%, 26, 0, 2, 95.52
1574808171, 0, 0, 228, 228, 4, 11.21%, 26, 0, 2, 99.69
1574808187, 0, 0, 230, 230, 4, 11.22%, 26, 0, 2, 98.01
1574808192, 0, 0, 235, 235, 4, 11.22%, 26, 0, 2, 102.44
1574808197, 0, 0, 236, 236, 4, 11.22%, 26, 0, 2, 101.24
1574808207, 0, 0, 238, 238, 4, 11.23%, 26, 0, 2, 88.54
1574808212, 0, 0, 240, 240, 4, 11.23%, 26, 0, 2, 88.15
1574808217, 0, 0, 241, 241, 4, 11.24%, 26, 0, 2, 93.32
1574808222, 0, 0, 249, 249, 4, 11.24%, 26, 0, 2, 109.37
1574808228, 0, 0, 252, 252, 4, 11.24%, 26, 0, 2, 96.32
1574808233, 0, 0, 254, 254, 4, 11.24%, 29, 0, 2, 130.03
1574808238, 0, 0, 254, 254, 4, 11.24%, 30, 0, 2, 113.38
1574808243, 0, 0, 254, 254, 4, 11.24%, 31, 0, 2, 115.68
1574808248, 0, 0, 254, 254, 4, 11.24%, 35, 0, 2, 104.33
1574808258, 0, 0, 254, 254, 4, 11.24%, 36, 0, 2, 101.56
1574808268, 0, 0, 255, 255, 4, 11.24%, 38, 0, 2, 97.87
1574808278, 0, 0, 256, 256, 4, 11.24%, 38, 0, 2, 105.95
1574808284, 0, 0, 256, 256, 4, 11.24%, 39, 0, 2, 97.29
1574808289, 0, 0, 256, 256, 4, 11.24%, 40, 0, 2, 110.13
1574808360, 0, 0, 261, 261, 4, 11.24%, 40, 0, 2, 101.08
1574808365, 0, 0, 263, 263, 4, 11.24%, 40, 0, 2, 98.74
1574808370, 0, 0, 267, 267, 4, 11.25%, 40, 0, 2, 84.99
1574808375, 0, 0, 269, 269, 4, 11.25%, 40, 0, 2, 85.64
1574808380, 0, 0, 273, 273, 4, 11.25%, 40, 0, 2, 83.33
1574808386, 0, 0, 276, 276, 4, 11.26%, 40, 0, 2, 85.69
1574808391, 0, 0, 308, 308, 4, 11.29%, 40, 0, 2, 93.18
1574808396, 0, 0, 324, 324, 4, 11.31%, 42, 0, 2, 92.27
1574808401, 0, 0, 331, 331, 4, 11.31%, 43, 0, 2, 93.44
1574808406, 0, 0, 337, 337, 4, 11.31%, 43, 0, 2, 86.69
1574808411, 0, 0, 344, 344, 4, 11.31%, 43, 0, 2, 86.90
1574808417, 0, 0, 353, 353, 4, 11.32%, 43, 0, 2, 89.58
1574808422, 0, 0, 359, 359, 4, 11.32%, 43, 0, 2, 87.52
1574808427, 0, 0, 367, 367, 4, 11.36%, 43, 0, 2, 75.30
1574808432, 0, 0, 372, 372, 4, 11.36%, 45, 0, 2, 65.74
1574808437, 0, 0, 374, 374, 4, 11.38%, 45, 0, 2, 74.66
1574808442, 0, 0, 377, 377, 4, 11.38%, 45, 0, 2, 79.13
1574808447, 0, 0, 381, 381, 4, 11.40%, 45, 0, 2, 71.99
1574808452, 0, 0, 382, 382, 4, 11.40%, 45, 0, 2, 72.02
1574808457, 0, 0, 390, 390, 4, 11.41%, 46, 0, 2, 82.42
1574808462, 0, 0, 393, 393, 4, 11.41%, 48, 0, 2, 82.84
1574808467, 0, 0, 397, 397, 4, 11.41%, 48, 0, 2, 71.76
1574808472, 0, 0, 400, 400, 4, 11.41%, 48, 0, 2, 75.62
1574808477, 0, 0, 402, 402, 4, 11.41%, 49, 0, 2, 80.42
1574808482, 0, 0, 406, 406, 4, 11.41%, 49, 0, 2, 65.24
1574808488, 0, 0, 407, 407, 4, 11.41%, 49, 0, 2, 65.33
1574808493, 0, 0, 411, 411, 4, 11.41%, 50, 0, 2, 78.29
1574808498, 0, 0, 414, 414, 4, 11.42%, 50, 0, 2, 72.56
1574808503, 0, 0, 415, 415, 4, 11.42%, 50, 0, 2, 66.92
1574808508, 0, 0, 416, 416, 4, 11.42%, 50, 0, 2, 60.39
1574808518, 0, 0, 417, 417, 4, 11.42%, 50, 0, 2, 67.21
1574808523, 0, 0, 420, 420, 4, 11.42%, 50, 0, 2, 83.65
1574808528, 0, 0, 425, 425, 4, 11.47%, 50, 0, 2, 71.53
1574808534, 0, 0, 427, 427, 4, 11.47%, 50, 0, 2, 67.49
1574808539, 0, 0, 430, 430, 4, 11.47%, 50, 0, 2, 66.09
1574808544, 0, 0, 438, 438, 4, 11.47%, 50, 0, 2, 64.17
1574808549, 0, 0, 441, 441, 4, 11.47%, 50, 0, 2, 61.29
1574808554, 0, 0, 445, 445, 4, 11.47%, 50, 0, 2, 65.37
1574808559, 0, 0, 446, 446, 4, 11.47%, 50, 0, 2, 76.58
1574808564, 0, 0, 447, 447, 4, 11.47%, 50, 0, 2, 72.44
1574808569, 0, 0, 448, 448, 4, 11.47%, 50, 0, 2, 65.70
1574808574, 0, 0, 450, 450, 4, 11.49%, 50, 0, 2, 60.26
1574808579, 0, 0, 451, 451, 4, 11.49%, 51, 0, 2, 65.48
1574808584, 0, 0, 451, 451, 4, 11.49%, 52, 0, 2, 61.81
1574808590, 0, 0, 451, 451, 4, 11.49%, 53, 0, 2, 60.87
1574808595, 0, 0, 454, 454, 4, 11.49%, 53, 0, 2, 74.53
1574808600, 0, 0, 456, 456, 4, 11.49%, 53, 0, 2, 77.36
1574808605, 0, 0, 458, 458, 4, 11.49%, 54, 0, 2, 73.99
1574808610, 0, 0, 460, 460, 4, 11.49%, 54, 0, 2, 73.23
1574808615, 0, 0, 466, 466, 4, 11.49%, 54, 0, 2, 69.02
1574808620, 0, 0, 468, 468, 4, 11.49%, 54, 0, 2, 54.20
1574808630, 0, 0, 471, 471, 4, 11.49%, 54, 0, 2, 78.45
1574808636, 0, 0, 474, 474, 4, 11.50%, 55, 0, 2, 71.90
1574808641, 0, 0, 475, 475, 4, 11.50%, 55, 0, 2, 76.64
1574808646, 0, 0, 478, 478, 4, 11.50%, 55, 0, 2, 77.04
1574808651, 0, 0, 481, 481, 4, 11.50%, 56, 0, 2, 84.49
1574808656, 0, 0, 483, 483, 4, 11.50%, 56, 0, 2, 83.84
1574808666, 0, 0, 485, 485, 4, 11.50%, 56, 0, 2, 62.40
1574808671, 0, 0, 486, 486, 4, 11.51%, 57, 0, 2, 57.43
1574808676, 0, 0, 487, 487, 4, 11.51%, 57, 0, 2, 67.76
1574808681, 0, 0, 489, 489, 4, 11.51%, 58, 0, 2, 67.55
1574808686, 0, 0, 490, 490, 4, 11.51%, 58, 0, 2, 70.87
1574808691, 0, 0, 493, 493, 4, 11.51%, 58, 0, 2, 80.82
1574808702, 0, 0, 495, 495, 4, 11.51%, 58, 0, 2, 78.27
1574808712, 0, 0, 497, 497, 4, 11.51%, 59, 0, 2, 74.09
1574808717, 0, 0, 501, 501, 4, 11.52%, 59, 0, 2, 76.35
1574808722, 0, 0, 503, 503, 4, 11.52%, 59, 0, 2, 72.08
1574808727, 0, 0, 505, 505, 4, 11.52%, 60, 0, 2, 77.21
1574808732, 0, 0, 506, 506, 4, 11.52%, 61, 0, 2, 76.27
1574808737, 0, 0, 508, 508, 4, 11.52%, 61, 0, 2, 80.85
1574808742, 0, 0, 510, 510, 4, 11.52%, 62, 0, 2, 77.85
1574808748, 0, 0, 511, 511, 4, 11.52%, 62, 0, 2, 70.14
1574808753, 0, 0, 513, 513, 4, 11.53%, 62, 0, 2, 82.80
1574808758, 0, 0, 514, 514, 4, 11.53%, 62, 0, 2, 73.14
1574808768, 0, 0, 517, 517, 4, 11.53%, 62, 0, 2, 83.62
1574808773, 0, 0, 520, 520, 4, 11.54%, 62, 0, 2, 73.09
1574808788, 0, 0, 521, 521, 4, 11.54%, 63, 0, 2, 64.43
1574808799, 0, 0, 522, 522, 4, 11.54%, 63, 0, 2, 71.83
1574808804, 0, 0, 523, 523, 4, 11.54%, 63, 0, 2, 70.75
1574808809, 0, 0, 524, 524, 4, 11.54%, 63, 0, 2, 67.96
1574808814, 0, 0, 525, 525, 4, 11.54%, 63, 0, 2, 66.32
1574808819, 0, 0, 525, 525, 4, 11.54%, 64, 0, 2, 64.51
1574808824, 0, 0, 528, 528, 4, 11.54%, 64, 0, 2, 80.46
1574808829, 0, 0, 529, 529, 4, 11.54%, 64, 0, 2, 91.79
1574808834, 0, 0, 530, 530, 4, 11.54%, 64, 0, 2, 86.64
1574808850, 0, 0, 531, 531, 4, 11.54%, 64, 0, 2, 80.88
1574808855, 0, 0, 532, 532, 4, 11.54%, 65, 0, 2, 74.59
1574808860, 0, 0, 547, 546, 3, 11.97%, 65, 0, 2, 62.99
1574808865, 0, 0, 567, 566, 3, 12.26%, 65, 0, 2, 44.89
1574808870, 0, 0, 591, 590, 3, 12.32%, 65, 0, 2, 46.82
1574808875, 0, 0, 615, 614, 3, 12.39%, 65, 0, 2, 46.68
1574808880, 0, 0, 636, 635, 3, 12.44%, 65, 0, 2, 40.13
1574808885, 0, 0, 658, 657, 3, 12.69%, 65, 0, 2, 42.92
1574808891, 0, 0, 688, 687, 3, 12.73%, 65, 0, 2, 51.97
1574808896, 0, 0, 714, 713, 3, 12.79%, 65, 0, 2, 49.82
1574808901, 0, 0, 737, 736, 3, 12.81%, 65, 0, 2, 46.09
1574808906, 0, 0, 762, 761, 3, 12.82%, 65, 0, 2, 49.52
1574808911, 0, 0, 785, 784, 3, 12.84%, 65, 0, 2, 48.83
1574808916, 0, 0, 808, 807, 3, 12.85%, 65, 0, 2, 50.60
1574808921, 0, 0, 832, 831, 3, 12.86%, 65, 0, 2, 47.65
1574808926, 0, 0, 857, 856, 3, 12.89%, 65, 0, 2, 50.03
1574808932, 0, 0, 882, 881, 3, 12.97%, 65, 0, 2, 49.56
1574808937, 0, 0, 910, 909, 3, 13.01%, 65, 0, 2, 58.93
1574808942, 0, 0, 932, 931, 3, 13.04%, 65, 0, 2, 49.29
1574808947, 0, 0, 957, 956, 3, 13.09%, 65, 0, 2, 49.04
1574808952, 0, 0, 982, 981, 3, 13.11%, 65, 0, 2, 53.72
1574808957, 0, 0, 1007, 1006, 3, 13.13%, 65, 0, 2, 51.01
1574808962, 0, 0, 1036, 1035, 3, 13.21%, 65, 0, 2, 56.37
1574808967, 0, 0, 1060, 1059, 3, 13.22%, 65, 0, 2, 54.67
1574808972, 0, 0, 1074, 1073, 3, 13.24%, 65, 0, 2, 47.90
1574808977, 0, 0, 1090, 1089, 3, 13.25%, 65, 0, 2, 49.87
1574808982, 0, 0, 1107, 1106, 3, 13.26%, 65, 0, 2, 52.86
1574808988, 0, 0, 1126, 1125, 3, 13.27%, 65, 0, 2, 53.20
1574808993, 0, 0, 1140, 1139, 3, 13.28%, 65, 0, 2, 43.11
1574808998, 0, 0, 1155, 1154, 3, 13.28%, 65, 0, 2, 47.21
1574809003, 0, 0, 1171, 1170, 3, 13.28%, 65, 0, 2, 47.67
1574809008, 0, 0, 1184, 1183, 3, 13.29%, 65, 0, 2, 51.45
1574809013, 0, 0, 1196, 1195, 3, 13.29%, 65, 0, 2, 51.32
1574809018, 0, 0, 1208, 1207, 3, 13.29%, 65, 0, 2, 45.88
1574809024, 0, 0, 1213, 1212, 3, 13.29%, 65, 0, 2, 56.46
1574809029, 0, 0, 1224, 1223, 3, 13.34%, 65, 0, 2, 51.78
1574809034, 0, 0, 1232, 1231, 3, 13.35%, 65, 0, 2, 51.99
1574809039, 0, 0, 1239, 1238, 3, 13.37%, 65, 0, 2, 54.91
1574809044, 0, 0, 1247, 1246, 3, 13.37%, 65, 0, 2, 54.01
1574809049, 0, 0, 1256, 1255, 3, 13.37%, 65, 0, 2, 58.21
1574809055, 0, 0, 1261, 1260, 3, 13.37%, 65, 0, 2, 56.90
1574809060, 0, 0, 1268, 1267, 3, 13.46%, 65, 0, 2, 56.88
1574809065, 0, 0, 1277, 1276, 3, 13.47%, 65, 0, 2, 52.95
1574809070, 0, 0, 1280, 1279, 3, 13.47%, 65, 0, 2, 50.84
1574809075, 0, 0, 1284, 1283, 3, 13.47%, 65, 0, 2, 45.91
1574809080, 0, 0, 1289, 1288, 3, 13.54%, 65, 0, 2, 50.46
1574809085, 0, 0, 1294, 1293, 3, 13.54%, 65, 0, 2, 49.81
1574809090, 0, 0, 1299, 1298, 3, 13.54%, 65, 0, 2, 52.38
1574809095, 0, 0, 1303, 1302, 3, 13.55%, 65, 0, 2, 48.19
1574809100, 0, 0, 1307, 1306, 3, 13.55%, 65, 0, 2, 56.64
1574809105, 0, 0, 1312, 1311, 3, 13.55%, 65, 0, 2, 55.04
1574809111, 0, 0, 1314, 1313, 3, 13.56%, 65, 0, 2, 63.05
1574809116, 0, 0, 1322, 1321, 3, 13.56%, 65, 0, 2, 60.89
1574809121, 0, 0, 1325, 1324, 3, 13.56%, 65, 0, 2, 59.32
1574809126, 0, 0, 1327, 1326, 3, 13.56%, 65, 0, 2, 47.90
1574809136, 0, 0, 1330, 1329, 3, 13.57%, 65, 0, 2, 47.65
1574809147, 0, 0, 1334, 1333, 3, 13.57%, 65, 0, 2, 51.85
1574809152, 0, 0, 1340, 1339, 3, 13.58%, 65, 0, 2, 60.96
1574809157, 0, 0, 1345, 1344, 3, 13.58%, 65, 0, 2, 66.02
1574809162, 0, 1, 1347, 1346, 212, 13.58%, 67, 0, 2, 72.70
1574809167, 0, 1, 1348, 1347, 212, 13.58%, 71, 0, 2, 66.29
1574809172, 0, 1, 1348, 1347, 212, 13.58%, 72, 0, 2, 71.35
1574809177, 0, 1, 1349, 1348, 212, 13.59%, 75, 0, 2, 69.86
1574809187, 0, 1, 1349, 1348, 212, 13.59%, 77, 0, 2, 64.17
1574809193, 0, 1, 1349, 1348, 212, 13.59%, 78, 0, 2, 64.71
1574809203, 0, 1, 1349, 1348, 212, 13.59%, 89, 0, 2, 65.62
1574809223, 0, 1, 1350, 1349, 212, 13.59%, 89, 0, 2, 64.05
1574809249, 0, 1, 1350, 1349, 212, 13.59%, 90, 0, 2, 62.55
1574809310, 0, 1, 1350, 1349, 212, 13.59%, 93, 0, 2, 64.32
1574809351, 0, 1, 1350, 1349, 212, 13.59%, 94, 0, 2, 60.63
1574809356, 0, 1, 1350, 1349, 212, 13.59%, 97, 0, 2, 52.16
1574809361, 0, 1, 1350, 1349, 212, 13.59%, 98, 0, 2, 50.19
1574809402, 0, 1, 1350, 1349, 212, 13.59%, 99, 0, 2, 58.76
1574809433, 0, 1, 1350, 1349, 212, 13.59%, 100, 0, 2, 77.13
1574809438, 0, 1, 1350, 1349, 212, 13.59%, 101, 0, 2, 93.17
1574809448, 0, 1, 1351, 1350, 212, 13.59%, 102, 0, 2, 76.17
1574809458, 0, 1, 1351, 1350, 212, 13.59%, 103, 0, 2, 77.50
1574809468, 0, 1, 1351, 1350, 212, 13.59%, 105, 0, 2, 93.40
1574809479, 0, 1, 1351, 1350, 212, 13.59%, 106, 0, 2, 72.52
1574809484, 0, 1, 1351, 1350, 212, 13.59%, 107, 0, 2, 87.78
1574809489, 0, 1, 1352, 1351, 212, 13.59%, 107, 0, 2, 98.21
1574809494, 0, 1, 1352, 1351, 212, 13.59%, 110, 0, 2, 93.52
1574809504, 0, 1, 1352, 1351, 212, 13.59%, 111, 0, 2, 75.05
1574809525, 0, 1, 1353, 1352, 212, 13.59%, 111, 0, 2, 72.40
1574809535, 0, 1, 1353, 1352, 212, 13.59%, 112, 0, 2, 72.63
1574809545, 0, 1, 1353, 1352, 212, 13.59%, 113, 0, 2, 65.82
1574809560, 0, 1, 1353, 1352, 212, 13.59%, 114, 0, 2, 81.67
1574809571, 0, 1, 1353, 1352, 212, 13.59%, 115, 0, 2, 73.89
1574809586, 0, 1, 1353, 1352, 212, 13.59%, 116, 0, 2, 82.79
1574809591, 0, 1, 1353, 1352, 212, 13.59%, 117, 0, 2, 82.48
1574809611, 0, 1, 1354, 1353, 212, 13.59%, 118, 0, 2, 69.43
1574809616, 0, 1, 1355, 1354, 212, 13.59%, 119, 0, 2, 66.80
1574809621, 0, 1, 1356, 1355, 212, 13.59%, 119, 0, 2, 65.43
1574809632, 0, 1, 1356, 1355, 212, 13.59%, 120, 0, 2, 68.68
1574809637, 0, 1, 1356, 1355, 212, 13.59%, 121, 0, 2, 69.65
1574809652, 0, 1, 1356, 1355, 212, 13.59%, 122, 0, 2, 81.74
1574809668, 0, 1, 1357, 1356, 212, 13.59%, 122, 0, 2, 77.07
1574809683, 0, 1, 1357, 1356, 212, 13.59%, 123, 0, 2, 68.90
1574809698, 0, 1, 1357, 1356, 212, 13.59%, 124, 0, 2, 72.13
1574809723, 0, 1, 1359, 1358, 212, 13.59%, 124, 0, 2, 71.57
1574809734, 0, 1, 1359, 1358, 212, 13.59%, 125, 0, 2, 69.09
1574809739, 0, 1, 1359, 1358, 212, 13.59%, 126, 0, 2, 69.52
1574809759, 0, 2, 1359, 1357, 215, 13.59%, 126, 0, 2, 63.50
1574809764, 0, 2, 1364, 1362, 215, 13.60%, 130, 0, 2, 55.62
1574809785, 0, 2, 1364, 1362, 215, 13.60%, 131, 0, 2, 55.68
1574809790, 0, 2, 1364, 1362, 215, 13.60%, 132, 0, 2, 54.74
1574809795, 0, 2, 1365, 1363, 215, 13.60%, 133, 0, 2, 56.98
1574809806, 0, 2, 1367, 1365, 215, 13.60%, 136, 0, 2, 51.77
1574809811, 0, 2, 1369, 1367, 215, 13.60%, 137, 0, 2, 60.06
1574809816, 0, 2, 1371, 1369, 215, 13.63%, 139, 0, 2, 62.86
1574809821, 0, 2, 1372, 1370, 215, 13.63%, 139, 0, 2, 50.87
1574809836, 0, 2, 1373, 1371, 215, 13.63%, 140, 0, 2, 53.21
1574809842, 0, 2, 1375, 1373, 215, 13.75%, 140, 0, 2, 58.91
1574809852, 0, 2, 1375, 1373, 215, 13.75%, 141, 0, 2, 48.95
1574809857, 0, 2, 1377, 1375, 215, 13.77%, 142, 0, 2, 61.69
1574809862, 0, 2, 1378, 1376, 215, 13.77%, 145, 0, 2, 64.41
1574809867, 0, 2, 1379, 1377, 215, 13.77%, 145, 0, 2, 58.17
1574809913, 0, 2, 1379, 1377, 215, 13.77%, 146, 0, 2, 47.06
1574809918, 0, 2, 1380, 1378, 215, 13.77%, 148, 0, 2, 47.36
1574809923, 0, 2, 1381, 1379, 215, 13.77%, 149, 0, 2, 47.09
1574809944, 0, 2, 1382, 1380, 215, 13.77%, 149, 0, 2, 60.63
1574809949, 0, 2, 1383, 1381, 215, 13.78%, 149, 0, 2, 59.82
1574809954, 0, 2, 1386, 1384, 215, 13.78%, 149, 0, 2, 52.05
1574810000, 0, 2, 1387, 1385, 215, 13.78%, 149, 0, 2, 64.13
1574810010, 0, 2, 1390, 1388, 215, 13.79%, 149, 0, 2, 45.37
1574810118, 0, 2, 1391, 1389, 215, 13.79%, 149, 0, 2, 57.61
1574810184, 0, 2, 1392, 1390, 215, 13.79%, 149, 0, 2, 44.74
1574810210, 0, 2, 1393, 1391, 215, 13.79%, 149, 0, 2, 47.13
1574810230, 0, 2, 1395, 1393, 215, 13.79%, 149, 0, 2, 59.57
1574810241, 0, 2, 1396, 1394, 215, 13.80%, 149, 0, 2, 51.74
1574810266, 0, 2, 1397, 1395, 215, 13.80%, 149, 0, 2, 50.80
1574810322, 0, 2, 1398, 1396, 215, 13.80%, 150, 0, 2, 57.95
1574810328, 0, 2, 1398, 1396, 215, 13.80%, 151, 0, 2, 51.53
1574810348, 0, 2, 1398, 1396, 215, 13.80%, 152, 0, 2, 71.29
1574810485, 0, 2, 1398, 1396, 215, 13.80%, 153, 0, 2, 51.31
1574810588, 0, 2, 1398, 1396, 215, 13.80%, 154, 0, 2, 58.18
1574810696, 0, 2, 1400, 1398, 215, 13.80%, 154, 0, 2, 35.95
1574810706, 0, 2, 1401, 1399, 215, 13.80%, 154, 0, 2, 66.60
1574810808, 0, 2, 1403, 1401, 215, 13.80%, 154, 0, 2, 75.30
1574810814, 0, 2, 1403, 1401, 215, 13.80%, 155, 0, 2, 77.03
1574810829, 0, 2, 1403, 1401, 215, 13.80%, 156, 0, 2, 72.18
1574810834, 0, 2, 1404, 1402, 215, 13.80%, 156, 0, 2, 77.48
1574810844, 0, 2, 1404, 1402, 215, 13.80%, 157, 0, 2, 80.63
1574810854, 0, 2, 1405, 1403, 215, 13.80%, 157, 0, 2, 75.54
1574810870, 0, 2, 1406, 1404, 215, 13.80%, 158, 0, 2, 76.63
1574810875, 0, 2, 1408, 1406, 215, 13.80%, 158, 0, 2, 73.49
1574810895, 0, 2, 1408, 1406, 215, 13.80%, 159, 0, 2, 88.61
1574810900, 0, 2, 1408, 1406, 215, 13.80%, 160, 0, 2, 89.70
1574810916, 0, 2, 1408, 1406, 215, 13.80%, 161, 0, 2, 71.72
1574810926, 0, 2, 1409, 1407, 215, 13.80%, 161, 0, 2, 87.35
1574810931, 0, 2, 1410, 1408, 215, 13.80%, 162, 0, 2, 83.52
1574810941, 0, 2, 1411, 1409, 215, 13.80%, 162, 0, 2, 79.63
1574810946, 0, 2, 1412, 1410, 215, 13.80%, 162, 0, 2, 71.83
1574810951, 0, 2, 1412, 1410, 215, 13.80%, 163, 0, 2, 65.33
1574810961, 0, 2, 1412, 1410, 215, 13.80%, 164, 0, 2, 75.91
1574810966, 0, 2, 1412, 1410, 215, 13.80%, 165, 0, 2, 78.77
1574810971, 0, 2, 1412, 1410, 215, 13.80%, 166, 0, 2, 78.87
1574810982, 0, 2, 1413, 1411, 215, 13.80%, 166, 0, 2, 74.75
1574810997, 0, 2, 1413, 1411, 215, 13.80%, 168, 0, 2, 80.48
1574811012, 0, 2, 1413, 1411, 215, 13.80%, 170, 0, 2, 76.89
1574811023, 0, 2, 1413, 1411, 215, 13.80%, 171, 0, 2, 91.29
1574811043, 0, 18, 1414, 1411, 230, 13.80%, 171, 0, 2, 68.86
1574811349, 0, 28, 1414, 1410, 229, 13.80%, 171, 0, 2, 78.67
1574811374, 0, 28, 1414, 1410, 229, 13.80%, 172, 0, 2, 72.20
1574811533, 0, 28, 1414, 1410, 229, 13.80%, 173, 0, 2, 66.00
1574811829, 0, 28, 1415, 1411, 229, 13.80%, 173, 0, 3, 63.57
1574811855, 0, 28, 1416, 1412, 229, 13.81%, 173, 0, 3, 63.80
1574811865, 0, 28, 1417, 1413, 229, 13.81%, 173, 0, 3, 63.53
1574811921, 0, 47, 1417, 1412, 230, 13.81%, 173, 0, 3, 80.70
1574812095, 0, 47, 1423, 1417, 229, 13.97%, 173, 0, 3, 55.65
1574812100, 0, 47, 1442, 1436, 229, 14.30%, 173, 0, 3, 43.66
1574812105, 0, 47, 1459, 1453, 229, 14.39%, 173, 0, 3, 37.03
1574812110, 0, 47, 1479, 1473, 229, 14.41%, 173, 0, 3, 39.16
1574812116, 0, 47, 1502, 1496, 229, 14.51%, 173, 0, 3, 40.88
1574812121, 0, 47, 1524, 1518, 229, 14.54%, 173, 0, 3, 43.64
1574812126, 0, 47, 1548, 1542, 229, 14.57%, 173, 0, 3, 43.52
1574812131, 0, 47, 1572, 1566, 229, 14.59%, 173, 0, 3, 43.14
1574812136, 0, 47, 1594, 1588, 229, 14.64%, 173, 0, 3, 40.21
1574812141, 0, 47, 1618, 1612, 229, 14.67%, 173, 0, 3, 42.11
1574812146, 0, 47, 1640, 1634, 229, 14.71%, 173, 0, 3, 42.48
1574812151, 0, 47, 1660, 1654, 229, 14.72%, 173, 0, 3, 40.79
1574812156, 0, 47, 1685, 1679, 229, 14.76%, 173, 0, 3, 41.76
1574812161, 0, 47, 1709, 1703, 229, 14.80%, 173, 0, 3, 48.89
1574812166, 0, 47, 1732, 1726, 229, 14.82%, 173, 0, 3, 48.96
1574812171, 0, 47, 1761, 1755, 229, 14.84%, 173, 0, 3, 52.78
1574812176, 0, 47, 1788, 1782, 229, 14.85%, 173, 0, 3, 51.16
1574812181, 0, 47, 1813, 1807, 229, 14.86%, 173, 0, 3, 58.35
1574812186, 0, 47, 1831, 1825, 229, 14.88%, 173, 0, 3, 39.48
1574812192, 0, 47, 1852, 1846, 229, 14.92%, 173, 0, 3, 38.51
1574812197, 0, 47, 1873, 1867, 229, 14.93%, 173, 0, 3, 39.50
1574812202, 0, 47, 1894, 1888, 229, 14.95%, 173, 0, 3, 42.10
1574812207, 0, 47, 1918, 1912, 229, 14.95%, 173, 0, 3, 43.89
1574812212, 0, 47, 1943, 1937, 229, 14.97%, 173, 0, 3, 43.90
1574812217, 0, 47, 1967, 1961, 229, 14.98%, 173, 0, 3, 43.54
1574812222, 0, 47, 1992, 1986, 229, 14.99%, 173, 0, 3, 45.95
1574812228, 0, 47, 2012, 2006, 229, 15.00%, 173, 0, 3, 38.96
1574812233, 0, 47, 2031, 2025, 229, 15.01%, 173, 0, 3, 38.05
1574812238, 0, 47, 2052, 2046, 229, 15.02%, 173, 0, 3, 38.97
1574812243, 0, 47, 2072, 2066, 229, 15.03%, 173, 0, 3, 40.58
1574812248, 0, 47, 2097, 2091, 229, 15.10%, 173, 0, 3, 44.02
1574812253, 0, 47, 2116, 2110, 229, 15.12%, 173, 0, 3, 38.62
1574812259, 0, 47, 2140, 2134, 229, 15.13%, 173, 0, 3, 45.46
1574812264, 0, 47, 2162, 2156, 229, 15.13%, 173, 0, 3, 42.15
1574812269, 0, 47, 2186, 2180, 229, 15.14%, 173, 0, 3, 47.93
1574812274, 0, 47, 2207, 2201, 229, 15.15%, 173, 0, 3, 43.22
1574812279, 0, 47, 2226, 2220, 229, 15.15%, 173, 0, 3, 39.54
1574812284, 0, 47, 2248, 2242, 229, 15.16%, 173, 0, 3, 43.60
1574812289, 0, 47, 2268, 2262, 229, 15.16%, 173, 0, 3, 45.66
1574812294, 0, 47, 2286, 2280, 229, 15.16%, 173, 0, 3, 38.48
1574812300, 0, 47, 2295, 2289, 229, 15.17%, 173, 0, 3, 33.23
1574812305, 0, 47, 2302, 2296, 229, 15.17%, 173, 0, 3, 31.74
1574812310, 0, 47, 2311, 2305, 229, 15.17%, 173, 0, 3, 35.44
1574812315, 0, 47, 2321, 2315, 229, 15.17%, 173, 0, 3, 33.37
1574812320, 0, 47, 2332, 2326, 229, 15.17%, 173, 0, 3, 36.79
1574812325, 0, 47, 2340, 2334, 229, 15.17%, 173, 0, 3, 42.11
1574812330, 0, 47, 2352, 2346, 229, 15.17%, 173, 0, 3, 38.94
1574812335, 0, 47, 2359, 2353, 229, 15.17%, 173, 0, 3, 42.06
1574812340, 0, 47, 2367, 2361, 229, 15.18%, 173, 0, 3, 52.81
1574812345, 0, 47, 2379, 2373, 229, 15.18%, 173, 0, 3, 45.08
1574812351, 0, 47, 2387, 2381, 229, 15.18%, 173, 0, 3, 40.94
1574812356, 0, 47, 2396, 2390, 229, 15.19%, 173, 0, 3, 38.89
1574812361, 0, 47, 2407, 2401, 229, 15.19%, 173, 0, 3, 43.90
1574812366, 0, 47, 2415, 2409, 229, 15.19%, 173, 0, 3, 38.63
1574812371, 0, 47, 2423, 2417, 229, 15.19%, 173, 0, 3, 34.07
1574812376, 0, 47, 2429, 2423, 229, 15.19%, 173, 0, 3, 37.12
1574812381, 0, 47, 2431, 2425, 229, 15.19%, 173, 0, 3, 36.83
1574812386, 0, 47, 2435, 2429, 229, 15.20%, 173, 0, 3, 39.40
1574812391, 0, 47, 2438, 2432, 229, 15.20%, 173, 0, 3, 37.07
1574812396, 0, 47, 2440, 2434, 229, 15.20%, 173, 0, 3, 33.28
1574812401, 0, 47, 2446, 2440, 229, 15.20%, 173, 0, 3, 41.86
1574812407, 0, 47, 2452, 2446, 229, 15.20%, 173, 0, 3, 42.89
1574812412, 0, 47, 2458, 2452, 229, 15.20%, 173, 0, 3, 37.77
1574812417, 0, 47, 2465, 2459, 229, 15.20%, 173, 0, 3, 39.54
1574812422, 0, 47, 2471, 2465, 229, 15.21%, 173, 0, 3, 37.04
1574812427, 0, 47, 2475, 2469, 229, 15.21%, 173, 0, 3, 38.07
1574812432, 0, 47, 2479, 2473, 229, 15.21%, 173, 0, 3, 40.49
1574812437, 0, 47, 2480, 2474, 229, 15.21%, 173, 0, 3, 41.88
1574812442, 0, 47, 2486, 2480, 229, 15.21%, 173, 0, 3, 39.77
1574812447, 0, 47, 2490, 2484, 229, 15.21%, 173, 0, 3, 42.42
1574812452, 0, 47, 2493, 2487, 229, 15.21%, 173, 0, 3, 41.28
1574812457, 0, 47, 2499, 2493, 229, 15.23%, 173, 0, 3, 37.87
1574812462, 0, 47, 2503, 2497, 229, 15.23%, 173, 0, 3, 37.45
1574812468, 0, 47, 2506, 2500, 229, 15.23%, 173, 0, 3, 32.62
1574812473, 0, 47, 2508, 2502, 229, 15.23%, 173, 0, 3, 37.49
1574812478, 0, 47, 2510, 2504, 229, 15.23%, 173, 0, 3, 40.77
1574812483, 0, 47, 2514, 2508, 229, 15.23%, 173, 0, 3, 44.57
1574812488, 0, 47, 2516, 2510, 229, 15.23%, 173, 0, 3, 43.96
1574812493, 0, 47, 2517, 2511, 229, 15.23%, 173, 0, 3, 42.75
1574812498, 0, 47, 2520, 2514, 229, 15.24%, 173, 0, 3, 41.40
1574812503, 0, 47, 2524, 2518, 229, 15.24%, 173, 0, 3, 34.73
1574812509, 0, 47, 2526, 2520, 229, 15.24%, 173, 0, 3, 41.63
1574812514, 0, 47, 2528, 2522, 229, 15.24%, 173, 0, 3, 41.74
1574812519, 0, 47, 2530, 2524, 229, 15.24%, 173, 0, 3, 45.56
1574812524, 0, 47, 2531, 2525, 229, 15.24%, 173, 0, 3, 41.05
1574812529, 0, 47, 2535, 2529, 229, 15.24%, 173, 0, 3, 35.87
1574812534, 0, 47, 2538, 2532, 229, 15.24%, 173, 0, 3, 39.86
1574812539, 0, 47, 2539, 2533, 229, 15.24%, 173, 0, 3, 38.58
1574812544, 0, 47, 2544, 2538, 229, 15.24%, 173, 0, 3, 36.48
1574812549, 0, 47, 2549, 2543, 229, 15.26%, 173, 0, 3, 34.82
1574812554, 0, 47, 2551, 2545, 229, 15.26%, 173, 0, 3, 38.74
1574812560, 0, 47, 2556, 2550, 229, 15.26%, 173, 0, 3, 38.53
1574812565, 0, 47, 2558, 2552, 229, 15.26%, 173, 0, 3, 40.55
1574812575, 0, 47, 2561, 2555, 229, 15.26%, 173, 0, 3, 43.70
1574812580, 0, 47, 2565, 2559, 229, 15.27%, 173, 0, 3, 46.93
1574812585, 0, 47, 2569, 2563, 229, 15.27%, 173, 0, 3, 44.60
1574812590, 0, 47, 2572, 2566, 229, 15.27%, 173, 0, 3, 46.44
1574812595, 0, 47, 2574, 2568, 229, 15.27%, 173, 0, 3, 39.88
1574812605, 0, 47, 2577, 2571, 229, 15.27%, 173, 0, 3, 39.26
1574812610, 0, 47, 2579, 2573, 229, 15.28%, 173, 0, 3, 40.63
1574812615, 0, 47, 2584, 2578, 229, 15.28%, 173, 0, 3, 37.04
1574812621, 0, 52, 2586, 2580, 325, 15.28%, 173, 0, 3, 55.62
1574812712, 0, 66, 2586, 2579, 324, 15.28%, 173, 0, 3, 80.22
1574812907, 0, 73, 2586, 2578, 324, 15.28%, 173, 0, 3, 86.28
1574813413, 0, 78, 2586, 2577, 322, 15.28%, 173, 0, 3, 80.21
1574813597, 0, 83, 2586, 2576, 321, 15.28%, 173, 0, 3, 64.30
1574813602, 0, 83, 2586, 2576, 321, 15.28%, 174, 0, 3, 57.12
1574813663, 0, 83, 2586, 2576, 321, 15.28%, 175, 0, 3, 64.54
1574813709, 0, 83, 2587, 2577, 321, 15.28%, 175, 0, 3, 64.37
1574814154, 0, 83, 2587, 2577, 321, 15.28%, 176, 0, 3, 76.78
1574814179, 0, 83, 2587, 2577, 321, 15.28%, 177, 0, 3, 69.31
1574814189, 0, 83, 2597, 2586, 320, 15.29%, 177, 0, 3, 52.58
1574814194, 0, 83, 2616, 2605, 320, 15.30%, 177, 0, 3, 37.65
1574814199, 0, 83, 2634, 2623, 320, 15.33%, 177, 0, 3, 34.43
1574814204, 0, 83, 2654, 2643, 320, 15.35%, 177, 0, 3, 38.21
1574814210, 0, 83, 2671, 2660, 320, 15.46%, 177, 0, 3, 33.22
1574814215, 0, 83, 2690, 2679, 320, 15.46%, 177, 0, 3, 35.78
1574814220, 0, 83, 2709, 2698, 320, 15.47%, 177, 0, 3, 34.88
1574814225, 0, 83, 2729, 2718, 320, 15.48%, 177, 0, 3, 35.63
1574814230, 0, 83, 2748, 2737, 320, 15.49%, 177, 0, 3, 33.46
1574814235, 0, 83, 2767, 2756, 320, 15.49%, 177, 0, 3, 35.14
1574814240, 0, 83, 2784, 2773, 320, 15.55%, 177, 0, 3, 34.26
1574814245, 0, 83, 2800, 2789, 320, 15.56%, 177, 0, 3, 32.38
1574814250, 0, 83, 2819, 2808, 320, 15.58%, 177, 0, 3, 34.17
1574814255, 0, 83, 2834, 2823, 320, 15.58%, 177, 0, 3, 28.20
1574814260, 0, 83, 2855, 2844, 320, 15.59%, 177, 0, 3, 34.26
1574814265, 0, 83, 2877, 2866, 320, 15.60%, 177, 0, 3, 40.34
1574814270, 0, 83, 2894, 2883, 320, 15.61%, 177, 0, 3, 36.71
1574814276, 0, 83, 2913, 2902, 320, 15.61%, 177, 0, 3, 34.77
1574814281, 0, 83, 2928, 2917, 320, 15.66%, 177, 0, 3, 33.25
1574814286, 0, 83, 2942, 2931, 320, 15.67%, 177, 0, 3, 32.57
1574814291, 0, 83, 2961, 2950, 320, 15.67%, 177, 0, 3, 32.22
1574814296, 0, 83, 2978, 2967, 320, 15.67%, 177, 0, 3, 32.37
1574814301, 0, 83, 2988, 2977, 320, 15.67%, 177, 0, 3, 29.63
1574814307, 0, 83, 2998, 2987, 320, 15.68%, 177, 0, 3, 29.80
1574814312, 0, 83, 3003, 2992, 320, 15.68%, 177, 0, 3, 29.76
1574814317, 0, 83, 3011, 3000, 320, 15.68%, 177, 0, 3, 28.51
1574814322, 0, 83, 3016, 3005, 320, 15.68%, 177, 0, 3, 30.03
1574814327, 0, 83, 3028, 3017, 320, 15.68%, 177, 0, 3, 30.07
1574814332, 0, 83, 3037, 3026, 320, 15.68%, 177, 0, 3, 34.16
1574814337, 0, 83, 3048, 3037, 320, 15.68%, 177, 0, 3, 29.62
1574814342, 0, 83, 3057, 3046, 320, 15.68%, 177, 0, 3, 30.69
1574814347, 0, 83, 3061, 3050, 320, 15.68%, 177, 0, 3, 28.98
1574814352, 0, 83, 3064, 3053, 320, 15.68%, 177, 0, 3, 28.36
1574814357, 0, 83, 3072, 3061, 320, 15.68%, 177, 0, 3, 29.96
1574814363, 0, 83, 3078, 3067, 320, 15.68%, 177, 0, 3, 31.17
1574814368, 0, 83, 3085, 3074, 320, 15.69%, 177, 0, 3, 34.45
1574814373, 0, 83, 3091, 3080, 320, 15.69%, 177, 0, 3, 34.97
1574814378, 0, 83, 3095, 3084, 320, 15.69%, 177, 0, 3, 32.19
1574814383, 0, 83, 3100, 3089, 320, 15.69%, 177, 0, 3, 31.59
1574814388, 0, 83, 3106, 3095, 320, 15.69%, 177, 0, 3, 30.61
1574814393, 0, 83, 3109, 3098, 320, 15.69%, 177, 0, 3, 34.47
1574814398, 0, 83, 3113, 3102, 320, 15.69%, 177, 0, 3, 29.92
1574814403, 0, 83, 3115, 3104, 320, 15.69%, 177, 0, 3, 29.62
1574814408, 0, 83, 3117, 3106, 320, 15.69%, 177, 0, 3, 31.73
1574814413, 0, 83, 3118, 3107, 320, 15.69%, 177, 0, 3, 32.96
1574814418, 0, 83, 3122, 3111, 320, 15.69%, 177, 0, 3, 41.69
1574814439, 0, 83, 3123, 3112, 320, 15.69%, 177, 0, 3, 37.29
1574814444, 0, 83, 3125, 3114, 320, 15.70%, 177, 0, 3, 34.63
1574814449, 0, 83, 3127, 3116, 320, 15.70%, 177, 0, 3, 32.63
1574814454, 0, 83, 3129, 3118, 320, 15.70%, 177, 0, 3, 34.18
1574814459, 0, 83, 3132, 3121, 320, 15.70%, 177, 0, 3, 35.22
1574814464, 0, 83, 3137, 3126, 320, 15.70%, 177, 0, 3, 35.23
1574814469, 0, 92, 3141, 3130, 342, 15.70%, 177, 0, 3, 34.08
1574814832, 0, 96, 3141, 3129, 342, 15.70%, 177, 0, 3, 85.88
1574814838, 0, 96, 3141, 3129, 342, 15.70%, 178, 0, 3, 72.76
1574814848, 0, 96, 3142, 3130, 342, 15.70%, 178, 0, 3, 64.28
1574815267, 0, 96, 3143, 3131, 342, 15.70%, 178, 0, 3, 61.87
1574815302, 0, 96, 3144, 3132, 342, 15.70%, 178, 0, 3, 81.59
1574815312, 0, 96, 3145, 3133, 342, 15.70%, 178, 0, 3, 75.06
1574815384, 0, 96, 3145, 3133, 342, 15.70%, 179, 0, 3, 71.17
1574815440, 0, 108, 3145, 3132, 341, 15.70%, 180, 0, 3, 89.97
1574815450, 0, 108, 3145, 3132, 341, 15.70%, 181, 0, 3, 62.50
1574815522, 0, 108, 3145, 3132, 341, 15.70%, 182, 0, 3, 59.69
1574815940, 0, 108, 3146, 3133, 341, 15.70%, 182, 0, 3, 69.13
1574816027, 0, 113, 3146, 3132, 341, 15.70%, 182, 0, 3, 74.59
1574816312, 0, 115, 3146, 3131, 340, 15.70%, 182, 0, 3, 75.33
1574816317, 0, 115, 3146, 3131, 340, 15.70%, 183, 0, 3, 61.52
1574816328, 0, 115, 3147, 3132, 340, 15.70%, 183, 0, 3, 57.40
1574816900, 0, 115, 3153, 3137, 339, 15.76%, 183, 0, 3, 66.77
1574816905, 0, 115, 3170, 3154, 339, 15.92%, 183, 0, 3, 40.95
1574816911, 0, 115, 3189, 3173, 339, 15.97%, 183, 0, 3, 36.66
1574816916, 0, 115, 3208, 3192, 339, 16.07%, 183, 0, 3, 35.24
1574816921, 0, 115, 3230, 3214, 339, 16.11%, 183, 0, 3, 36.45
1574816926, 0, 115, 3249, 3233, 339, 16.11%, 183, 0, 3, 33.14
1574816931, 0, 115, 3265, 3249, 339, 16.15%, 183, 0, 3, 34.16
1574816936, 0, 115, 3285, 3269, 339, 16.16%, 183, 0, 3, 37.29
1574816941, 0, 115, 3303, 3287, 339, 16.17%, 183, 0, 3, 36.21
1574816946, 0, 115, 3320, 3304, 339, 16.18%, 183, 0, 3, 33.00
1574816952, 0, 115, 3342, 3326, 339, 16.18%, 183, 0, 3, 38.44
1574816957, 0, 115, 3360, 3344, 339, 16.19%, 183, 0, 3, 36.60
1574816962, 0, 115, 3379, 3363, 339, 16.20%, 183, 0, 3, 34.28
1574816967, 0, 115, 3397, 3381, 339, 16.20%, 183, 0, 3, 31.58
1574816972, 0, 115, 3414, 3398, 339, 16.20%, 183, 0, 3, 33.36
1574816977, 0, 115, 3429, 3413, 339, 16.22%, 183, 0, 3, 30.99
1574816982, 0, 115, 3447, 3431, 339, 16.22%, 183, 0, 3, 35.10
1574816987, 0, 115, 3465, 3449, 339, 16.23%, 183, 0, 3, 40.78
1574816992, 0, 115, 3490, 3474, 339, 16.24%, 183, 0, 3, 45.53
1574816998, 0, 115, 3507, 3491, 339, 16.24%, 183, 0, 3, 35.69
1574817003, 0, 115, 3524, 3508, 339, 16.24%, 183, 0, 3, 33.64
1574817008, 0, 115, 3544, 3528, 339, 16.24%, 183, 0, 3, 36.11
1574817013, 0, 115, 3561, 3545, 339, 16.24%, 183, 0, 3, 33.69
1574817018, 0, 115, 3582, 3566, 339, 16.25%, 183, 0, 3, 35.47
1574817023, 0, 115, 3600, 3584, 339, 16.25%, 183, 0, 3, 29.62
1574817028, 0, 115, 3620, 3604, 339, 16.25%, 183, 0, 3, 36.17
1574817033, 0, 115, 3638, 3622, 339, 16.27%, 183, 0, 3, 36.50
1574817038, 0, 115, 3650, 3634, 339, 16.27%, 183, 0, 3, 34.28
1574817043, 0, 115, 3661, 3645, 339, 16.27%, 183, 0, 3, 31.09
1574817049, 0, 115, 3670, 3654, 339, 16.27%, 183, 0, 3, 31.27
1574817054, 0, 115, 3677, 3661, 339, 16.27%, 183, 0, 3, 34.40
1574817059, 0, 115, 3687, 3671, 339, 16.27%, 183, 0, 3, 29.66
1574817064, 0, 115, 3695, 3679, 339, 16.27%, 183, 0, 3, 31.95
1574817069, 0, 115, 3707, 3691, 339, 16.28%, 183, 0, 3, 31.41
1574817074, 0, 115, 3720, 3704, 339, 16.28%, 183, 0, 3, 36.42
1574817079, 0, 115, 3730, 3714, 339, 16.28%, 183, 0, 3, 35.84
1574817084, 0, 115, 3740, 3724, 339, 16.29%, 183, 0, 3, 35.91
1574817089, 0, 115, 3747, 3731, 339, 16.33%, 183, 0, 3, 34.48
1574817094, 0, 115, 3752, 3736, 339, 16.38%, 183, 0, 3, 34.04
1574817099, 0, 115, 3759, 3743, 339, 16.38%, 183, 0, 3, 29.03
1574817104, 0, 115, 3765, 3749, 339, 16.38%, 183, 0, 3, 27.55
1574817110, 0, 115, 3769, 3753, 339, 16.38%, 183, 0, 3, 29.69
1574817115, 0, 115, 3778, 3762, 339, 16.38%, 183, 0, 3, 36.04
1574817120, 0, 115, 3783, 3767, 339, 16.39%, 183, 0, 3, 33.50
1574817125, 0, 115, 3790, 3774, 339, 16.68%, 183, 0, 3, 34.06
1574817130, 0, 115, 3797, 3781, 339, 16.69%, 183, 0, 3, 31.62
1574817135, 0, 115, 3801, 3785, 339, 16.69%, 183, 0, 3, 32.94
1574817140, 0, 115, 3804, 3788, 339, 16.71%, 183, 0, 3, 32.04
1574817145, 0, 115, 3807, 3791, 339, 16.71%, 183, 0, 3, 31.01
1574817150, 0, 115, 3810, 3794, 339, 16.73%, 183, 0, 3, 32.42
1574817156, 0, 115, 3815, 3799, 339, 16.73%, 183, 0, 3, 30.81
1574817161, 0, 115, 3819, 3803, 339, 16.73%, 183, 0, 3, 31.71
1574817166, 0, 115, 3827, 3811, 339, 16.74%, 183, 0, 3, 37.77
1574817171, 0, 115, 3830, 3814, 339, 16.74%, 183, 0, 3, 34.14
1574817176, 0, 115, 3836, 3820, 339, 16.74%, 183, 0, 3, 31.43
1574817181, 0, 115, 3839, 3823, 339, 16.74%, 183, 0, 3, 30.52
1574817187, 0, 115, 3843, 3827, 339, 16.74%, 183, 0, 3, 34.64
1574817192, 0, 115, 3850, 3834, 339, 16.76%, 183, 0, 3, 33.61
1574817197, 0, 115, 3856, 3840, 339, 16.76%, 183, 0, 3, 33.14
1574817202, 0, 115, 3859, 3843, 339, 16.76%, 183, 0, 3, 33.89
1574817207, 0, 115, 3865, 3849, 339, 16.77%, 183, 0, 3, 32.33
1574817212, 0, 115, 3868, 3852, 339, 16.77%, 183, 0, 3, 32.03
1574817217, 0, 115, 3871, 3855, 339, 16.77%, 183, 0, 3, 36.33
1574817222, 0, 115, 3875, 3859, 339, 16.77%, 183, 0, 3, 34.28
1574817227, 0, 115, 3879, 3863, 339, 16.78%, 183, 0, 3, 38.49
1574817232, 0, 115, 3884, 3868, 339, 16.78%, 183, 0, 3, 38.89
1574817237, 0, 115, 3889, 3873, 339, 16.78%, 183, 0, 3, 37.59
1574817243, 0, 115, 3892, 3876, 339, 16.78%, 183, 0, 3, 33.06
1574817248, 0, 115, 3894, 3878, 339, 16.78%, 183, 0, 3, 37.80
1574817253, 0, 115, 3898, 3882, 339, 16.78%, 183, 0, 3, 35.52
1574817258, 0, 115, 3901, 3885, 339, 16.78%, 183, 0, 3, 33.02
1574817263, 0, 115, 3905, 3889, 339, 16.78%, 183, 0, 3, 31.84
1574817268, 0, 115, 3908, 3892, 339, 16.78%, 183, 0, 3, 33.43
1574817273, 0, 133, 3910, 3894, 366, 16.78%, 183, 0, 3, 45.60
1574817335, 0, 133, 3910, 3894, 366, 16.78%, 184, 0, 3, 61.63
1574817611, 0, 133, 3910, 3894, 366, 16.78%, 185, 0, 3, 71.18
1574817851, 0, 134, 3910, 3893, 366, 16.78%, 185, 0, 3, 72.69
1574817861, 0, 134, 3910, 3893, 366, 16.78%, 186, 0, 3, 63.69
1574817872, 0, 134, 3911, 3894, 366, 16.80%, 186, 0, 3, 70.19
1574818418, 0, 134, 3911, 3894, 366, 16.80%, 187, 0, 3, 76.13
1574818429, 0, 134, 3911, 3894, 366, 16.80%, 188, 0, 3, 70.84
1574818434, 0, 135, 3911, 3893, 366, 16.80%, 188, 0, 3, 75.64
1574818439, 0, 135, 3911, 3893, 366, 16.80%, 189, 0, 3, 64.90
1574819032, 0, 135, 3912, 3894, 366, 16.80%, 189, 0, 3, 71.39
1574819062, 0, 152, 3912, 3893, 366, 16.80%, 189, 0, 3, 75.55
1574819563, 0, 155, 3912, 3892, 365, 16.80%, 189, 0, 3, 79.81
1574820058, 0, 155, 3923, 3902, 365, 16.89%, 189, 0, 3, 55.24
1574820063, 0, 155, 3938, 3917, 365, 17.18%, 189, 0, 3, 33.24
1574820068, 0, 155, 3954, 3933, 365, 17.20%, 189, 0, 3, 32.23
1574820073, 0, 155, 3969, 3948, 365, 17.21%, 189, 0, 3, 25.79
1574820078, 0, 155, 3984, 3963, 365, 17.23%, 189, 0, 3, 29.14
1574820083, 0, 155, 3999, 3978, 365, 17.24%, 189, 0, 3, 30.46
1574820088, 0, 155, 4017, 3996, 365, 17.25%, 189, 0, 3, 34.19
1574820093, 0, 155, 4034, 4013, 365, 17.32%, 189, 0, 3, 33.11
1574820099, 0, 155, 4051, 4030, 365, 17.33%, 189, 0, 3, 29.34
1574820104, 0, 155, 4070, 4049, 365, 17.35%, 189, 0, 3, 32.23
1574820109, 0, 155, 4086, 4065, 365, 17.36%, 189, 0, 3, 33.09
1574820114, 0, 155, 4103, 4082, 365, 17.37%, 189, 0, 3, 31.21
1574820119, 0, 155, 4122, 4101, 365, 17.41%, 189, 0, 3, 33.17
1574820124, 0, 155, 4140, 4119, 365, 17.42%, 189, 0, 3, 33.79
1574820129, 0, 155, 4156, 4135, 365, 17.43%, 189, 0, 3, 31.61
1574820134, 0, 155, 4171, 4150, 365, 17.43%, 189, 0, 3, 29.83
1574820139, 0, 155, 4188, 4167, 365, 17.43%, 189, 0, 3, 27.77
1574820145, 0, 155, 4206, 4185, 365, 17.44%, 189, 0, 3, 30.25
1574820150, 0, 155, 4225, 4204, 365, 17.44%, 189, 0, 3, 37.95
1574820155, 0, 155, 4243, 4222, 365, 17.45%, 189, 0, 3, 33.57
1574820160, 0, 155, 4259, 4238, 365, 17.45%, 189, 0, 3, 27.80
1574820165, 0, 155, 4275, 4254, 365, 17.45%, 189, 0, 3, 32.76
1574820170, 0, 155, 4290, 4269, 365, 17.45%, 189, 0, 3, 29.80
1574820175, 0, 155, 4305, 4284, 365, 17.45%, 189, 0, 3, 28.45
1574820180, 0, 155, 4317, 4296, 365, 17.46%, 189, 0, 3, 27.70
1574820185, 0, 155, 4331, 4310, 365, 17.47%, 189, 0, 3, 29.47
1574820190, 0, 155, 4349, 4328, 365, 17.47%, 189, 0, 3, 31.61
1574820195, 0, 155, 4360, 4339, 365, 17.48%, 189, 0, 3, 27.55
1574820201, 0, 155, 4369, 4348, 365, 17.48%, 189, 0, 3, 29.47
1574820206, 0, 155, 4379, 4358, 365, 17.48%, 189, 0, 3, 27.15
1574820211, 0, 155, 4386, 4365, 365, 17.49%, 189, 0, 3, 25.78
1574820216, 0, 155, 4395, 4374, 365, 17.49%, 189, 0, 3, 27.66
1574820221, 0, 155, 4407, 4386, 365, 17.49%, 189, 0, 3, 27.09
1574820226, 0, 155, 4417, 4396, 365, 17.49%, 189, 0, 3, 29.45
1574820231, 0, 155, 4425, 4404, 365, 17.49%, 189, 0, 3, 26.68
1574820236, 0, 155, 4432, 4411, 365, 17.49%, 189, 0, 3, 26.60
1574820241, 0, 155, 4440, 4419, 365, 17.49%, 189, 0, 3, 28.44
1574820247, 0, 155, 4447, 4426, 365, 17.49%, 189, 0, 3, 31.49
1574820252, 0, 155, 4459, 4438, 365, 17.50%, 189, 0, 3, 26.63
1574820257, 0, 155, 4466, 4445, 365, 17.50%, 189, 0, 3, 26.17
1574820262, 0, 155, 4475, 4454, 365, 17.50%, 189, 0, 3, 29.71
1574820267, 0, 155, 4480, 4459, 365, 17.50%, 189, 0, 3, 26.40
1574820273, 0, 155, 4485, 4464, 365, 17.50%, 189, 0, 3, 28.09
1574820278, 0, 155, 4492, 4471, 365, 17.50%, 189, 0, 3, 27.85
1574820283, 0, 155, 4496, 4475, 365, 17.50%, 189, 0, 3, 27.52
1574820288, 0, 155, 4501, 4480, 365, 17.50%, 189, 0, 3, 26.54
1574820293, 0, 155, 4507, 4486, 365, 17.50%, 189, 0, 3, 28.98
1574820298, 0, 155, 4511, 4490, 365, 17.50%, 189, 0, 3, 29.32
1574820303, 0, 155, 4518, 4497, 365, 17.50%, 189, 0, 3, 24.15
1574820308, 0, 155, 4523, 4502, 365, 17.50%, 189, 0, 3, 26.22
1574820313, 0, 155, 4528, 4507, 365, 17.50%, 189, 0, 3, 27.72
1574820319, 0, 155, 4534, 4513, 365, 17.50%, 189, 0, 3, 27.98
1574820324, 0, 155, 4538, 4517, 365, 17.50%, 189, 0, 3, 29.02
1574820329, 0, 155, 4542, 4521, 365, 17.50%, 189, 0, 3, 28.01
1574820334, 0, 155, 4549, 4528, 365, 17.50%, 189, 0, 3, 31.15
1574820339, 0, 155, 4553, 4532, 365, 17.50%, 189, 0, 3, 29.58
1574820344, 0, 155, 4560, 4539, 365, 17.50%, 189, 0, 3, 29.59
1574820350, 0, 155, 4564, 4543, 365, 17.50%, 189, 0, 3, 28.90
1574820355, 0, 155, 4565, 4544, 365, 17.50%, 189, 0, 3, 27.22
1574820360, 0, 155, 4569, 4548, 365, 17.51%, 189, 0, 3, 26.44
1574820365, 0, 155, 4572, 4551, 365, 17.51%, 189, 0, 3, 28.41
1574820370, 0, 155, 4573, 4552, 365, 17.51%, 189, 0, 3, 28.26
1574820375, 0, 155, 4575, 4554, 365, 17.51%, 189, 0, 3, 28.61
1574820380, 0, 155, 4579, 4558, 365, 17.51%, 189, 0, 3, 27.92
1574820385, 0, 155, 4583, 4562, 365, 17.51%, 189, 0, 3, 28.48
1574820390, 0, 155, 4584, 4563, 365, 17.51%, 189, 0, 3, 27.96
1574820396, 0, 155, 4585, 4564, 365, 17.51%, 189, 0, 3, 30.23
1574820401, 0, 155, 4588, 4567, 365, 17.51%, 189, 0, 3, 30.97
1574820406, 0, 155, 4590, 4569, 365, 17.51%, 189, 0, 3, 31.22
1574820421, 0, 155, 4593, 4572, 365, 17.51%, 189, 0, 3, 28.69
1574820426, 0, 155, 4595, 4574, 365, 17.51%, 189, 0, 3, 29.75
1574820431, 0, 155, 4597, 4576, 365, 17.51%, 189, 0, 3, 32.84
1574820436, 0, 155, 4599, 4578, 365, 17.51%, 189, 0, 3, 28.85
1574820442, 0, 155, 4604, 4583, 365, 17.51%, 189, 0, 3, 23.87
1574820447, 0, 155, 4605, 4584, 365, 17.51%, 189, 0, 3, 25.43
1574820452, 0, 155, 4609, 4588, 365, 17.51%, 189, 0, 3, 26.73
1574820457, 0, 155, 4610, 4589, 365, 17.51%, 189, 0, 3, 31.37
1574820462, 0, 155, 4614, 4593, 365, 17.51%, 189, 0, 3, 30.02
1574820467, 0, 155, 4615, 4594, 365, 17.51%, 189, 0, 3, 30.81
1574820472, 0, 173, 4615, 4594, 393, 17.51%, 189, 0, 3, 47.33
1574820513, 0, 173, 4616, 4595, 393, 17.51%, 189, 0, 3, 58.56
1574820539, 0, 173, 4616, 4595, 393, 17.51%, 190, 0, 3, 56.88
1574820753, 0, 173, 4617, 4596, 393, 17.51%, 190, 0, 3, 67.08
1574821014, 0, 173, 4618, 4597, 393, 17.51%, 190, 0, 3, 55.99
1574821054, 0, 173, 4618, 4597, 393, 17.51%, 191, 0, 3, 75.19
1574821075, 0, 173, 4619, 4598, 393, 17.52%, 191, 0, 3, 67.06
1574821106, 0, 189, 4619, 4597, 392, 17.52%, 191, 0, 3, 73.13
1574821699, 0, 192, 4619, 4596, 391, 17.52%, 191, 0, 3, 75.18
1574821837, 0, 197, 4619, 4595, 390, 17.52%, 191, 0, 3, 75.41
1574821903, 0, 197, 4619, 4595, 390, 17.52%, 192, 0, 3, 55.55
1574822164, 0, 197, 4619, 4595, 390, 17.52%, 193, 0, 3, 64.17
1574822460, 0, 209, 4619, 4594, 390, 17.52%, 194, 0, 3, 83.38
1574822683, 0, 209, 4630, 4604, 390, 17.55%, 194, 0, 3, 21.11
1574822689, 0, 209, 4647, 4621, 390, 17.59%, 194, 0, 3, 28.38
1574822694, 0, 209, 4662, 4636, 390, 17.61%, 194, 0, 3, 29.73
1574822699, 0, 209, 4677, 4651, 390, 17.61%, 194, 0, 3, 28.86
1574822704, 0, 209, 4694, 4668, 390, 17.62%, 194, 0, 3, 29.70
1574822709, 0, 209, 4707, 4681, 390, 17.63%, 194, 0, 3, 29.19
1574822714, 0, 209, 4721, 4695, 390, 17.63%, 194, 0, 3, 26.67
1574822720, 0, 209, 4738, 4712, 390, 17.65%, 194, 0, 3, 27.51
1574822725, 0, 209, 4753, 4727, 390, 17.65%, 194, 0, 3, 29.32
1574822730, 0, 209, 4767, 4741, 390, 17.65%, 194, 0, 3, 28.25
1574822735, 0, 209, 4782, 4756, 390, 17.65%, 194, 0, 3, 31.03
1574822740, 0, 209, 4796, 4770, 390, 17.66%, 194, 0, 3, 28.68
1574822745, 0, 209, 4809, 4783, 390, 17.66%, 194, 0, 3, 26.18
1574822750, 0, 209, 4824, 4798, 390, 17.66%, 194, 0, 3, 31.97
1574822755, 0, 209, 4837, 4811, 390, 17.67%, 194, 0, 3, 29.95
1574822760, 0, 209, 4844, 4818, 390, 17.67%, 194, 0, 3, 22.86
1574822766, 0, 209, 4852, 4826, 390, 17.67%, 194, 0, 3, 25.92
1574822771, 0, 209, 4864, 4838, 390, 17.68%, 194, 0, 3, 26.28
1574822776, 0, 209, 4872, 4846, 390, 17.68%, 194, 0, 3, 28.76
1574822781, 0, 209, 4880, 4854, 390, 17.68%, 194, 0, 3, 29.31
1574822786, 0, 209, 4892, 4866, 390, 17.68%, 194, 0, 3, 26.14
1574822791, 0, 209, 4906, 4880, 390, 17.68%, 194, 0, 3, 27.76
1574822797, 0, 209, 4914, 4888, 390, 17.68%, 194, 0, 3, 26.04
1574822802, 0, 209, 4917, 4891, 390, 17.68%, 194, 0, 3, 29.39
1574822807, 0, 209, 4922, 4896, 390, 17.68%, 194, 0, 3, 26.90
1574822812, 0, 209, 4932, 4906, 390, 17.68%, 194, 0, 3, 30.27
1574822817, 0, 209, 4940, 4914, 390, 17.68%, 194, 0, 3, 32.21
1574822822, 0, 209, 4943, 4917, 390, 17.68%, 194, 0, 3, 29.45
1574822827, 0, 209, 4947, 4921, 390, 17.68%, 194, 0, 3, 26.68
1574822832, 0, 209, 4949, 4923, 390, 17.68%, 194, 0, 3, 27.02
1574822837, 0, 209, 4953, 4927, 390, 17.68%, 194, 0, 3, 27.58
1574822842, 0, 209, 4957, 4931, 390, 17.68%, 194, 0, 3, 29.06
1574822848, 0, 209, 4961, 4935, 390, 17.68%, 194, 0, 3, 27.80
1574822853, 0, 209, 4965, 4939, 390, 17.68%, 194, 0, 3, 31.77
1574822858, 0, 209, 4971, 4945, 390, 17.69%, 194, 0, 3, 28.91
1574822863, 0, 209, 4974, 4948, 390, 17.69%, 194, 0, 3, 29.15
1574822868, 0, 209, 4975, 4949, 390, 17.69%, 194, 0, 3, 32.13
1574822873, 0, 209, 4979, 4953, 390, 17.69%, 194, 0, 3, 28.03
1574822878, 0, 209, 4984, 4958, 390, 17.69%, 194, 0, 3, 27.04
1574822883, 0, 209, 4987, 4961, 390, 17.69%, 194, 0, 3, 27.28
1574822894, 0, 209, 4988, 4962, 390, 17.69%, 194, 0, 3, 26.80
1574822899, 0, 215, 4988, 4962, 390, 17.69%, 194, 0, 3, 44.48
1574822904, 0, 215, 4988, 4962, 390, 17.69%, 195, 0, 3, 62.33
1574822909, 0, 215, 4988, 4962, 390, 17.69%, 196, 0, 3, 66.35
1574822929, 0, 215, 4988, 4962, 390, 17.69%, 197, 0, 3, 59.28
1574823501, 0, 222, 4988, 4961, 390, 17.69%, 198, 0, 3, 69.05
1574823558, 0, 222, 4988, 4961, 390, 17.69%, 199, 0, 3, 57.23
1574824007, 0, 222, 4989, 4962, 390, 17.69%, 199, 0, 3, 73.34
1574824084, 0, 232, 4989, 4961, 389, 17.69%, 199, 0, 3, 76.16
1574824416, 0, 232, 4989, 4961, 389, 17.69%, 200, 0, 3, 78.93
1574824676, 0, 232, 4989, 4961, 389, 17.69%, 201, 0, 3, 82.25
1574824697, 0, 237, 4989, 4960, 388, 17.69%, 201, 0, 3, 71.96
1574825104, 0, 237, 4990, 4961, 388, 17.69%, 201, 0, 3, 77.43
1574825135, 0, 237, 4991, 4962, 388, 17.69%, 201, 0, 3, 80.69
1574825201, 0, 249, 4991, 4961, 388, 17.69%, 202, 0, 3, 85.82
1574825390, 0, 249, 4992, 4962, 388, 17.69%, 202, 0, 3, 61.54
1574825666, 0, 249, 4993, 4963, 388, 17.69%, 202, 0, 3, 66.84
1574825727, 0, 249, 4994, 4964, 388, 17.69%, 202, 0, 3, 84.77
1574825783, 0, 249, 4999, 4968, 387, 17.69%, 202, 0, 3, 61.30
1574825788, 0, 249, 5014, 4983, 387, 17.70%, 202, 0, 3, 33.69
1574825793, 0, 249, 5027, 4996, 387, 17.72%, 202, 0, 3, 27.55
1574825798, 0, 249, 5043, 5012, 387, 17.72%, 202, 0, 3, 27.26
1574825803, 0, 249, 5059, 5028, 387, 17.74%, 202, 0, 3, 29.06
1574825809, 0, 249, 5076, 5045, 387, 17.74%, 202, 0, 3, 30.48
1574825814, 0, 249, 5091, 5060, 387, 17.75%, 202, 0, 3, 31.09
1574825819, 0, 249, 5104, 5073, 387, 17.75%, 202, 0, 3, 28.87
1574825824, 0, 249, 5122, 5091, 387, 17.75%, 202, 0, 3, 32.55
1574825829, 0, 249, 5134, 5103, 387, 17.76%, 202, 0, 3, 27.31
1574825834, 0, 249, 5147, 5116, 387, 17.76%, 202, 0, 3, 24.50
1574825839, 0, 249, 5160, 5129, 387, 17.76%, 202, 0, 3, 23.30
1574825844, 0, 249, 5172, 5141, 387, 17.76%, 202, 0, 3, 22.64
1574825850, 0, 249, 5183, 5152, 387, 17.78%, 202, 0, 3, 24.17
1574825855, 0, 249, 5191, 5160, 387, 17.78%, 202, 0, 3, 24.29
1574825860, 0, 249, 5197, 5166, 387, 17.78%, 202, 0, 3, 22.51
1574825865, 0, 249, 5206, 5175, 387, 17.79%, 202, 0, 3, 22.10
1574825870, 0, 249, 5212, 5181, 387, 17.79%, 202, 0, 3, 23.43
1574825875, 0, 249, 5219, 5188, 387, 17.79%, 202, 0, 3, 22.36
1574825880, 0, 249, 5222, 5191, 387, 17.79%, 202, 0, 3, 24.39
1574825885, 0, 249, 5225, 5194, 387, 17.79%, 202, 0, 3, 24.38
1574825890, 0, 249, 5230, 5199, 387, 17.79%, 202, 0, 3, 23.90
1574825895, 0, 249, 5233, 5202, 387, 17.79%, 202, 0, 3, 23.87
1574825900, 0, 249, 5235, 5204, 387, 17.79%, 202, 0, 3, 24.48
1574825905, 0, 249, 5239, 5208, 387, 17.79%, 202, 0, 3, 24.59
1574825911, 0, 249, 5245, 5214, 387, 17.79%, 202, 0, 3, 23.98
1574825916, 0, 249, 5251, 5220, 387, 17.79%, 202, 0, 3, 26.68
1574825921, 0, 249, 5254, 5223, 387, 17.79%, 202, 0, 3, 25.97
1574825926, 0, 249, 5260, 5229, 387, 17.79%, 202, 0, 3, 22.04
1574825931, 0, 249, 5263, 5232, 387, 17.79%, 202, 0, 3, 23.88
1574825936, 0, 290, 5265, 5234, 397, 17.79%, 202, 0, 3, 25.36
1574826431, 0, 311, 5265, 5233, 397, 17.79%, 202, 0, 3, 68.99
1574826462, 0, 311, 5265, 5233, 397, 17.79%, 203, 0, 3, 71.85
1574826733, 0, 311, 5266, 5234, 397, 17.79%, 203, 0, 3, 67.39
1574826957, 0, 311, 5267, 5235, 397, 17.79%, 203, 0, 3, 78.97
1574827100, 0, 318, 5267, 5234, 397, 17.79%, 203, 0, 3, 92.76
1574827426, 0, 321, 5267, 5233, 396, 17.79%, 203, 0, 3, 84.76
1574827753, 0, 330, 5267, 5232, 395, 17.79%, 203, 0, 3, 73.73
1574827845, 0, 330, 5285, 5249, 394, 17.83%, 203, 0, 3, 61.81
1574827850, 0, 330, 5310, 5274, 394, 17.84%, 203, 0, 3, 48.02
1574827855, 0, 330, 5331, 5295, 394, 17.85%, 203, 0, 3, 47.23
1574827860, 0, 330, 5352, 5316, 394, 17.85%, 203, 0, 3, 39.68
1574827865, 0, 330, 5374, 5338, 394, 17.85%, 203, 0, 3, 39.74
1574827870, 0, 330, 5392, 5356, 394, 17.85%, 203, 0, 3, 38.53
1574827875, 0, 330, 5405, 5369, 394, 17.85%, 203, 0, 3, 32.68
1574827880, 0, 330, 5419, 5383, 394, 17.86%, 203, 0, 3, 34.14
1574827885, 0, 330, 5431, 5395, 394, 17.86%, 203, 0, 3, 33.95
1574827891, 0, 330, 5436, 5400, 394, 17.86%, 203, 0, 3, 33.07
1574827896, 0, 330, 5441, 5405, 394, 17.86%, 203, 0, 3, 34.01
1574827901, 0, 330, 5447, 5411, 394, 17.86%, 203, 0, 3, 30.33
1574827906, 0, 330, 5454, 5418, 394, 17.86%, 203, 0, 3, 32.90
1574827911, 0, 330, 5459, 5423, 394, 17.86%, 203, 0, 3, 28.99
1574827916, 0, 330, 5462, 5426, 394, 17.86%, 203, 0, 3, 31.57
1574827921, 0, 330, 5466, 5430, 394, 17.86%, 203, 0, 3, 33.69
1574827926, 0, 330, 5468, 5432, 394, 17.86%, 203, 0, 3, 33.83
1574827931, 0, 350, 5468, 5432, 407, 17.86%, 203, 0, 3, 65.34
1574828420, 0, 353, 5468, 5431, 406, 17.86%, 203, 0, 3, 97.21
1574828431, 0, 373, 5468, 5430, 405, 17.86%, 203, 0, 3, 66.40
1574828446, 0, 373, 5469, 5431, 405, 17.86%, 203, 0, 3, 63.78
1574828502, 0, 373, 5469, 5431, 405, 17.86%, 204, 0, 3, 55.80
1574828931, 0, 373, 5470, 5432, 405, 17.86%, 204, 0, 3, 75.32
1574829023, 0, 373, 5471, 5433, 405, 17.86%, 204, 0, 3, 69.03
1574829038, 0, 387, 5471, 5432, 407, 17.86%, 204, 0, 3, 68.65
1574829095, 0, 387, 5471, 5432, 407, 17.86%, 205, 0, 3, 62.90
1574829156, 0, 387, 5472, 5433, 407, 17.86%, 205, 0, 3, 72.59
1574829508, 0, 396, 5472, 5432, 407, 17.86%, 205, 0, 3, 82.33
1574829993, 0, 396, 5472, 5432, 407, 17.86%, 206, 0, 3, 75.13
1574829998, 0, 396, 5491, 5450, 407, 17.90%, 206, 0, 3, 43.55
1574830003, 0, 396, 5506, 5465, 407, 17.92%, 206, 0, 3, 33.65
1574830008, 0, 396, 5525, 5484, 407, 17.92%, 206, 0, 3, 32.17
1574830013, 0, 396, 5538, 5497, 407, 17.92%, 206, 0, 3, 27.19
1574830019, 0, 396, 5555, 5514, 407, 17.92%, 206, 0, 3, 26.60
1574830024, 0, 396, 5574, 5533, 407, 17.93%, 206, 0, 3, 34.67
1574830029, 0, 396, 5594, 5553, 407, 17.93%, 206, 0, 3, 37.81
1574830034, 0, 396, 5600, 5559, 407, 17.93%, 206, 0, 3, 26.72
1574830039, 0, 396, 5615, 5574, 407, 17.93%, 206, 0, 3, 27.86
1574830044, 0, 396, 5624, 5583, 407, 17.93%, 206, 0, 3, 28.73
1574830049, 0, 396, 5630, 5589, 407, 17.93%, 206, 0, 3, 28.10
1574830054, 0, 396, 5637, 5596, 407, 17.94%, 206, 0, 3, 28.47
1574830059, 0, 396, 5643, 5602, 407, 17.94%, 206, 0, 3, 30.21
1574830065, 0, 396, 5647, 5606, 407, 17.94%, 206, 0, 3, 30.13
1574830070, 0, 396, 5651, 5610, 407, 17.94%, 206, 0, 3, 30.15
1574830075, 0, 396, 5655, 5614, 407, 17.94%, 206, 0, 3, 27.02
1574830080, 0, 396, 5656, 5615, 407, 17.94%, 206, 0, 3, 30.49
1574830085, 0, 396, 5657, 5616, 407, 17.94%, 206, 0, 3, 32.87
1574830090, 0, 396, 5659, 5618, 407, 17.94%, 206, 0, 3, 29.04
1574830095, 0, 418, 5660, 5619, 416, 17.94%, 206, 0, 3, 59.68
1574830227, 0, 521, 5660, 5618, 415, 17.94%, 206, 0, 3, 81.62
1574830462, 0, 533, 5660, 5617, 414, 17.94%, 206, 0, 3, 88.69
1574830712, 0, 617, 5660, 5616, 414, 17.94%, 206, 0, 3, 76.12
1574830819, 0, 622, 5660, 5615, 413, 17.94%, 206, 0, 3, 63.74
1574831221, 0, 622, 5667, 5621, 412, 17.96%, 206, 0, 3, 55.03
1574831226, 0, 622, 5685, 5639, 412, 17.98%, 206, 0, 3, 38.97
1574831231, 0, 622, 5706, 5660, 412, 17.98%, 206, 0, 3, 38.01
1574831236, 0, 622, 5711, 5665, 412, 17.98%, 206, 0, 3, 29.16
1574831241, 0, 622, 5718, 5672, 412, 17.99%, 206, 0, 3, 29.14
1574831246, 0, 622, 5721, 5675, 412, 17.99%, 206, 0, 3, 31.73
1574831251, 0, 652, 5722, 5676, 420, 17.99%, 206, 0, 3, 41.21
1574831587, 0, 696, 5722, 5675, 419, 17.99%, 206, 0, 3, 108.72
1574831818, 0, 718, 5722, 5674, 418, 17.99%, 206, 0, 3, 101.73
1574831854, 0, 718, 5722, 5674, 418, 17.99%, 207, 0, 3, 73.62
1574831920, 0, 718, 5722, 5674, 418, 17.99%, 208, 0, 3, 95.98
1574832624, 0, 741, 5722, 5673, 417, 17.99%, 208, 0, 3, 85.46
1574832801, 0, 746, 5722, 5672, 416, 17.99%, 208, 0, 3, 100.39
1574832980, 0, 746, 5727, 5676, 415, 17.99%, 208, 0, 3, 18.09
1574832985, 0, 746, 5750, 5699, 415, 18.01%, 208, 0, 3, 36.49
1574832990, 0, 746, 5770, 5719, 415, 18.01%, 208, 0, 3, 36.76
1574832995, 0, 746, 5789, 5738, 415, 18.01%, 208, 0, 3, 32.46
1574833001, 0, 746, 5812, 5761, 415, 18.02%, 208, 0, 3, 40.50
1574833006, 0, 746, 5825, 5774, 415, 18.02%, 208, 0, 3, 31.63
1574833011, 0, 746, 5832, 5781, 415, 18.02%, 208, 0, 3, 27.10
1574833016, 0, 746, 5835, 5784, 415, 18.02%, 208, 0, 3, 30.11
1574833021, 0, 746, 5838, 5787, 415, 18.02%, 208, 0, 3, 30.39
1574833026, 0, 746, 5844, 5793, 415, 18.02%, 208, 0, 3, 26.82
1574833032, 0, 746, 5845, 5794, 415, 18.02%, 208, 0, 3, 30.04
1574833037, 0, 746, 5846, 5795, 415, 18.02%, 208, 0, 3, 33.30
1574833042, 0, 752, 5847, 5796, 416, 18.02%, 208, 0, 3, 70.55
1574833364, 0, 771, 5847, 5795, 415, 18.02%, 208, 0, 3, 100.92
1574833828, 0, 792, 5847, 5794, 414, 18.02%, 208, 0, 3, 70.75
1574833838, 0, 792, 5847, 5794, 414, 18.02%, 209, 0, 3, 68.33
1574833843, 0, 792, 5847, 5794, 414, 18.02%, 211, 0, 3, 59.59
1574833858, 0, 792, 5847, 5794, 414, 18.02%, 212, 0, 3, 61.55
1574833874, 0, 792, 5847, 5794, 414, 18.02%, 215, 0, 3, 68.95
1574833879, 0, 792, 5847, 5794, 414, 18.02%, 216, 0, 3, 61.35
1574833884, 0, 792, 5847, 5794, 414, 18.02%, 217, 0, 3, 54.81
1574833910, 0, 792, 5847, 5794, 414, 18.02%, 218, 0, 3, 55.82
1574833940, 0, 792, 5847, 5794, 414, 18.02%, 219, 0, 3, 61.00
1574833956, 0, 792, 5847, 5794, 414, 18.02%, 220, 0, 3, 61.79
1574833971, 0, 792, 5847, 5794, 414, 18.02%, 221, 0, 3, 52.02
1574833976, 0, 792, 5847, 5794, 414, 18.02%, 222, 0, 3, 56.20
1574834017, 0, 792, 5847, 5794, 414, 18.02%, 225, 0, 3, 46.94
1574834314, 0, 792, 5848, 5795, 414, 18.03%, 225, 0, 3, 71.35
1574834349, 0, 792, 5849, 5796, 414, 18.03%, 225, 0, 3, 53.17
1574834513, 0, 792, 5849, 5796, 414, 18.03%, 226, 0, 3, 68.72
1574834539, 0, 792, 5849, 5796, 414, 18.03%, 228, 0, 3, 61.58
1574834554, 0, 792, 5849, 5796, 414, 18.03%, 229, 0, 3, 74.47
1574834574, 0, 792, 5849, 5796, 414, 18.03%, 230, 0, 3, 54.41
1574834620, 0, 792, 5849, 5796, 414, 18.03%, 231, 0, 3, 54.02
1574834641, 0, 792, 5849, 5796, 414, 18.03%, 232, 0, 3, 54.43
1574834983, 0, 792, 5850, 5797, 414, 18.03%, 232, 0, 3, 57.88
1574835039, 0, 792, 5851, 5798, 414, 18.03%, 232, 0, 3, 57.13
1574835080, 0, 792, 5852, 5799, 414, 18.03%, 232, 0, 3, 74.23
1574835085, 0, 792, 5853, 5800, 414, 18.03%, 232, 0, 3, 65.02
1574835167, 0, 792, 5853, 5800, 414, 18.03%, 233, 0, 3, 49.18
1574835279, 0, 792, 5853, 5800, 414, 18.03%, 236, 0, 3, 80.27
1574835284, 0, 812, 5853, 5799, 416, 18.03%, 237, 0, 3, 86.33
1574835479, 0, 812, 5853, 5799, 416, 18.03%, 238, 0, 3, 96.46
1574835489, 0, 838, 5853, 5798, 415, 18.03%, 238, 0, 3, 82.28
1574835586, 0, 838, 5866, 5810, 415, 18.03%, 238, 0, 3, 51.97
1574835591, 0, 838, 5888, 5832, 415, 18.05%, 238, 0, 3, 39.66
1574835596, 0, 838, 5908, 5852, 415, 18.05%, 238, 0, 3, 36.18
1574835601, 0, 838, 5931, 5875, 415, 18.07%, 238, 0, 3, 40.90
1574835606, 0, 838, 5947, 5891, 415, 18.08%, 238, 0, 3, 39.60
1574835611, 0, 838, 5959, 5903, 415, 18.08%, 238, 0, 3, 30.94
1574835616, 0, 838, 5972, 5916, 415, 18.08%, 238, 0, 3, 30.47
1574835621, 0, 838, 5979, 5923, 415, 18.08%, 238, 0, 3, 25.11
1574835627, 0, 838, 5983, 5927, 415, 18.08%, 238, 0, 3, 29.37
1574835632, 0, 838, 5987, 5931, 415, 18.08%, 238, 0, 3, 29.20
1574835637, 0, 838, 5989, 5933, 415, 18.08%, 238, 0, 3, 30.88
1574835642, 0, 838, 5995, 5939, 415, 18.08%, 238, 0, 3, 29.12
1574835647, 0, 838, 5997, 5941, 415, 18.08%, 238, 0, 3, 28.61
1574835652, 0, 842, 5997, 5941, 419, 18.08%, 238, 0, 3, 42.34
1574835657, 0, 842, 5997, 5941, 419, 18.08%, 239, 0, 3, 68.05
1574835800, 0, 842, 5997, 5941, 419, 18.08%, 240, 0, 3, 72.49
1574836870, 0, 856, 5997, 5940, 418, 18.08%, 240, 0, 3, 79.58
1574836901, 0, 856, 5997, 5940, 418, 18.08%, 241, 0, 3, 77.63
1574836977, 0, 856, 5997, 5940, 418, 18.08%, 242, 0, 3, 82.62
1574837181, 0, 864, 5997, 5939, 417, 18.08%, 242, 0, 3, 94.00
1574837593, 0, 875, 5997, 5938, 416, 18.08%, 242, 0, 3, 86.60
1574837603, 0, 875, 5997, 5938, 416, 18.08%, 243, 0, 3, 78.01
1574838751, 0, 900, 5997, 5937, 416, 18.08%, 243, 0, 3, 78.29
1574839199, 0, 900, 5998, 5937, 415, 18.08%, 243, 0, 3, 96.10
1574839205, 0, 900, 6017, 5956, 415, 18.08%, 243, 0, 3, 29.87
1574839210, 0, 900, 6035, 5974, 415, 18.09%, 243, 0, 3, 34.41
1574839215, 0, 900, 6051, 5990, 415, 18.09%, 243, 0, 3, 31.99
1574839220, 0, 900, 6071, 6010, 415, 18.09%, 243, 0, 3, 36.00
1574839225, 0, 900, 6085, 6024, 415, 18.10%, 243, 0, 3, 30.76
1574839230, 0, 900, 6103, 6042, 415, 18.10%, 243, 0, 3, 34.34
1574839235, 0, 900, 6117, 6056, 415, 18.10%, 243, 0, 3, 30.60
1574839240, 0, 900, 6127, 6066, 415, 18.10%, 243, 0, 3, 25.24
1574839246, 0, 900, 6137, 6076, 415, 18.10%, 243, 0, 3, 24.13
1574839251, 0, 900, 6146, 6085, 415, 18.10%, 243, 0, 3, 24.62
1574839256, 0, 900, 6155, 6094, 415, 18.10%, 243, 0, 3, 24.19
1574839261, 0, 900, 6162, 6101, 415, 18.10%, 243, 0, 3, 26.91
1574839266, 0, 900, 6171, 6110, 415, 18.10%, 243, 0, 3, 22.29
1574839271, 0, 900, 6177, 6116, 415, 18.10%, 243, 0, 3, 24.67
1574839276, 0, 900, 6179, 6118, 415, 18.10%, 243, 0, 3, 26.67
1574839281, 0, 900, 6185, 6124, 415, 18.10%, 243, 0, 3, 26.79
1574839286, 0, 900, 6187, 6126, 415, 18.10%, 243, 0, 3, 26.21
1574839291, 0, 900, 6190, 6129, 415, 18.10%, 243, 0, 3, 26.77
1574839296, 0, 900, 6192, 6131, 415, 18.10%, 243, 0, 3, 29.08
1574839302, 0, 900, 6196, 6135, 415, 18.10%, 243, 0, 3, 25.39
1574839307, 0, 900, 6197, 6136, 415, 18.10%, 243, 0, 3, 28.61
1574839312, 0, 938, 6198, 6137, 418, 18.10%, 243, 0, 3, 59.33
1574839475, 0, 970, 6198, 6136, 417, 18.10%, 243, 0, 3, 94.72
1574839480, 0, 970, 6198, 6136, 417, 18.10%, 244, 0, 3, 74.74
1574839490, 0, 970, 6198, 6136, 417, 18.10%, 245, 0, 3, 10.34
1574839501, 0, 970, 6198, 6136, 417, 18.10%, 246, 0, 3, 80.79
1574839654, 0, 970, 6198, 6136, 417, 18.10%, 247, 0, 3, 89.44
1574839664, 0, 974, 6198, 6135, 416, 18.10%, 247, 0, 3, 88.31
1574839817, 0, 1015, 6198, 6134, 415, 18.10%, 247, 0, 3, 86.00
1574840026, 0, 1018, 6198, 6133, 414, 18.10%, 247, 0, 3, 69.65
1574840031, 0, 1018, 6198, 6133, 414, 18.10%, 250, 0, 3, 73.87
1574840036, 0, 1018, 6198, 6133, 414, 18.10%, 251, 0, 3, 61.89
1574840108, 0, 1018, 6199, 6134, 414, 18.10%, 251, 0, 3, 50.17
1574840123, 0, 1018, 6199, 6134, 414, 18.10%, 252, 0, 3, 59.73
1574841134, 0, 1018, 6204, 6138, 413, 18.10%, 252, 0, 3, 78.43
1574841139, 0, 1018, 6222, 6156, 413, 18.11%, 252, 0, 3, 44.81
1574841144, 0, 1018, 6240, 6174, 413, 18.11%, 252, 0, 3, 34.84
1574841149, 0, 1018, 6261, 6195, 413, 18.12%, 252, 0, 3, 37.15
1574841154, 0, 1018, 6280, 6214, 413, 18.12%, 252, 0, 3, 6.47
1574841159, 0, 1018, 6293, 6227, 413, 18.12%, 252, 0, 3, 30.79
1574841165, 0, 1018, 6302, 6236, 413, 18.12%, 252, 0, 3, 27.13
1574841170, 0, 1018, 6304, 6238, 413, 18.12%, 252, 0, 3, 30.06
1574841175, 0, 1018, 6309, 6243, 413, 18.12%, 252, 0, 3, 29.79
1574841180, 0, 1018, 6310, 6244, 413, 18.12%, 252, 0, 3, 31.35
1574841185, 0, 1018, 6314, 6248, 413, 18.12%, 252, 0, 3, 27.27
1574841190, 0, 1041, 6314, 6248, 416, 18.12%, 252, 0, 3, 60.76
1574841216, 0, 1041, 6314, 6248, 416, 18.12%, 253, 0, 3, 88.28
1574841852, 0, 1092, 6314, 6247, 415, 18.12%, 253, 0, 3, 81.51
1574842041, 0, 1116, 6314, 6246, 415, 18.12%, 253, 0, 3, 80.95
1574842046, 0, 1116, 6314, 6246, 415, 18.12%, 255, 0, 3, 81.85
1574842087, 0, 1118, 6314, 6245, 414, 18.12%, 255, 0, 3, 83.73
1574842107, 0, 1118, 6314, 6245, 414, 18.12%, 256, 0, 3, 54.50
1574842117, 0, 1118, 6314, 6245, 414, 18.12%, 257, 0, 3, 48.43
1574842122, 0, 1118, 6314, 6245, 414, 18.12%, 258, 0, 3, 59.01
1574842127, 0, 1118, 6314, 6245, 414, 18.12%, 259, 0, 3, 60.03
1574842137, 0, 1118, 6314, 6245, 414, 18.12%, 262, 0, 3, 52.49
1574842148, 0, 1118, 6314, 6245, 414, 18.12%, 264, 0, 3, 53.37
1574842209, 0, 1118, 6314, 6245, 414, 18.12%, 265, 0, 3, 56.54
1574842245, 0, 1118, 6314, 6245, 414, 18.12%, 266, 0, 3, 53.65
1574842296, 0, 1118, 6314, 6245, 414, 18.12%, 269, 0, 3, 41.37
1574842899, 0, 1118, 6314, 6245, 414, 18.12%, 270, 0, 3, 53.75
1574843053, 0, 1118, 6314, 6245, 414, 18.12%, 271, 0, 3, 53.53
1574843231, 0, 1118, 6314, 6245, 414, 18.12%, 272, 0, 3, 41.30
1574843707, 0, 1118, 6314, 6245, 414, 18.12%, 273, 0, 3, 74.56
1574843712, 0, 1123, 6314, 6244, 414, 18.12%, 273, 0, 3, 78.69
1574844146, 0, 1123, 6322, 6251, 414, 18.12%, 273, 0, 3, 0.78
1574844151, 0, 1123, 6341, 6270, 414, 18.12%, 273, 0, 3, 34.57
1574844156, 0, 1123, 6356, 6285, 414, 18.13%, 273, 0, 3, 30.79
1574844161, 0, 1123, 6376, 6305, 414, 18.13%, 273, 0, 3, 35.83
1574844166, 0, 1123, 6389, 6318, 414, 18.13%, 273, 0, 3, 31.06
1574844171, 0, 1123, 6397, 6326, 414, 18.13%, 273, 0, 3, 26.37
1574844176, 0, 1123, 6404, 6333, 414, 18.14%, 273, 0, 3, 27.71
1574844182, 0, 1123, 6407, 6336, 414, 18.14%, 273, 0, 3, 27.13
1574844187, 0, 1123, 6408, 6337, 414, 18.14%, 273, 0, 3, 36.89
1574844192, 0, 1123, 6410, 6339, 414, 18.14%, 273, 0, 3, 30.61
1574844197, 0, 1131, 6410, 6339, 421, 18.14%, 273, 0, 3, 28.08
1574844202, 0, 1131, 6410, 6339, 421, 18.14%, 276, 0, 3, 55.78
1574844207, 0, 1131, 6410, 6339, 421, 18.14%, 278, 0, 3, 70.86
1574844238, 0, 1131, 6410, 6339, 421, 18.14%, 279, 0, 3, 66.27
1574844340, 0, 1131, 6410, 6339, 421, 18.14%, 280, 0, 3, 83.90
1574844493, 0, 1131, 6410, 6339, 421, 18.14%, 281, 0, 3, 98.46
1574844498, 0, 1183, 6410, 6338, 420, 18.14%, 281, 0, 3, 99.57
1574844590, 0, 1194, 6410, 6337, 419, 18.14%, 281, 0, 3, 101.58
1574844605, 0, 1194, 6410, 6337, 419, 18.14%, 282, 0, 3, 61.61
1574844610, 0, 1194, 6410, 6337, 419, 18.14%, 283, 0, 3, 57.30
1574844646, 0, 1194, 6410, 6337, 419, 18.14%, 284, 0, 3, 51.09
1574845350, 0, 1194, 6410, 6337, 419, 18.14%, 285, 0, 3, 66.30
1574845875, 0, 1194, 6410, 6337, 419, 18.14%, 286, 0, 3, 80.70
1574845880, 0, 1216, 6410, 6336, 419, 18.14%, 286, 0, 3, 69.12
1574845891, 0, 1216, 6410, 6336, 419, 18.14%, 287, 0, 3, 56.33
1574845906, 0, 1216, 6410, 6336, 419, 18.14%, 288, 0, 3, 55.63
1574845998, 0, 1216, 6410, 6336, 419, 18.14%, 289, 0, 3, 69.19
1574846110, 0, 1216, 6411, 6337, 419, 18.14%, 289, 0, 3, 58.85
1574846718, 0, 1262, 6411, 6336, 419, 18.14%, 291, 0, 3, 68.37
1574846723, 0, 1262, 6411, 6336, 419, 18.14%, 294, 0, 3, 72.75
1574846769, 0, 1262, 6411, 6336, 419, 18.14%, 295, 0, 3, 48.83
1574847168, 0, 1262, 6411, 6336, 419, 18.14%, 296, 0, 3, 89.34
1574847184, 0, 1262, 6426, 6350, 418, 18.14%, 296, 0, 3, 28.67
1574847189, 0, 1262, 6442, 6366, 418, 18.15%, 296, 0, 3, 29.82
1574847194, 0, 1262, 6458, 6382, 418, 18.15%, 296, 0, 3, 28.68
1574847199, 0, 1262, 6467, 6391, 418, 18.15%, 296, 0, 3, 28.16
1574847204, 0, 1262, 6475, 6399, 418, 18.15%, 296, 0, 3, 25.13
1574847209, 0, 1262, 6482, 6406, 418, 18.15%, 296, 0, 3, 26.88
1574847214, 0, 1262, 6484, 6408, 418, 18.15%, 296, 0, 3, 29.17
1574847220, 0, 1268, 6489, 6413, 419, 18.15%, 296, 0, 3, 27.44
1574847230, 0, 1268, 6489, 6413, 419, 18.15%, 297, 0, 3, 49.10
1574847240, 0, 1268, 6489, 6413, 419, 18.15%, 298, 0, 3, 48.59
1574847255, 0, 1268, 6489, 6413, 419, 18.15%, 299, 0, 3, 46.18
1574847352, 0, 1268, 6489, 6413, 419, 18.15%, 300, 0, 3, 46.83
1574847377, 0, 1268, 6489, 6413, 419, 18.15%, 301, 0, 3, 40.82
1574847414, 0, 1268, 6489, 6413, 419, 18.15%, 302, 0, 3, 41.51
1574847444, 0, 1268, 6489, 6413, 419, 18.15%, 303, 0, 3, 46.27
1574847464, 0, 1268, 6489, 6413, 419, 18.15%, 305, 0, 3, 40.18
1574847475, 0, 1268, 6489, 6413, 419, 18.15%, 306, 0, 3, 69.30
1574847807, 0, 1268, 6490, 6414, 419, 18.15%, 306, 0, 3, 41.17
1574848047, 0, 1268, 6490, 6414, 419, 18.15%, 307, 0, 3, 65.55
1574848052, 0, 1268, 6490, 6414, 419, 18.15%, 309, 0, 3, 51.71
1574848119, 0, 1268, 6490, 6414, 419, 18.15%, 311, 0, 3, 55.97
1574848134, 0, 1268, 6490, 6414, 419, 18.15%, 312, 0, 3, 55.54
1574848236, 0, 1268, 6490, 6414, 419, 18.15%, 313, 0, 3, 61.26
1574848624, 0, 1268, 6490, 6414, 419, 18.15%, 314, 0, 3, 53.13
1574848941, 0, 1298, 6490, 6413, 420, 18.15%, 314, 0, 3, 78.04
1574848946, 0, 1298, 6490, 6413, 420, 18.15%, 315, 0, 3, 72.01
1574848956, 0, 1298, 6490, 6413, 420, 18.15%, 317, 0, 3, 74.42
1574848961, 0, 1298, 6490, 6413, 420, 18.15%, 318, 0, 3, 68.14
1574848976, 0, 1298, 6490, 6413, 420, 18.15%, 319, 0, 3, 73.51
1574849639, 0, 1298, 6490, 6413, 420, 18.15%, 320, 0, 3, 72.11
1574849961, 0, 1340, 6490, 6412, 420, 18.15%, 320, 0, 3, 72.51
1574849966, 0, 1340, 6491, 6413, 420, 18.15%, 320, 0, 3, 68.00
1574849987, 0, 1340, 6491, 6413, 420, 18.15%, 321, 0, 3, 62.41
1574850048, 0, 1340, 6491, 6413, 420, 18.15%, 322, 0, 3, 66.02
1574851039, 0, 1340, 6491, 6413, 420, 18.15%, 324, 0, 3, 97.44
1574851049, 0, 1348, 6491, 6412, 421, 18.15%, 325, 0, 3, 74.38
1574851339, 0, 1351, 6491, 6411, 420, 18.15%, 325, 0, 3, 104.40
1574851508, 0, 1351, 6501, 6420, 419, 18.15%, 325, 0, 3, 22.94
1574851513, 0, 1351, 6521, 6440, 419, 18.15%, 325, 0, 3, 34.71
1574851518, 0, 1351, 6536, 6455, 419, 18.15%, 325, 0, 3, 32.65
1574851523, 0, 1351, 6550, 6469, 419, 18.16%, 325, 0, 3, 26.90
1574851528, 0, 1351, 6563, 6482, 419, 18.16%, 325, 0, 3, 28.14
1574851533, 0, 1351, 6570, 6489, 419, 18.16%, 325, 0, 3, 24.53
1574851538, 0, 1351, 6579, 6498, 419, 18.16%, 325, 0, 3, 22.18
1574851543, 0, 1351, 6587, 6506, 419, 18.16%, 325, 0, 3, 21.87
1574851548, 0, 1351, 6593, 6512, 419, 18.16%, 325, 0, 3, 22.97
1574851554, 0, 1351, 6596, 6515, 419, 18.16%, 325, 0, 3, 24.32
1574851559, 0, 1351, 6600, 6519, 419, 18.16%, 325, 0, 3, 24.52
1574851564, 0, 1351, 6603, 6522, 419, 18.16%, 325, 0, 3, 22.43
1574851569, 0, 1351, 6606, 6525, 419, 18.16%, 325, 0, 3, 25.39
1574851574, 0, 1351, 6607, 6526, 419, 18.16%, 325, 0, 3, 24.45
1574851579, 0, 1392, 6607, 6526, 416, 18.16%, 325, 0, 3, 47.37
1574852199, 0, 1394, 6607, 6525, 415, 18.16%, 325, 0, 3, 83.97
1574852204, 0, 1394, 6607, 6525, 415, 18.16%, 326, 0, 3, 76.29
1574852286, 0, 1394, 6607, 6525, 415, 18.16%, 327, 0, 3, 65.20
1574852331, 0, 1394, 6607, 6525, 415, 18.16%, 328, 0, 3, 58.12
1574852842, 0, 1394, 6607, 6525, 415, 18.16%, 330, 0, 3, 48.44
1574853275, 0, 1415, 6607, 6524, 414, 18.16%, 330, 0, 3, 88.67
1574853280, 0, 1415, 6607, 6524, 414, 18.16%, 331, 0, 3, 87.34
1574853291, 0, 1415, 6608, 6525, 414, 18.16%, 331, 0, 4, 69.26
1574853306, 0, 1415, 6609, 6526, 414, 18.16%, 331, 0, 4, 9.67
1574853418, 0, 1415, 6610, 6527, 414, 18.16%, 331, 0, 4, 68.11
1574853831, 0, 1427, 6610, 6526, 416, 18.16%, 331, 0, 4, 67.24
1574855200, 0, 1427, 6610, 6526, 416, 18.16%, 332, 0, 4, 106.58
1574855206, 0, 1434, 6610, 6525, 416, 18.16%, 332, 0, 4, 82.14
1574855216, 0, 1434, 6610, 6525, 416, 18.16%, 333, 0, 4, 55.99
1574855251, 0, 1434, 6610, 6525, 416, 18.16%, 334, 0, 4, 69.79
1574855262, 0, 1434, 6610, 6525, 416, 18.16%, 335, 0, 4, 65.56
1574855267, 0, 1434, 6610, 6525, 416, 18.16%, 336, 0, 4, 58.58
1574855313, 0, 1434, 6610, 6525, 416, 18.16%, 337, 0, 4, 60.48
1574855333, 0, 1434, 6610, 6525, 416, 18.16%, 338, 0, 4, 65.00
1574855358, 0, 1434, 6611, 6526, 416, 18.16%, 338, 0, 4, 63.30
1574855384, 0, 1434, 6611, 6526, 416, 18.16%, 339, 0, 4, 55.06
1574855389, 0, 1434, 6611, 6526, 416, 18.16%, 340, 0, 4, 74.81
1574855915, 0, 1434, 6611, 6526, 416, 18.16%, 341, 0, 4, 58.77
1574855956, 0, 1434, 6611, 6526, 416, 18.16%, 342, 0, 4, 60.95
1574856557, 0, 1434, 6613, 6527, 415, 18.16%, 342, 0, 4, 92.05
1574856562, 0, 1434, 6628, 6542, 415, 18.18%, 342, 0, 4, 44.72
1574856567, 0, 1434, 6644, 6558, 415, 18.19%, 342, 0, 4, 33.95
1574856572, 0, 1434, 6664, 6578, 415, 18.20%, 342, 0, 4, 32.54
1574856578, 0, 1434, 6679, 6593, 415, 18.20%, 342, 0, 4, 30.64
1574856583, 0, 1434, 6693, 6607, 415, 18.20%, 342, 0, 4, 24.65
1574856588, 0, 1434, 6702, 6616, 415, 18.20%, 342, 0, 4, 23.85
1574856593, 0, 1434, 6710, 6624, 415, 18.20%, 342, 0, 4, 22.22
1574856598, 0, 1434, 6719, 6633, 415, 18.20%, 342, 0, 4, 23.28
1574856603, 0, 1434, 6725, 6639, 415, 18.20%, 342, 0, 4, 25.95
1574856608, 0, 1434, 6730, 6644, 415, 18.20%, 342, 0, 4, 23.91
1574856613, 0, 1434, 6734, 6648, 415, 18.20%, 342, 0, 4, 27.34
1574856618, 0, 1434, 6736, 6650, 415, 18.20%, 342, 0, 4, 25.96
1574856624, 0, 1434, 6739, 6653, 415, 18.20%, 342, 0, 4, 24.96
1574856634, 0, 1470, 6740, 6654, 422, 18.20%, 342, 0, 4, 33.27
1574856639, 0, 1470, 6740, 6654, 422, 18.20%, 343, 0, 4, 64.06
1574856664, 0, 1470, 6740, 6654, 422, 18.20%, 344, 0, 4, 61.03
1574856751, 0, 1470, 6740, 6654, 422, 18.20%, 345, 0, 4, 61.82
1574857440, 0, 1470, 6740, 6654, 422, 18.20%, 346, 0, 4, 70.82
1574857880, 0, 1477, 6740, 6653, 421, 18.20%, 346, 0, 4, 62.31
1574857885, 0, 1477, 6740, 6653, 421, 18.20%, 350, 0, 4, 71.56
1574857900, 0, 1477, 6740, 6653, 421, 18.20%, 351, 0, 4, 56.50
1574857906, 0, 1477, 6740, 6653, 421, 18.20%, 352, 0, 4, 60.51
1574857916, 0, 1477, 6741, 6654, 421, 18.20%, 352, 0, 4, 61.07
1574857941, 0, 1477, 6741, 6654, 421, 18.20%, 353, 0, 4, 69.74
1574858272, 0, 1477, 6741, 6654, 421, 18.20%, 354, 0, 4, 70.93
1574858288, 0, 1477, 6741, 6654, 421, 18.20%, 355, 0, 4, 83.60
1574858726, 0, 1499, 6741, 6653, 420, 18.20%, 358, 0, 4, 92.06
1574858736, 0, 1499, 6741, 6653, 420, 18.20%, 359, 0, 4, 81.82
1574858746, 0, 1499, 6741, 6653, 420, 18.20%, 360, 0, 4, 83.03
1574858955, 0, 1499, 6741, 6653, 420, 18.20%, 362, 0, 4, 84.40
1574858960, 0, 1512, 6741, 6652, 419, 18.20%, 362, 0, 4, 81.36
1574858965, 0, 1512, 6741, 6652, 419, 18.20%, 363, 0, 4, 62.71
1574858980, 0, 1512, 6741, 6652, 419, 18.20%, 364, 0, 4, 52.56
1574859001, 0, 1512, 6741, 6652, 419, 18.20%, 365, 0, 4, 51.98
1574859078, 0, 1512, 6741, 6652, 419, 18.20%, 366, 0, 4, 55.97
1574860154, 0, 1562, 6741, 6651, 418, 18.20%, 366, 0, 4, 85.11
1574860507, 0, 1562, 6755, 6664, 417, 18.21%, 366, 0, 4, 43.28
1574860512, 0, 1562, 6770, 6679, 417, 18.21%, 366, 0, 4, 31.88
1574860517, 0, 1562, 6783, 6692, 417, 18.21%, 366, 0, 4, 26.74
1574860522, 0, 1562, 6799, 6708, 417, 18.21%, 366, 0, 4, 30.53
1574860527, 0, 1562, 6810, 6719, 417, 18.21%, 366, 0, 4, 24.18
1574860532, 0, 1562, 6818, 6727, 417, 18.21%, 366, 0, 4, 22.92
1574860537, 0, 1562, 6826, 6735, 417, 18.21%, 366, 0, 4, 23.54
1574860543, 0, 1562, 6829, 6738, 417, 18.21%, 366, 0, 4, 20.82
1574860548, 0, 1562, 6834, 6743, 417, 18.21%, 366, 0, 4, 20.30
1574860553, 0, 1562, 6839, 6748, 417, 18.21%, 366, 0, 4, 21.27
1574860558, 0, 1562, 6840, 6749, 417, 18.21%, 366, 0, 4, 22.94
1574860563, 0, 1562, 6841, 6750, 417, 18.21%, 366, 0, 4, 22.10
1574860568, 0, 1562, 6843, 6752, 417, 18.21%, 366, 0, 4, 20.23
1574860573, 0, 1562, 6847, 6756, 417, 18.21%, 366, 0, 4, 20.04
1574860578, 0, 1604, 6847, 6756, 419, 18.21%, 366, 0, 4, 66.52
1574860593, 0, 1604, 6847, 6756, 419, 18.21%, 367, 0, 4, 84.03
1574860807, 0, 1604, 6847, 6756, 419, 18.21%, 368, 0, 4, 74.19
1574861048, 0, 1625, 6847, 6755, 418, 18.21%, 368, 0, 4, 75.67
1574861053, 0, 1625, 6847, 6755, 418, 18.21%, 370, 0, 4, 66.24
1574861120, 0, 1625, 6847, 6755, 418, 18.21%, 371, 0, 4, 69.15
1574861881, 0, 1633, 6847, 6754, 417, 18.21%, 371, 0, 4, 68.89
1574861886, 0, 1633, 6847, 6754, 417, 18.21%, 374, 0, 4, 69.17
1574861891, 0, 1633, 6847, 6754, 417, 18.21%, 375, 0, 4, 62.08
1574861999, 0, 1633, 6847, 6754, 417, 18.21%, 376, 0, 4, 68.37
1574862004, 0, 1633, 6847, 6754, 417, 18.21%, 377, 0, 4, 65.93
1574862618, 0, 1633, 6847, 6754, 417, 18.21%, 378, 0, 4, 58.25
1574863381, 0, 1637, 6847, 6753, 416, 18.21%, 378, 0, 4, 65.86
1574863386, 0, 1637, 6847, 6753, 416, 18.21%, 379, 0, 4, 63.68
1574863402, 0, 1637, 6847, 6753, 416, 18.21%, 380, 0, 4, 70.97
1574863417, 0, 1637, 6847, 6753, 416, 18.21%, 381, 0, 4, 56.68
1574863448, 0, 1637, 6847, 6753, 416, 18.21%, 382, 0, 4, 53.41
1574863703, 0, 1637, 6847, 6753, 416, 18.21%, 383, 0, 4, 75.63
1574864127, 0, 1641, 6847, 6752, 415, 18.21%, 383, 0, 4, 92.74
1574864138, 0, 1641, 6847, 6752, 415, 18.21%, 384, 0, 4, 54.25
1574864163, 0, 1641, 6847, 6752, 415, 18.21%, 385, 0, 4, 53.53
1574864184, 0, 1641, 6847, 6752, 415, 18.21%, 386, 0, 4, 47.55
1574865283, 0, 1641, 6847, 6752, 415, 18.21%, 387, 0, 4, 78.74
1574865288, 0, 1641, 6858, 6762, 415, 18.25%, 387, 0, 4, 54.37
1574865293, 0, 1641, 6878, 6782, 415, 18.27%, 387, 0, 4, 40.87
1574865298, 0, 1641, 6895, 6799, 415, 18.27%, 387, 0, 4, 33.23
1574865303, 0, 1641, 6910, 6814, 415, 18.27%, 387, 0, 4, 29.62
1574865308, 0, 1641, 6919, 6823, 415, 18.28%, 387, 0, 4, 28.23
1574865313, 0, 1641, 6925, 6829, 415, 18.28%, 387, 0, 4, 26.76
1574865319, 0, 1641, 6927, 6831, 415, 18.28%, 387, 0, 4, 28.48
1574865324, 0, 1641, 6930, 6834, 415, 18.28%, 387, 0, 4, 26.78
1574865329, 0, 1641, 6935, 6839, 415, 18.28%, 387, 0, 4, 28.51
1574865334, 0, 1648, 6937, 6841, 422, 18.28%, 387, 0, 4, 68.64
1574865339, 0, 1648, 6937, 6841, 422, 18.28%, 388, 0, 4, 73.17
1574865900, 0, 1685, 6937, 6840, 421, 18.28%, 390, 0, 4, 86.23
1574867184, 0, 1691, 6937, 6839, 420, 18.28%, 391, 0, 4, 75.48
1574867189, 0, 1691, 6937, 6839, 420, 18.28%, 392, 0, 4, 64.76
1574867194, 0, 1691, 6937, 6839, 420, 18.28%, 393, 0, 4, 61.49
1574867199, 0, 1691, 6937, 6839, 420, 18.28%, 394, 0, 4, 63.86
1574867220, 0, 1691, 6937, 6839, 420, 18.28%, 395, 0, 4, 55.59
1574867225, 0, 1691, 6937, 6839, 420, 18.28%, 396, 0, 4, 58.06
1574867245, 0, 1691, 6937, 6839, 420, 18.28%, 397, 0, 4, 74.95
1574867250, 0, 1691, 6937, 6839, 420, 18.28%, 398, 0, 4, 7.61
1574867281, 0, 1691, 6937, 6839, 420, 18.28%, 399, 0, 4, 61.60
1574867525, 0, 1691, 6937, 6839, 420, 18.28%, 401, 0, 4, 61.79
1574867535, 0, 1691, 6937, 6839, 420, 18.28%, 403, 0, 4, 60.34
1574867628, 0, 1691, 6937, 6839, 420, 18.28%, 404, 0, 4, 53.38
1574867643, 0, 1691, 6937, 6839, 420, 18.28%, 405, 0, 4, 63.21
1574867648, 0, 1691, 6937, 6839, 420, 18.28%, 406, 0, 4, 61.38
1574867920, 0, 1691, 6937, 6839, 420, 18.28%, 407, 0, 4, 83.09
1574867930, 0, 1691, 6937, 6839, 420, 18.28%, 408, 0, 4, 92.39
1574867935, 0, 1699, 6937, 6838, 419, 18.28%, 408, 0, 4, 85.37
1574867940, 0, 1699, 6937, 6838, 419, 18.28%, 409, 0, 4, 72.77
1574867950, 0, 1699, 6937, 6838, 419, 18.28%, 410, 0, 4, 52.85
1574867991, 0, 1699, 6937, 6838, 419, 18.28%, 411, 0, 4, 50.94
1574868007, 0, 1699, 6937, 6838, 419, 18.28%, 412, 0, 4, 54.20
1574868150, 0, 1699, 6937, 6838, 419, 18.28%, 413, 0, 4, 38.66
1574868156, 0, 1699, 6937, 6838, 419, 18.28%, 414, 0, 4, 42.58
1574868161, 0, 1699, 6937, 6838, 419, 18.28%, 415, 0, 4, 41.81
1574868166, 0, 1699, 6937, 6838, 419, 18.28%, 416, 0, 4, 41.96
1574868763, 0, 1699, 6937, 6838, 419, 18.28%, 418, 0, 4, 54.50
1574868774, 0, 1699, 6937, 6838, 419, 18.28%, 419, 0, 4, 50.62
1574868861, 0, 1699, 6937, 6838, 419, 18.28%, 420, 0, 4, 53.54
1574869755, 0, 1703, 6937, 6837, 419, 18.28%, 420, 0, 4, 70.19
1574869765, 0, 1703, 6937, 6837, 419, 18.28%, 421, 0, 4, 65.75
1574869801, 0, 1703, 6937, 6837, 419, 18.28%, 422, 0, 4, 51.09
1574869806, 0, 1703, 6937, 6837, 419, 18.28%, 423, 0, 4, 54.27
1574869811, 0, 1703, 6937, 6837, 419, 18.28%, 424, 0, 4, 57.97
1574869847, 0, 1703, 6937, 6837, 419, 18.28%, 425, 0, 4, 47.31
1574869862, 0, 1703, 6937, 6837, 419, 18.28%, 426, 0, 4, 38.20
1574869893, 0, 1703, 6937, 6837, 419, 18.28%, 427, 0, 4, 54.33
1574869929, 0, 1703, 6937, 6837, 419, 18.28%, 429, 0, 4, 49.26
1574870308, 0, 1703, 6937, 6837, 419, 18.28%, 430, 0, 4, 49.37
1574870604, 0, 1703, 6937, 6837, 419, 18.28%, 431, 0, 4, 55.97
1574870994, 0, 1703, 6948, 6847, 418, 18.28%, 431, 0, 4, 25.76
1574870999, 0, 1703, 6967, 6866, 418, 18.28%, 431, 0, 4, 32.96
1574871004, 0, 1703, 6985, 6884, 418, 18.28%, 431, 0, 4, 30.97
1574871009, 0, 1703, 7000, 6899, 418, 18.28%, 431, 0, 4, 25.51
1574871014, 0, 1703, 7009, 6908, 418, 18.30%, 431, 0, 4, 27.58
1574871019, 0, 1703, 7016, 6915, 418, 18.30%, 431, 0, 4, 27.72
1574871025, 0, 1703, 7021, 6920, 418, 18.30%, 431, 0, 4, 25.58
1574871030, 0, 1703, 7025, 6924, 418, 18.30%, 431, 0, 4, 24.08
1574871035, 0, 1703, 7028, 6927, 418, 18.30%, 431, 0, 4, 25.59
1574871045, 0, 1706, 7030, 6929, 419, 18.30%, 431, 0, 4, 45.19
1574871070, 0, 1706, 7030, 6929, 419, 18.30%, 432, 0, 4, 58.52
1574871076, 0, 1706, 7030, 6929, 419, 18.30%, 433, 0, 4, 4.16
1574871081, 0, 1706, 7030, 6929, 419, 18.30%, 434, 0, 4, 67.17
1574871546, 0, 1706, 7030, 6929, 419, 18.30%, 435, 0, 4, 67.98
1574872052, 0, 1717, 7030, 6928, 418, 18.30%, 435, 0, 4, 64.56
1574872057, 0, 1717, 7030, 6928, 418, 18.30%, 436, 0, 4, 56.24
1574873085, 0, 1717, 7030, 6928, 418, 18.30%, 437, 0, 4, 84.78
1574873090, 0, 1741, 7030, 6927, 417, 18.30%, 437, 0, 4, 88.18
1574873320, 0, 1755, 7030, 6926, 416, 18.30%, 437, 0, 4, 110.36
1574873340, 0, 1755, 7030, 6926, 416, 18.30%, 438, 0, 4, 70.42
1574873732, 0, 1779, 7030, 6925, 415, 18.30%, 438, 0, 4, 94.68
1574873860, 0, 1779, 7031, 6925, 414, 18.30%, 438, 0, 4, 101.58
1574873865, 0, 1779, 7051, 6945, 414, 18.32%, 438, 0, 4, 51.97
1574873870, 0, 1779, 7059, 6953, 414, 18.32%, 438, 0, 4, 33.32
1574873875, 0, 1779, 7064, 6958, 414, 18.32%, 438, 0, 4, 28.02
1574873880, 0, 1779, 7067, 6961, 414, 18.32%, 438, 0, 4, 26.09
1574873885, 0, 1795, 7067, 6961, 413, 18.32%, 439, 0, 4, 61.53
1574874182, 0, 1812, 7067, 6960, 412, 18.32%, 439, 0, 4, 89.83
1574874289, 0, 1812, 7067, 6960, 412, 18.32%, 440, 0, 4, 73.77
1574874320, 0, 1812, 7067, 6960, 412, 18.32%, 441, 0, 4, 58.04
1574874539, 0, 1812, 7067, 6960, 412, 18.32%, 442, 0, 4, 52.33
1574874713, 0, 1812, 7067, 6960, 412, 18.32%, 443, 0, 4, 73.63
1574875199, 0, 1820, 7067, 6959, 411, 18.32%, 443, 0, 4, 94.41
1574875214, 0, 1820, 7067, 6959, 411, 18.32%, 444, 0, 4, 75.09
1574875638, 0, 1838, 7067, 6958, 410, 18.32%, 444, 0, 4, 80.85
1574875944, 0, 1862, 7067, 6957, 409, 18.32%, 444, 0, 4, 95.86
1574876031, 0, 1862, 7079, 6968, 408, 18.32%, 444, 0, 4, 67.03
1574876036, 0, 1862, 7091, 6980, 408, 18.32%, 444, 0, 4, 33.99
1574876041, 0, 1862, 7100, 6989, 408, 18.32%, 444, 0, 4, 26.98
1574876046, 0, 1862, 7106, 6995, 408, 18.32%, 444, 0, 4, 24.05
1574876051, 0, 1862, 7108, 6997, 408, 18.32%, 444, 0, 4, 27.05
1574876056, 0, 1883, 7108, 6997, 405, 18.32%, 444, 0, 4, 64.35
1574876072, 0, 1883, 7108, 6997, 405, 18.32%, 446, 0, 4, 96.00
1574876397, 0, 1883, 7108, 6997, 405, 18.32%, 447, 0, 4, 95.41
1574876403, 0, 1921, 7108, 6996, 404, 18.32%, 447, 0, 4, 84.95
1574876423, 0, 1921, 7108, 6996, 404, 18.32%, 448, 0, 4, 54.25
1574876428, 0, 1921, 7108, 6996, 404, 18.32%, 449, 0, 4, 54.74
1574876433, 0, 1921, 7108, 6996, 404, 18.32%, 450, 0, 4, 64.21
1574876454, 0, 1921, 7108, 6996, 404, 18.32%, 451, 0, 4, 64.36
1574876715, 0, 1921, 7109, 6997, 404, 18.32%, 451, 0, 4, 65.67
1574877711, 0, 1928, 7109, 6996, 404, 18.32%, 451, 0, 4, 98.97
1574877951, 0, 1942, 7109, 6995, 402, 18.32%, 451, 0, 4, 78.60
1574878664, 0, 1945, 7109, 6994, 401, 18.32%, 453, 0, 4, 66.79
1574878685, 0, 1945, 7109, 6994, 401, 18.32%, 454, 0, 4, 75.11
1574878700, 0, 1945, 7109, 6994, 401, 18.32%, 455, 0, 4, 67.24
1574879389, 0, 1945, 7125, 7009, 400, 18.32%, 455, 0, 4, 28.76
1574879394, 0, 1945, 7138, 7022, 400, 18.32%, 455, 0, 4, 30.00
1574879399, 0, 1945, 7142, 7026, 400, 18.32%, 455, 0, 4, 27.75
1574879404, 0, 1945, 7148, 7032, 400, 18.32%, 455, 0, 4, 26.88
1574879409, 0, 1948, 7149, 7033, 400, 18.32%, 455, 0, 4, 36.67
1574879414, 0, 1948, 7149, 7033, 400, 18.32%, 456, 0, 4, 45.28
1574879419, 0, 1948, 7149, 7033, 400, 18.32%, 458, 0, 4, 41.61
1574879445, 0, 1948, 7149, 7033, 400, 18.32%, 459, 0, 4, 44.82
1574879460, 0, 1948, 7149, 7033, 400, 18.32%, 460, 0, 4, 41.75
1574879486, 0, 1948, 7149, 7033, 400, 18.32%, 461, 0, 4, 38.99
1574879547, 0, 1948, 7149, 7033, 400, 18.32%, 462, 0, 4, 40.85
1574879608, 0, 1948, 7149, 7033, 400, 18.32%, 463, 0, 4, 52.29
1574879634, 0, 1948, 7149, 7033, 400, 18.32%, 464, 0, 4, 39.41
1574879639, 0, 1948, 7149, 7033, 400, 18.32%, 465, 0, 4, 40.08
1574879701, 0, 1948, 7149, 7033, 400, 18.32%, 466, 0, 4, 35.64
1574879711, 0, 1948, 7149, 7033, 400, 18.32%, 469, 0, 4, 38.23
1574879721, 0, 1948, 7149, 7033, 400, 18.32%, 470, 0, 4, 51.46
1574880457, 0, 1948, 7149, 7033, 400, 18.32%, 471, 0, 4, 56.20
1574880472, 0, 1948, 7149, 7033, 400, 18.32%, 472, 0, 4, 39.64
1574880558, 0, 1948, 7149, 7033, 400, 18.32%, 473, 0, 4, 49.93
1574880645, 0, 1948, 7149, 7033, 400, 18.32%, 474, 0, 4, 41.75
1574880793, 0, 1948, 7149, 7033, 400, 18.32%, 475, 0, 4, 45.61
1574881642, 0, 1948, 7149, 7033, 400, 18.32%, 476, 0, 4, 87.11
1574881647, 0, 1957, 7149, 7032, 399, 18.32%, 476, 0, 4, 79.78
1574881652, 0, 1957, 7149, 7032, 399, 18.32%, 477, 0, 4, 68.46
1574881770, 0, 1957, 7149, 7032, 399, 18.32%, 478, 0, 4, 37.72
1574881806, 0, 1957, 7149, 7032, 399, 18.32%, 479, 0, 4, 57.16
1574881831, 0, 1957, 7149, 7032, 399, 18.32%, 481, 0, 4, 69.35
1574883041, 0, 1977, 7149, 7031, 398, 18.32%, 481, 0, 4, 76.77
1574883071, 0, 1977, 7149, 7031, 398, 18.32%, 482, 0, 4, 48.02
1574883102, 0, 1977, 7149, 7031, 398, 18.32%, 483, 0, 4, 58.72
1574883143, 0, 1977, 7149, 7031, 398, 18.32%, 484, 0, 4, 69.36
1574883158, 0, 1977, 7149, 7031, 398, 18.32%, 485, 0, 4, 72.52
1574883245, 0, 1977, 7149, 7031, 398, 18.32%, 486, 0, 4, 43.90
1574884051, 0, 1977, 7149, 7031, 398, 18.32%, 487, 0, 4, 57.67
1574884541, 0, 2028, 7149, 7030, 397, 18.32%, 488, 0, 4, 91.84
1574884546, 0, 2028, 7149, 7030, 397, 18.32%, 489, 0, 4, 82.17
1574884566, 0, 2028, 7150, 7031, 397, 18.32%, 489, 0, 4, 87.53
1574885143, 0, 2039, 7150, 7030, 397, 18.32%, 489, 0, 4, 88.31
1574885307, 0, 2039, 7163, 7042, 396, 18.33%, 489, 0, 4, 53.62
1574885312, 0, 2039, 7181, 7060, 396, 18.34%, 489, 0, 4, 36.02
1574885317, 0, 2039, 7195, 7074, 396, 18.34%, 489, 0, 4, 26.90
1574885322, 0, 2039, 7203, 7082, 396, 18.34%, 489, 0, 4, 23.53
1574885327, 0, 2039, 7211, 7090, 396, 18.34%, 489, 0, 4, 24.26
1574885332, 0, 2039, 7215, 7094, 396, 18.34%, 489, 0, 4, 23.81
1574885338, 0, 2039, 7218, 7097, 396, 18.34%, 489, 0, 4, 22.81
1574885343, 0, 2039, 7219, 7098, 396, 18.34%, 489, 0, 4, 24.04
1574885348, 0, 2039, 7224, 7103, 396, 18.34%, 489, 0, 4, 3.41
1574885353, 0, 2039, 7226, 7105, 396, 18.34%, 489, 0, 4, 25.78
1574885358, 0, 2046, 7226, 7105, 398, 18.34%, 489, 0, 4, 64.28
1574885715, 0, 2046, 7227, 7106, 398, 18.34%, 489, 0, 4, 69.61
1574886654, 0, 2052, 7227, 7105, 397, 18.34%, 489, 0, 4, 96.88
1574886792, 0, 2058, 7227, 7104, 396, 18.34%, 489, 0, 4, 102.99
1574887047, 0, 2061, 7227, 7103, 395, 18.34%, 489, 0, 4, 100.62
1574887398, 0, 2072, 7227, 7102, 394, 18.34%, 489, 0, 4, 87.93
1574887413, 0, 2072, 7227, 7102, 394, 18.34%, 490, 0, 4, 69.59
1574888489, 0, 2072, 7236, 7110, 393, 18.35%, 490, 0, 4, 62.26
1574888494, 0, 2072, 7252, 7126, 393, 18.36%, 490, 0, 4, 29.47
1574888499, 0, 2072, 7268, 7142, 393, 18.36%, 490, 0, 4, 29.02
1574888504, 0, 2072, 7274, 7148, 393, 18.36%, 490, 0, 4, 23.75
1574888509, 0, 2072, 7278, 7152, 393, 18.36%, 490, 0, 4, 23.98
1574888514, 0, 2072, 7281, 7155, 393, 18.36%, 490, 0, 4, 26.39
1574888519, 0, 2074, 7282, 7156, 395, 18.36%, 490, 0, 4, 52.17
1574888688, 0, 2074, 7282, 7156, 395, 18.36%, 491, 0, 4, 44.81
1574889163, 0, 2074, 7282, 7156, 395, 18.36%, 492, 0, 4, 67.54
1574889918, 0, 2078, 7282, 7155, 395, 18.36%, 492, 0, 4, 87.17
1574889923, 0, 2078, 7282, 7155, 395, 18.36%, 493, 0, 4, 79.15
1574889979, 0, 2078, 7283, 7156, 395, 18.40%, 493, 0, 4, 79.95
1574890091, 0, 2130, 7283, 7155, 395, 18.40%, 493, 0, 4, 82.43
1574890536, 0, 2130, 7284, 7156, 395, 18.40%, 493, 0, 4, 58.32
1574891439, 0, 2135, 7284, 7155, 394, 18.40%, 493, 0, 4, 84.29
1574891633, 0, 2146, 7284, 7154, 393, 18.40%, 493, 0, 4, 84.99
1574891699, 0, 2146, 7284, 7154, 393, 18.40%, 494, 0, 4, 60.17
1574891745, 0, 2146, 7284, 7154, 393, 18.40%, 495, 0, 4, 47.26
1574892389, 0, 2146, 7305, 7174, 392, 18.40%, 495, 0, 4, 42.45
1574892394, 0, 2146, 7315, 7184, 392, 18.40%, 495, 0, 4, 29.77
1574892399, 0, 2146, 7321, 7190, 392, 18.40%, 495, 0, 4, 25.56
1574892404, 0, 2146, 7326, 7195, 392, 18.40%, 495, 0, 4, 23.79
1574892409, 0, 2147, 7327, 7196, 394, 18.40%, 495, 0, 4, 55.77
1574892481, 0, 2174, 7327, 7195, 393, 18.40%, 495, 0, 4, 107.06
1574893326, 0, 2210, 7327, 7194, 392, 18.40%, 495, 0, 4, 103.99
1574893592, 0, 2230, 7327, 7193, 391, 18.40%, 495, 0, 4, 105.56
1574893740, 0, 2259, 7327, 7192, 390, 18.40%, 495, 0, 4, 84.51
1574895126, 0, 2259, 7335, 7199, 390, 18.40%, 495, 0, 4, 57.55
1574895131, 0, 2259, 7348, 7212, 390, 18.40%, 495, 0, 4, 25.18
1574895136, 0, 2259, 7359, 7223, 390, 18.40%, 495, 0, 4, 25.39
1574895141, 0, 2259, 7365, 7229, 390, 18.40%, 495, 0, 4, 20.77
1574895146, 0, 2259, 7367, 7231, 390, 18.40%, 495, 0, 4, 22.39
1574895151, 0, 2259, 7368, 7232, 390, 18.40%, 495, 0, 4, 23.77
1574895156, 0, 2260, 7368, 7232, 392, 18.40%, 495, 0, 4, 79.16
1574895513, 0, 2270, 7368, 7231, 391, 18.40%, 496, 0, 4, 81.51
1574895529, 0, 2270, 7368, 7231, 391, 18.40%, 497, 0, 4, 68.82
1574895666, 0, 2270, 7368, 7231, 391, 18.40%, 498, 0, 4, 79.42
1574895707, 0, 2270, 7368, 7231, 391, 18.40%, 499, 0, 4, 74.68
1574895778, 0, 2270, 7368, 7231, 391, 18.40%, 500, 0, 4, 80.26
1574895855, 0, 2270, 7368, 7231, 391, 18.40%, 501, 0, 4, 92.39
1574895860, 0, 2280, 7368, 7230, 390, 18.40%, 502, 0, 4, 88.36
1574895865, 0, 2280, 7368, 7230, 390, 18.40%, 503, 0, 4, 68.68
1574896756, 0, 2327, 7368, 7229, 389, 18.40%, 503, 0, 4, 86.93
1574896767, 0, 2327, 7368, 7229, 389, 18.40%, 504, 0, 4, 73.67
1574897144, 0, 2348, 7368, 7228, 389, 18.40%, 505, 0, 4, 82.43
1574897169, 0, 2348, 7368, 7228, 389, 18.40%, 506, 0, 4, 62.46
1574897862, 0, 2348, 7373, 7232, 388, 18.41%, 506, 0, 4, 12.58
1574897867, 0, 2348, 7384, 7243, 388, 18.41%, 506, 0, 4, 21.99
1574897872, 0, 2348, 7388, 7247, 388, 18.41%, 506, 0, 4, 20.46
1574897877, 0, 2348, 7391, 7250, 388, 18.41%, 506, 0, 4, 18.19
1574897883, 0, 2356, 7392, 7251, 390, 18.41%, 506, 0, 4, 37.04
1574897888, 0, 2356, 7392, 7251, 390, 18.41%, 508, 0, 4, 75.40
1574897928, 0, 2356, 7392, 7251, 390, 18.41%, 509, 0, 4, 70.86
1574897974, 0, 2356, 7392, 7251, 390, 18.41%, 510, 0, 4, 60.41
1574898968, 0, 2356, 7392, 7251, 390, 18.41%, 511, 0, 4, 82.41
1574898973, 0, 2361, 7392, 7250, 389, 18.41%, 511, 0, 4, 86.60
1574898994, 0, 2395, 7392, 7249, 388, 18.41%, 513, 0, 4, 86.50
1574899010, 0, 2395, 7392, 7249, 388, 18.41%, 514, 0, 4, 72.62
1574899025, 0, 2395, 7392, 7249, 388, 18.41%, 515, 0, 4, 76.07
1574899055, 0, 2395, 7392, 7249, 388, 18.41%, 516, 0, 4, 64.41
1574899336, 0, 2395, 7392, 7249, 388, 18.41%, 517, 0, 4, 71.91
1574899443, 0, 2395, 7392, 7249, 388, 18.41%, 518, 0, 4, 80.45
1574899876, 0, 2400, 7392, 7248, 387, 18.41%, 518, 0, 4, 85.15
1574900498, 0, 2432, 7392, 7247, 386, 18.41%, 518, 0, 4, 89.17
1574900503, 0, 2432, 7392, 7247, 386, 18.41%, 521, 0, 4, 79.60
1574900524, 0, 2432, 7392, 7247, 386, 18.41%, 522, 0, 4, 62.95
1574901121, 0, 2432, 7392, 7247, 386, 18.41%, 523, 0, 4, 77.45
1574901208, 0, 2432, 7392, 7247, 386, 18.41%, 524, 0, 4, 106.24
1574901213, 0, 2432, 7396, 7250, 386, 18.41%, 524, 0, 4, 79.86
1574901218, 0, 2432, 7412, 7266, 386, 18.41%, 524, 0, 4, 38.34
1574901223, 0, 2432, 7423, 7277, 386, 18.41%, 524, 0, 4, 29.33
1574901228, 0, 2432, 7429, 7283, 386, 18.41%, 524, 0, 4, 24.52
1574901233, 0, 2432, 7432, 7286, 386, 18.41%, 524, 0, 4, 23.32
1574901238, 0, 2432, 7433, 7287, 386, 18.41%, 524, 0, 4, 23.28
1574901243, 0, 2445, 7433, 7287, 387, 18.41%, 524, 0, 4, 72.94
1574901493, 0, 2445, 7433, 7287, 387, 18.41%, 525, 0, 4, 75.77
1574901666, 0, 2492, 7433, 7286, 386, 18.41%, 525, 0, 4, 79.90
1574901682, 0, 2492, 7433, 7286, 386, 18.41%, 526, 0, 4, 39.12
1574901748, 0, 2492, 7433, 7286, 386, 18.41%, 527, 0, 4, 35.50
1574901758, 0, 2492, 7433, 7286, 386, 18.41%, 528, 0, 4, 32.87
1574901794, 0, 2492, 7433, 7286, 386, 18.41%, 529, 0, 4, 39.61
1574901814, 0, 2492, 7433, 7286, 386, 18.41%, 530, 0, 4, 27.96
