# unix_time, cycles_done, cur_path, paths_total, pending_total, pending_favs, map_size, unique_crashes, unique_hangs, max_depth, execs_per_sec
1575114244, 0, 0, 1, 1, 1, 7.00%, 0, 0, 1, 97.56
1575114249, 0, 0, 75, 75, 1, 7.90%, 0, 0, 2, 142.38
1575114254, 0, 0, 127, 127, 1, 8.42%, 0, 0, 2, 148.22
1575114259, 0, 0, 162, 162, 1, 8.51%, 0, 0, 2, 146.06
1575114265, 0, 0, 197, 197, 1, 8.63%, 0, 0, 2, 143.98
1575114270, 0, 0, 223, 223, 1, 8.76%, 0, 0, 2, 147.45
1575114275, 0, 0, 248, 248, 1, 8.81%, 0, 0, 2, 143.48
1575114280, 0, 0, 262, 262, 1, 8.82%, 0, 0, 2, 141.23
1575114285, 0, 0, 275, 275, 1, 9.00%, 0, 0, 2, 141.31
1575114290, 0, 0, 286, 286, 1, 9.02%, 0, 0, 2, 145.29
1575114296, 0, 0, 294, 294, 1, 9.08%, 0, 0, 2, 149.87
1575114301, 0, 0, 307, 307, 1, 9.27%, 0, 0, 2, 148.08
1575114306, 0, 0, 314, 314, 1, 9.27%, 0, 0, 2, 145.07
1575114311, 0, 0, 320, 320, 1, 9.29%, 0, 0, 2, 142.60
1575114316, 0, 0, 328, 328, 1, 9.34%, 0, 0, 2, 142.38
1575114321, 0, 0, 340, 340, 1, 9.46%, 0, 0, 2, 139.66
1575114327, 0, 0, 344, 344, 1, 9.46%, 0, 0, 2, 136.09
1575114332, 0, 0, 350, 350, 1, 9.48%, 0, 0, 2, 137.77
1575114337, 0, 0, 361, 361, 1, 9.48%, 0, 0, 2, 139.75
1575114342, 0, 0, 382, 381, 0, 9.52%, 0, 0, 2, 117.81
1575114347, 0, 0, 423, 422, 0, 9.90%, 0, 0, 2, 94.83
1575114352, 0, 0, 468, 467, 0, 9.94%, 0, 0, 2, 100.09
1575114357, 0, 0, 517, 516, 0, 9.98%, 0, 0, 2, 109.39
1575114362, 0, 0, 545, 544, 0, 10.04%, 0, 0, 2, 108.56
1575114367, 0, 0, 563, 562, 0, 10.06%, 0, 0, 2, 99.19
1575114372, 0, 0, 572, 571, 0, 10.08%, 0, 0, 2, 103.32
1575114378, 0, 0, 586, 585, 0, 10.22%, 0, 0, 2, 104.11
1575114383, 0, 0, 592, 591, 0, 10.22%, 0, 0, 2, 91.17
1575114393, 0, 70, 592, 589, 136, 10.22%, 0, 0, 2, 118.46
1575114398, 0, 75, 593, 589, 135, 10.22%, 0, 0, 3, 113.12
1575114403, 0, 87, 594, 589, 135, 10.33%, 0, 0, 3, 104.15
1575114408, 0, 87, 622, 616, 134, 10.42%, 0, 0, 3, 95.34
1575114413, 0, 87, 653, 647, 134, 10.46%, 0, 0, 3, 97.75
1575114419, 0, 87, 667, 661, 134, 10.46%, 0, 0, 3, 90.36
1575114424, 0, 101, 672, 666, 138, 10.46%, 0, 0, 3, 98.32
1575114429, 0, 106, 673, 666, 138, 10.46%, 0, 0, 3, 107.63
1575114434, 0, 109, 673, 665, 138, 10.46%, 0, 0, 3, 122.27
1575114439, 0, 120, 675, 666, 136, 10.46%, 0, 0, 3, 105.99
1575114444, 0, 120, 677, 668, 136, 10.46%, 0, 0, 3, 100.42
1575114449, 0, 120, 679, 670, 136, 10.46%, 0, 0, 3, 107.97
1575114454, 0, 120, 681, 672, 136, 10.46%, 0, 0, 3, 113.50
1575114459, 0, 120, 682, 673, 136, 10.46%, 0, 0, 3, 108.41
1575114464, 0, 120, 683, 674, 136, 10.46%, 0, 0, 3, 104.49
1575114469, 0, 120, 684, 675, 136, 10.46%, 0, 0, 3, 115.36
1575114474, 0, 120, 687, 678, 136, 10.46%, 0, 0, 3, 119.31
1575114479, 0, 120, 688, 679, 136, 10.46%, 0, 0, 3, 108.49
1575114485, 0, 120, 691, 682, 136, 10.46%, 0, 0, 3, 105.08
1575114490, 0, 120, 692, 683, 136, 10.46%, 0, 0, 3, 95.22
1575114495, 0, 120, 693, 684, 136, 10.47%, 0, 0, 3, 109.39
1575114505, 0, 122, 693, 683, 133, 10.47%, 0, 0, 3, 115.52
1575114510, 0, 122, 727, 716, 132, 10.49%, 0, 0, 3, 92.70
1575114515, 0, 122, 762, 751, 132, 10.50%, 0, 0, 3, 74.73
1575114520, 0, 122, 784, 773, 132, 10.52%, 0, 0, 3, 85.53
1575114525, 0, 122, 797, 786, 132, 10.53%, 0, 0, 3, 85.08
1575114530, 0, 122, 800, 789, 132, 10.53%, 0, 0, 3, 84.17
1575114536, 0, 131, 804, 793, 149, 10.53%, 0, 0, 3, 100.36
1575114541, 0, 140, 804, 792, 148, 10.53%, 0, 0, 3, 108.89
1575114546, 0, 146, 804, 790, 146, 10.53%, 0, 0, 3, 112.71
1575114551, 0, 146, 806, 792, 146, 10.53%, 0, 0, 3, 91.30
1575114556, 0, 148, 810, 795, 145, 10.53%, 0, 0, 3, 92.27
1575114561, 0, 148, 814, 799, 145, 10.53%, 0, 0, 3, 111.78
1575114566, 0, 148, 819, 804, 145, 10.53%, 0, 0, 3, 104.60
1575114571, 0, 160, 849, 833, 150, 10.57%, 0, 0, 3, 102.69
1575114576, 0, 161, 849, 832, 149, 10.57%, 0, 0, 3, 113.88
1575114586, 0, 165, 849, 831, 148, 10.57%, 0, 0, 3, 99.77
1575114602, 0, 167, 849, 830, 147, 10.57%, 0, 0, 3, 100.59
1575114612, 0, 182, 850, 830, 146, 10.57%, 0, 0, 3, 108.59
1575114617, 0, 182, 874, 853, 145, 10.61%, 0, 0, 3, 94.81
1575114622, 0, 198, 894, 873, 151, 10.61%, 0, 0, 3, 89.99
1575114627, 0, 204, 895, 873, 150, 10.61%, 0, 0, 3, 114.75
1575114632, 0, 209, 896, 873, 149, 10.61%, 0, 0, 3, 119.10
1575114637, 0, 209, 898, 875, 149, 10.61%, 0, 0, 3, 105.59
1575114647, 0, 212, 902, 878, 149, 10.62%, 0, 0, 3, 106.80
1575114653, 0, 212, 904, 880, 149, 10.62%, 0, 0, 3, 99.25
1575114658, 0, 212, 906, 882, 149, 10.62%, 0, 0, 3, 89.83
1575114668, 0, 212, 908, 884, 149, 10.62%, 0, 0, 3, 109.15
1575114673, 0, 212, 911, 887, 149, 10.64%, 0, 0, 3, 105.85
1575114678, 0, 212, 912, 888, 149, 10.64%, 0, 0, 3, 103.35
1575114683, 0, 212, 913, 889, 149, 10.64%, 0, 0, 3, 113.45
1575114688, 0, 212, 914, 890, 149, 10.64%, 0, 0, 3, 109.62
1575114698, 0, 212, 915, 891, 149, 10.64%, 0, 0, 3, 115.59
1575114714, 0, 218, 918, 892, 149, 10.67%, 0, 0, 3, 105.73
1575114719, 0, 218, 945, 919, 149, 10.74%, 0, 0, 3, 78.16
1575114724, 0, 218, 961, 935, 149, 10.78%, 0, 0, 3, 76.46
1575114729, 0, 219, 968, 942, 161, 10.78%, 0, 0, 3, 89.25
1575114734, 0, 229, 968, 941, 160, 10.78%, 0, 0, 3, 116.99
1575114739, 0, 231, 968, 940, 159, 10.78%, 0, 0, 3, 114.36
1575114744, 0, 242, 968, 939, 158, 10.78%, 0, 0, 3, 121.35
1575114759, 0, 250, 972, 941, 156, 10.80%, 0, 0, 3, 109.15
1575114764, 0, 250, 993, 962, 156, 10.83%, 0, 0, 3, 91.47
1575114769, 0, 259, 1002, 971, 159, 10.84%, 0, 0, 3, 99.17
1575114774, 0, 270, 1003, 971, 157, 10.84%, 0, 0, 3, 111.10
1575114789, 0, 281, 1003, 970, 155, 10.84%, 0, 0, 3, 100.50
1575114795, 0, 281, 1004, 971, 155, 10.84%, 0, 0, 3, 95.29
1575114800, 0, 283, 1004, 970, 154, 10.84%, 0, 0, 3, 112.62
1575114805, 0, 290, 1004, 969, 153, 10.84%, 0, 0, 3, 111.13
1575114815, 0, 290, 1005, 970, 153, 10.84%, 0, 0, 3, 99.67
1575114820, 0, 290, 1028, 992, 152, 10.84%, 0, 0, 3, 85.01
1575114825, 0, 296, 1038, 1002, 154, 10.85%, 0, 0, 3, 100.56
1575114830, 0, 296, 1043, 1007, 154, 10.86%, 0, 0, 3, 109.31
1575114836, 0, 296, 1044, 1008, 154, 10.86%, 0, 0, 3, 99.77
1575114841, 0, 296, 1045, 1009, 154, 10.86%, 0, 0, 3, 111.55
1575114846, 0, 296, 1046, 1010, 154, 10.86%, 0, 0, 3, 102.44
1575114851, 0, 296, 1049, 1013, 154, 10.87%, 0, 0, 3, 107.90
1575114856, 0, 296, 1050, 1014, 154, 10.87%, 0, 0, 3, 95.21
1575114861, 0, 296, 1051, 1015, 154, 10.87%, 0, 0, 3, 91.95
1575114871, 0, 296, 1054, 1018, 154, 10.87%, 0, 0, 3, 91.91
1575114877, 0, 296, 1056, 1020, 154, 10.87%, 0, 0, 3, 95.67
1575114882, 0, 296, 1057, 1021, 154, 10.87%, 0, 0, 3, 96.84
1575114887, 0, 296, 1058, 1022, 154, 10.90%, 0, 0, 3, 89.79
1575114897, 0, 310, 1058, 1021, 154, 10.90%, 0, 0, 3, 93.51
1575114912, 0, 311, 1058, 1020, 154, 10.90%, 0, 0, 3, 105.90
1575114917, 0, 311, 1059, 1021, 154, 10.90%, 0, 0, 3, 106.71
1575114923, 0, 322, 1060, 1021, 153, 10.90%, 0, 0, 3, 105.95
1575114928, 0, 329, 1060, 1020, 152, 10.90%, 0, 0, 3, 106.98
1575114938, 0, 329, 1062, 1021, 151, 10.90%, 0, 0, 3, 93.53
1575114943, 0, 329, 1104, 1063, 151, 10.93%, 0, 0, 3, 82.75
1575114948, 0, 329, 1137, 1096, 151, 10.94%, 0, 0, 3, 76.77
1575114953, 0, 330, 1146, 1105, 160, 11.01%, 0, 0, 3, 79.33
1575114959, 0, 334, 1146, 1104, 160, 11.01%, 0, 0, 3, 90.96
1575114964, 0, 334, 1148, 1106, 160, 11.01%, 0, 0, 3, 104.32
1575114974, 0, 334, 1150, 1108, 160, 11.02%, 0, 0, 3, 90.38
1575114979, 0, 334, 1151, 1109, 160, 11.02%, 0, 0, 3, 100.53
1575114999, 0, 334, 1154, 1112, 160, 11.02%, 0, 0, 3, 74.20
1575115004, 0, 334, 1155, 1113, 160, 11.02%, 0, 0, 3, 94.94
1575115030, 0, 334, 1161, 1119, 160, 11.03%, 0, 0, 3, 93.80
1575115035, 0, 334, 1164, 1122, 160, 11.03%, 0, 0, 3, 97.38
1575115040, 0, 356, 1164, 1121, 162, 11.03%, 0, 0, 3, 111.28
1575115045, 0, 356, 1171, 1128, 162, 11.03%, 0, 0, 3, 101.58
1575115050, 0, 356, 1172, 1129, 162, 11.03%, 0, 0, 3, 95.15
1575115055, 0, 356, 1175, 1132, 162, 11.03%, 0, 0, 3, 100.47
1575115060, 0, 364, 1175, 1131, 161, 11.03%, 0, 0, 3, 109.64
1575115070, 0, 371, 1176, 1131, 160, 11.03%, 0, 0, 3, 120.63
1575115075, 0, 371, 1209, 1163, 159, 11.05%, 0, 0, 3, 92.42
1575115080, 0, 371, 1244, 1198, 159, 11.07%, 0, 0, 3, 88.15
1575115085, 0, 371, 1245, 1199, 159, 11.21%, 0, 0, 3, 79.63
1575115090, 0, 373, 1245, 1199, 163, 11.21%, 0, 0, 3, 91.06
1575115096, 0, 373, 1248, 1202, 163, 11.22%, 0, 0, 3, 104.19
1575115101, 0, 373, 1250, 1204, 163, 11.22%, 0, 0, 3, 99.98
1575115106, 0, 373, 1253, 1207, 163, 11.22%, 0, 0, 3, 95.75
1575115111, 0, 396, 1253, 1206, 162, 11.22%, 0, 0, 3, 101.48
1575115121, 0, 397, 1253, 1205, 161, 11.22%, 0, 0, 3, 115.02
1575115126, 0, 397, 1254, 1206, 161, 11.22%, 0, 0, 3, 98.14
1575115131, 0, 400, 1254, 1205, 160, 11.22%, 0, 0, 3, 102.43
1575115136, 0, 412, 1254, 1204, 159, 11.22%, 0, 0, 3, 106.67
1575115141, 0, 412, 1255, 1205, 159, 11.22%, 0, 0, 3, 106.39
1575115157, 0, 412, 1281, 1230, 158, 11.23%, 0, 0, 3, 77.86
1575115162, 0, 421, 1287, 1236, 164, 11.25%, 0, 0, 3, 101.21
1575115172, 0, 423, 1287, 1235, 163, 11.25%, 0, 0, 3, 91.65
1575115177, 0, 423, 1288, 1236, 163, 11.25%, 0, 0, 3, 94.86
1575115187, 0, 429, 1288, 1235, 163, 11.25%, 0, 0, 3, 101.33
1575115192, 0, 438, 1288, 1234, 162, 11.25%, 0, 0, 3, 89.49
1575115203, 0, 445, 1288, 1233, 161, 11.25%, 0, 0, 3, 110.25
1575115208, 0, 445, 1306, 1250, 160, 11.25%, 0, 0, 3, 90.77
1575115213, 0, 446, 1328, 1272, 161, 11.28%, 0, 0, 3, 70.06
1575115223, 0, 451, 1328, 1271, 160, 11.28%, 0, 0, 3, 105.79
1575115233, 0, 455, 1328, 1270, 159, 11.28%, 0, 0, 3, 97.23
1575115238, 0, 456, 1328, 1269, 158, 11.28%, 0, 0, 3, 103.40
1575115243, 0, 467, 1328, 1268, 157, 11.28%, 0, 0, 3, 108.85
1575115259, 0, 467, 1357, 1296, 157, 11.29%, 0, 0, 3, 84.83
1575115264, 0, 471, 1362, 1301, 161, 11.29%, 0, 0, 3, 86.08
1575115269, 0, 476, 1363, 1301, 160, 11.29%, 0, 0, 3, 103.85
1575115274, 0, 489, 1364, 1301, 158, 11.29%, 0, 0, 3, 112.89
1575115284, 0, 507, 1364, 1300, 157, 11.29%, 0, 0, 3, 98.08
1575115289, 0, 513, 1364, 1299, 156, 11.29%, 0, 0, 3, 104.88
1575115304, 0, 513, 1388, 1322, 155, 11.30%, 0, 0, 3, 76.29
1575115309, 0, 513, 1411, 1345, 155, 11.30%, 0, 0, 3, 75.81
1575115315, 0, 523, 1412, 1346, 156, 11.30%, 0, 0, 3, 93.86
1575115325, 0, 529, 1412, 1345, 155, 11.30%, 0, 0, 3, 104.70
1575115330, 0, 550, 1412, 1344, 154, 11.30%, 0, 0, 3, 105.41
1575115335, 0, 550, 1413, 1345, 154, 11.30%, 0, 0, 3, 109.64
1575115340, 0, 550, 1414, 1346, 154, 11.30%, 0, 0, 3, 106.48
1575115345, 0, 564, 1414, 1345, 153, 11.30%, 0, 0, 3, 97.96
1575115350, 0, 572, 1416, 1346, 150, 11.30%, 0, 0, 3, 95.33
1575115355, 0, 572, 1417, 1347, 150, 11.30%, 0, 0, 3, 110.54
1575115361, 0, 572, 1419, 1349, 150, 11.30%, 0, 0, 3, 101.10
1575115366, 0, 572, 1420, 1349, 149, 11.30%, 0, 0, 3, 83.99
1575115371, 0, 572, 1449, 1378, 149, 11.34%, 0, 0, 3, 63.91
1575115376, 0, 573, 1459, 1388, 156, 11.34%, 0, 0, 3, 71.97
1575115391, 0, 574, 1459, 1387, 155, 11.34%, 0, 0, 3, 107.80
1575115401, 0, 582, 1459, 1386, 154, 11.34%, 0, 0, 3, 99.93
1575115406, 0, 583, 1459, 1385, 153, 11.34%, 0, 0, 3, 96.30
1575115411, 0, 608, 1459, 1384, 152, 11.34%, 0, 0, 3, 96.28
1575115421, 0, 608, 1467, 1391, 151, 11.35%, 0, 0, 3, 86.97
1575115427, 0, 626, 1477, 1401, 152, 11.35%, 0, 0, 3, 88.43
1575115432, 0, 641, 1478, 1401, 151, 11.35%, 0, 0, 3, 110.07
1575115437, 0, 644, 1478, 1400, 150, 11.35%, 0, 0, 3, 106.90
1575115442, 0, 648, 1479, 1400, 149, 11.35%, 0, 0, 3, 92.75
1575115447, 0, 650, 1480, 1400, 148, 11.35%, 0, 0, 3, 98.95
1575115452, 0, 659, 1491, 1410, 148, 11.36%, 0, 0, 3, 99.30
1575115467, 0, 671, 1491, 1409, 147, 11.36%, 0, 0, 3, 99.67
1575115472, 0, 688, 1491, 1408, 146, 11.36%, 0, 0, 3, 110.80
1575115477, 0, 692, 1491, 1407, 146, 11.36%, 0, 0, 3, 102.66
1575115483, 0, 706, 1491, 1406, 145, 11.36%, 0, 0, 3, 91.57
1575115493, 0, 706, 1496, 1410, 145, 11.37%, 0, 0, 3, 95.83
1575115498, 0, 718, 1514, 1428, 148, 11.38%, 0, 0, 3, 90.97
1575115503, 0, 718, 1515, 1429, 148, 11.38%, 0, 0, 3, 103.17
1575115508, 0, 727, 1515, 1428, 147, 11.38%, 0, 0, 3, 108.94
1575115518, 0, 746, 1515, 1427, 146, 11.38%, 0, 0, 3, 110.27
1575115523, 0, 752, 1516, 1427, 145, 11.38%, 0, 0, 3, 98.06
1575115529, 0, 779, 1516, 1426, 144, 11.38%, 0, 0, 3, 92.89
1575115534, 0, 819, 1528, 1437, 145, 11.40%, 0, 0, 3, 97.91
1575115544, 0, 848, 1530, 1438, 145, 11.40%, 0, 0, 3, 113.49
1575115549, 0, 850, 1531, 1438, 145, 11.40%, 0, 0, 3, 100.69
1575115554, 0, 850, 1532, 1439, 145, 11.40%, 0, 0, 3, 91.37
1575115564, 0, 855, 1532, 1438, 145, 11.40%, 0, 0, 3, 99.62
1575115579, 0, 856, 1533, 1438, 144, 11.40%, 0, 0, 3, 102.65
1575115584, 0, 856, 1537, 1442, 144, 11.40%, 0, 0, 3, 85.75
1575115590, 0, 856, 1546, 1451, 144, 11.40%, 0, 0, 3, 75.38
1575115595, 0, 856, 1549, 1454, 144, 11.40%, 0, 0, 3, 82.41
1575115600, 0, 861, 1574, 1478, 148, 11.41%, 0, 0, 3, 86.99
1575115615, 0, 866, 1574, 1477, 147, 11.41%, 0, 0, 3, 107.47
1575115625, 0, 873, 1574, 1476, 147, 11.41%, 0, 0, 3, 91.86
1575115630, 0, 875, 1574, 1475, 146, 11.41%, 0, 0, 3, 96.22
1575115640, 0, 876, 1574, 1474, 146, 11.41%, 0, 0, 3, 107.35
1575115656, 0, 876, 1590, 1489, 145, 11.42%, 0, 0, 3, 61.67
1575115661, 0, 876, 1602, 1501, 145, 11.42%, 0, 0, 3, 48.43
1575115666, 0, 880, 1602, 1501, 150, 11.42%, 0, 0, 3, 68.95
1575115676, 0, 887, 1602, 1500, 149, 11.42%, 0, 0, 3, 82.69
1575115681, 0, 888, 1602, 1499, 148, 11.42%, 0, 0, 3, 91.04
1575115686, 0, 910, 1603, 1499, 147, 11.42%, 0, 0, 4, 96.84
1575115702, 0, 918, 1603, 1498, 146, 11.42%, 0, 0, 4, 93.58
1575115707, 0, 918, 1605, 1500, 146, 11.42%, 0, 0, 4, 100.90
1575115722, 0, 918, 1610, 1504, 145, 11.42%, 0, 0, 4, 99.82
1575115727, 0, 918, 1635, 1529, 145, 11.43%, 0, 0, 4, 68.16
1575115732, 0, 930, 1638, 1532, 145, 11.43%, 0, 0, 4, 76.03
1575115742, 0, 936, 1638, 1531, 144, 11.43%, 0, 0, 4, 93.46
1575115752, 0, 937, 1638, 1530, 143, 11.43%, 0, 0, 4, 91.98
1575115757, 0, 943, 1638, 1529, 142, 11.43%, 0, 0, 4, 99.90
1575115762, 0, 943, 1640, 1531, 142, 11.43%, 0, 0, 4, 108.46
1575115783, 0, 947, 1640, 1530, 143, 11.43%, 0, 0, 4, 117.05
1575115793, 0, 947, 1656, 1545, 142, 11.50%, 0, 0, 4, 81.34
1575115798, 0, 949, 1657, 1546, 146, 11.51%, 0, 0, 4, 70.13
1575115808, 0, 949, 1658, 1547, 146, 11.51%, 0, 0, 4, 100.34
1575115813, 0, 955, 1658, 1546, 146, 11.51%, 0, 0, 4, 96.05
1575115818, 0, 960, 1659, 1546, 146, 11.51%, 0, 0, 4, 102.97
1575115823, 0, 971, 1660, 1546, 145, 11.51%, 0, 0, 4, 101.45
1575115834, 0, 971, 1661, 1547, 145, 11.51%, 0, 0, 4, 94.75
1575115839, 0, 973, 1661, 1546, 144, 11.51%, 0, 0, 4, 100.80
1575115849, 0, 973, 1662, 1546, 143, 11.51%, 0, 0, 4, 90.91
1575115854, 0, 973, 1689, 1573, 143, 11.61%, 0, 0, 4, 69.22
1575115859, 0, 978, 1689, 1573, 142, 11.61%, 0, 0, 4, 88.39
1575115864, 0, 978, 1690, 1574, 142, 11.61%, 0, 0, 4, 96.30
1575115874, 0, 982, 1690, 1573, 142, 11.61%, 0, 0, 4, 96.51
1575115879, 0, 982, 1691, 1574, 142, 11.61%, 0, 0, 4, 104.47
1575115884, 0, 984, 1692, 1574, 142, 11.62%, 0, 0, 4, 106.19
1575115894, 0, 985, 1693, 1574, 141, 11.62%, 0, 0, 4, 103.86
1575115900, 0, 990, 1693, 1573, 140, 11.62%, 0, 0, 4, 108.85
1575115905, 0, 990, 1699, 1578, 139, 11.62%, 0, 0, 4, 101.38
1575115910, 0, 991, 1710, 1589, 142, 11.62%, 0, 0, 4, 86.36
1575115915, 0, 1002, 1712, 1590, 141, 11.64%, 0, 0, 4, 96.85
1575115925, 0, 1002, 1713, 1591, 141, 11.64%, 0, 0, 4, 100.94
1575115930, 0, 1026, 1713, 1590, 141, 11.64%, 0, 0, 4, 108.77
1575115940, 0, 1029, 1713, 1589, 140, 11.64%, 0, 0, 4, 92.34
1575115951, 0, 1029, 1714, 1590, 140, 11.64%, 0, 0, 4, 103.54
1575115956, 0, 1042, 1714, 1589, 139, 11.64%, 0, 0, 4, 106.61
1575115966, 0, 1042, 1722, 1596, 138, 11.64%, 0, 0, 4, 85.58
1575115971, 0, 1043, 1736, 1610, 140, 11.65%, 0, 0, 4, 76.54
1575115981, 0, 1045, 1736, 1609, 140, 11.65%, 0, 0, 4, 99.92
1575115991, 0, 1051, 1736, 1608, 139, 11.65%, 0, 0, 4, 91.01
1575115996, 0, 1051, 1737, 1609, 139, 11.65%, 0, 0, 4, 86.08
1575116001, 0, 1051, 1738, 1610, 139, 11.65%, 0, 0, 4, 100.65
1575116006, 0, 1051, 1739, 1611, 139, 11.65%, 0, 0, 4, 92.24
1575116032, 0, 1054, 1739, 1610, 138, 11.65%, 0, 0, 4, 106.13
1575116047, 0, 1064, 1739, 1609, 137, 11.65%, 0, 0, 4, 89.77
1575116057, 0, 1064, 1740, 1609, 136, 11.65%, 0, 0, 4, 83.93
1575116062, 0, 1064, 1756, 1625, 136, 11.66%, 0, 0, 4, 68.47
1575116068, 0, 1065, 1760, 1629, 140, 11.66%, 0, 0, 4, 71.26
1575116083, 0, 1074, 1760, 1628, 139, 11.66%, 0, 0, 4, 104.59
1575116093, 0, 1079, 1760, 1627, 138, 11.66%, 0, 0, 4, 103.80
1575116103, 0, 1087, 1760, 1626, 137, 11.66%, 0, 0, 4, 94.38
1575116113, 0, 1089, 1760, 1625, 136, 11.66%, 0, 0, 4, 99.34
1575116129, 0, 1089, 1788, 1652, 135, 11.68%, 0, 0, 4, 92.46
1575116134, 0, 1089, 1795, 1659, 135, 11.72%, 0, 0, 4, 79.74
1575116139, 0, 1098, 1815, 1679, 141, 11.75%, 0, 0, 4, 65.59
1575116154, 0, 1107, 1815, 1678, 140, 11.75%, 0, 0, 4, 92.39
1575116159, 0, 1107, 1816, 1679, 140, 11.75%, 0, 0, 4, 98.50
1575116164, 0, 1114, 1816, 1678, 139, 11.75%, 0, 0, 4, 84.98
1575116179, 0, 1123, 1816, 1677, 138, 11.75%, 0, 0, 4, 94.88
1575116184, 0, 1124, 1816, 1676, 137, 11.75%, 0, 0, 4, 95.63
1575116194, 0, 1124, 1839, 1698, 136, 11.78%, 0, 0, 4, 81.33
1575116200, 0, 1126, 1849, 1708, 137, 11.79%, 0, 0, 4, 73.71
1575116205, 0, 1131, 1849, 1707, 136, 11.79%, 0, 0, 4, 99.94
1575116215, 0, 1139, 1850, 1707, 135, 11.79%, 0, 0, 4, 110.46
1575116220, 0, 1176, 1850, 1705, 133, 11.79%, 0, 0, 4, 98.24
1575116235, 0, 1176, 1860, 1714, 132, 11.80%, 0, 0, 4, 70.37
1575116240, 0, 1177, 1860, 1714, 135, 11.80%, 0, 0, 4, 78.80
1575116251, 0, 1181, 1860, 1713, 134, 11.80%, 0, 0, 4, 116.37
1575116261, 0, 1186, 1860, 1712, 133, 11.80%, 0, 0, 4, 102.81
1575116266, 0, 1187, 1860, 1711, 132, 11.80%, 0, 0, 4, 98.50
1575116271, 0, 1189, 1860, 1710, 131, 11.80%, 0, 0, 4, 103.30
1575116281, 0, 1189, 1872, 1721, 130, 11.81%, 0, 0, 4, 83.23
1575116286, 0, 1199, 1878, 1727, 130, 11.81%, 0, 0, 4, 85.82
1575116296, 0, 1205, 1878, 1726, 130, 11.81%, 0, 0, 4, 107.58
1575116302, 0, 1218, 1878, 1725, 130, 11.81%, 0, 0, 4, 91.45
1575116307, 0, 1218, 1879, 1726, 130, 11.81%, 0, 0, 4, 91.22
1575116317, 0, 1219, 1879, 1725, 129, 11.81%, 0, 0, 4, 87.82
1575116322, 0, 1223, 1879, 1724, 128, 11.81%, 0, 0, 4, 85.70
1575116337, 0, 1223, 1908, 1752, 127, 11.84%, 0, 0, 4, 75.30
1575116342, 0, 1224, 1910, 1754, 124, 11.84%, 0, 0, 4, 103.32
1575116347, 0, 1225, 1910, 1753, 123, 11.84%, 0, 0, 4, 114.26
1575116353, 0, 1244, 1910, 1752, 122, 11.84%, 0, 0, 4, 105.37
1575116358, 0, 1244, 1911, 1753, 122, 11.84%, 0, 0, 4, 93.08
1575116363, 0, 1244, 1912, 1754, 122, 11.84%, 0, 0, 4, 83.53
1575116368, 0, 1245, 1912, 1753, 122, 11.84%, 0, 0, 4, 83.11
1575116373, 0, 1245, 1913, 1754, 122, 11.84%, 0, 0, 4, 85.95
1575116378, 0, 1245, 1915, 1756, 122, 11.84%, 0, 0, 4, 96.45
1575116383, 0, 1245, 1916, 1757, 122, 11.84%, 0, 0, 4, 108.42
1575116439, 0, 1263, 1916, 1756, 122, 11.84%, 0, 0, 4, 94.50
1575116449, 0, 1263, 1940, 1779, 122, 11.86%, 0, 0, 4, 54.84
1575116454, 0, 1263, 1953, 1792, 122, 11.87%, 0, 0, 4, 57.61
1575116460, 0, 1273, 1953, 1792, 123, 11.87%, 0, 0, 4, 75.83
1575116470, 0, 1273, 1954, 1793, 123, 11.87%, 0, 0, 4, 99.54
1575116475, 0, 1286, 1954, 1792, 122, 11.87%, 0, 0, 4, 99.65
1575116485, 0, 1296, 1954, 1791, 121, 11.87%, 0, 0, 4, 96.25
1575116495, 0, 1298, 1954, 1790, 120, 11.87%, 0, 0, 4, 99.34
1575116511, 0, 1309, 1954, 1789, 119, 11.87%, 0, 0, 4, 97.85
1575116521, 0, 1309, 1963, 1797, 118, 11.89%, 0, 0, 4, 84.62
1575116526, 0, 1335, 1975, 1809, 121, 11.90%, 0, 0, 4, 77.16
1575116531, 0, 1341, 1975, 1808, 120, 11.90%, 0, 0, 4, 92.71
1575116536, 0, 1344, 1976, 1808, 119, 11.90%, 0, 0, 4, 90.34
1575116541, 0, 1344, 1978, 1810, 119, 11.90%, 0, 0, 4, 96.34
1575116551, 0, 1344, 1980, 1812, 119, 11.90%, 0, 0, 4, 95.05
1575116556, 0, 1344, 1982, 1814, 119, 11.90%, 0, 0, 4, 99.48
1575116571, 0, 1344, 1983, 1815, 119, 11.90%, 0, 0, 4, 106.08
1575116597, 0, 1344, 1984, 1816, 119, 11.90%, 0, 0, 4, 102.52
1575116602, 0, 1363, 1984, 1815, 119, 11.90%, 0, 0, 4, 86.11
1575116612, 0, 1412, 1984, 1814, 118, 11.90%, 0, 0, 4, 85.40
1575116622, 0, 1412, 1985, 1814, 117, 11.91%, 0, 0, 4, 110.63
1575116627, 0, 1412, 2011, 1840, 117, 11.93%, 0, 0, 4, 79.44
1575116632, 0, 1417, 2012, 1841, 124, 11.93%, 0, 0, 4, 88.98
1575116637, 0, 1418, 2012, 1840, 123, 11.93%, 0, 0, 4, 89.49
1575116642, 0, 1424, 2012, 1839, 122, 11.93%, 0, 0, 4, 104.22
1575116653, 0, 1430, 2013, 1839, 122, 11.93%, 0, 0, 4, 88.48
1575116658, 0, 1430, 2014, 1840, 122, 11.93%, 0, 0, 4, 99.38
1575116663, 0, 1433, 2014, 1839, 121, 11.93%, 0, 0, 4, 101.66
1575116673, 0, 1433, 2015, 1839, 120, 11.93%, 0, 0, 4, 88.52
1575116678, 0, 1436, 2040, 1864, 120, 12.00%, 0, 0, 4, 77.41
1575116688, 0, 1472, 2040, 1863, 120, 12.00%, 0, 0, 4, 107.24
1575116698, 0, 1475, 2041, 1863, 118, 12.01%, 0, 0, 4, 90.74
1575116704, 0, 1475, 2042, 1864, 118, 12.01%, 0, 0, 4, 92.26
1575116709, 0, 1479, 2042, 1863, 118, 12.01%, 0, 0, 4, 95.56
1575116714, 0, 1482, 2042, 1862, 117, 12.01%, 0, 0, 4, 93.64
1575116719, 0, 1482, 2043, 1863, 117, 12.01%, 0, 0, 4, 106.10
1575116724, 0, 1482, 2047, 1867, 117, 12.01%, 0, 0, 4, 102.82
1575116729, 0, 1482, 2049, 1869, 117, 12.01%, 0, 0, 4, 115.27
1575116734, 0, 1485, 2059, 1878, 118, 12.01%, 0, 0, 4, 109.09
1575116739, 0, 1493, 2059, 1877, 117, 12.01%, 0, 0, 4, 87.37
1575116744, 0, 1493, 2060, 1878, 117, 12.01%, 0, 0, 4, 84.31
1575116760, 0, 1500, 2060, 1877, 116, 12.01%, 0, 0, 4, 103.88
1575116770, 0, 1503, 2060, 1876, 115, 12.01%, 0, 0, 4, 96.19
1575116780, 0, 1512, 2060, 1875, 114, 12.01%, 0, 0, 4, 101.26
1575116785, 0, 1512, 2076, 1890, 113, 12.03%, 0, 0, 4, 98.20
1575116790, 0, 1515, 2085, 1899, 118, 12.03%, 0, 0, 4, 85.96
1575116805, 0, 1516, 2085, 1898, 118, 12.03%, 0, 0, 4, 111.88
1575116811, 0, 1519, 2085, 1897, 117, 12.03%, 0, 0, 4, 105.58
1575116816, 0, 1521, 2085, 1896, 116, 12.03%, 0, 0, 4, 96.59
1575116821, 0, 1532, 2085, 1895, 115, 12.03%, 0, 0, 4, 87.86
1575116826, 0, 1532, 2086, 1895, 114, 12.04%, 0, 0, 4, 90.33
1575116831, 0, 1532, 2105, 1914, 114, 12.04%, 0, 0, 4, 51.14
1575116836, 0, 1551, 2108, 1916, 115, 12.04%, 0, 0, 4, 84.16
1575116841, 0, 1559, 2110, 1917, 116, 12.05%, 0, 0, 4, 96.40
1575116846, 0, 1561, 2110, 1916, 115, 12.05%, 0, 0, 4, 109.99
1575116856, 0, 1575, 2111, 1916, 114, 12.05%, 0, 0, 4, 109.13
1575116866, 0, 1575, 2123, 1927, 113, 12.05%, 0, 0, 4, 72.50
1575116872, 0, 1576, 2123, 1927, 117, 12.05%, 0, 0, 4, 82.89
1575116882, 0, 1580, 2123, 1926, 116, 12.05%, 0, 0, 4, 81.31
1575116892, 0, 1584, 2123, 1925, 115, 12.05%, 0, 0, 4, 84.70
1575116902, 0, 1587, 2123, 1924, 114, 12.05%, 0, 0, 4, 106.00
1575116912, 0, 1588, 2123, 1923, 113, 12.05%, 0, 0, 4, 91.83
1575116922, 0, 1620, 2129, 1928, 112, 12.05%, 0, 0, 4, 102.81
1575116933, 0, 1621, 2129, 1927, 111, 12.05%, 0, 0, 4, 91.32
1575116943, 0, 1639, 2129, 1926, 110, 12.05%, 0, 0, 4, 105.16
1575116948, 0, 1639, 2130, 1927, 110, 12.05%, 0, 0, 4, 115.64
1575116953, 0, 1639, 2133, 1930, 110, 12.05%, 0, 0, 4, 116.23
1575116958, 0, 1646, 2133, 1929, 109, 12.05%, 0, 0, 4, 115.38
1575116963, 0, 1646, 2135, 1931, 109, 12.06%, 0, 0, 4, 101.83
1575116968, 0, 1649, 2135, 1930, 109, 12.06%, 0, 0, 4, 95.33
1575116978, 0, 1654, 2150, 1944, 114, 12.07%, 0, 0, 4, 71.89
1575116994, 0, 1655, 2150, 1943, 113, 12.07%, 0, 0, 4, 96.38
1575116999, 0, 1655, 2151, 1944, 113, 12.07%, 0, 0, 4, 94.72
1575117004, 0, 1662, 2151, 1943, 112, 12.07%, 0, 0, 4, 88.65
1575117014, 0, 1667, 2151, 1942, 111, 12.07%, 0, 0, 4, 91.89
1575117024, 0, 1676, 2151, 1941, 110, 12.07%, 0, 0, 4, 92.15
1575117029, 0, 1676, 2152, 1942, 110, 12.07%, 0, 0, 4, 92.99
1575117035, 0, 1676, 2168, 1957, 109, 12.08%, 0, 0, 4, 78.76
1575117040, 0, 1681, 2172, 1961, 110, 12.08%, 0, 0, 4, 80.90
1575117050, 0, 1691, 2172, 1960, 109, 12.08%, 0, 0, 4, 98.63
1575117060, 0, 1706, 2174, 1961, 108, 12.08%, 0, 0, 4, 101.48
1575117065, 0, 1714, 2174, 1960, 108, 12.08%, 0, 0, 4, 91.28
1575117075, 0, 1722, 2175, 1960, 107, 12.08%, 0, 0, 4, 108.34
1575117085, 0, 1722, 2176, 1961, 107, 12.08%, 0, 0, 4, 89.39
1575117091, 0, 1722, 2178, 1962, 106, 12.08%, 0, 0, 4, 81.18
1575117096, 0, 1735, 2186, 1970, 107, 12.08%, 0, 0, 4, 70.28
1575117106, 0, 1735, 2193, 1977, 107, 12.09%, 0, 0, 4, 87.46
1575117111, 0, 1735, 2194, 1978, 107, 12.09%, 0, 0, 4, 96.55
1575117116, 0, 1740, 2194, 1977, 107, 12.09%, 0, 0, 4, 91.65
1575117126, 0, 1740, 2195, 1978, 107, 12.09%, 0, 0, 4, 87.86
1575117131, 0, 1744, 2195, 1977, 106, 12.09%, 0, 0, 4, 95.96
1575117141, 0, 1745, 2195, 1976, 105, 12.09%, 0, 0, 4, 110.11
1575117146, 0, 1751, 2195, 1975, 104, 12.09%, 0, 0, 4, 106.96
1575117157, 0, 1751, 2207, 1986, 103, 12.10%, 0, 0, 4, 91.26
1575117162, 0, 1753, 2222, 2001, 107, 12.10%, 0, 0, 4, 72.51
1575117167, 0, 1759, 2222, 2000, 106, 12.10%, 0, 0, 4, 84.11
1575117172, 0, 1759, 2223, 2001, 106, 12.10%, 0, 0, 4, 103.80
1575117182, 0, 1761, 2223, 2000, 105, 12.10%, 0, 0, 4, 89.56
1575117192, 0, 1771, 2223, 1999, 104, 12.10%, 0, 0, 4, 104.47
1575117202, 0, 1776, 2223, 1998, 103, 12.10%, 0, 0, 4, 108.95
1575117212, 0, 1776, 2226, 2001, 103, 12.10%, 0, 0, 4, 76.84
1575117217, 0, 1776, 2245, 2019, 102, 12.13%, 0, 0, 4, 70.80
1575117223, 0, 1779, 2251, 2025, 105, 12.13%, 0, 0, 4, 76.90
1575117228, 0, 1782, 2251, 2024, 104, 12.13%, 0, 0, 4, 84.77
1575117238, 0, 1807, 2251, 2023, 103, 12.13%, 0, 0, 4, 104.32
1575117243, 0, 1807, 2253, 2025, 103, 12.14%, 0, 0, 4, 92.36
1575117248, 0, 1807, 2255, 2027, 103, 12.14%, 0, 0, 4, 89.25
1575117253, 0, 1807, 2259, 2031, 103, 12.22%, 0, 0, 4, 100.35
1575117258, 0, 1807, 2260, 2032, 103, 12.22%, 0, 0, 4, 104.38
1575117269, 0, 1807, 2261, 2033, 103, 12.22%, 0, 0, 4, 94.01
1575117274, 0, 1807, 2263, 2035, 103, 12.22%, 0, 0, 4, 105.53
1575117279, 0, 1807, 2265, 2037, 103, 12.22%, 0, 0, 4, 105.56
1575117289, 0, 1807, 2268, 2040, 103, 12.22%, 0, 0, 4, 96.78
1575117294, 0, 1807, 2269, 2041, 103, 12.22%, 0, 0, 4, 111.01
1575117299, 0, 1807, 2270, 2042, 103, 12.22%, 0, 0, 4, 100.24
1575117314, 0, 1818, 2270, 2041, 101, 12.22%, 0, 0, 4, 107.41
1575117319, 0, 1818, 2272, 2043, 101, 12.22%, 0, 0, 4, 110.72
1575117324, 0, 1818, 2276, 2047, 101, 12.23%, 0, 0, 4, 102.89
1575117329, 0, 1826, 2279, 2049, 101, 12.23%, 0, 0, 4, 94.89
1575117334, 0, 1826, 2282, 2052, 101, 12.23%, 0, 0, 4, 91.62
1575117339, 0, 1826, 2283, 2053, 101, 12.23%, 0, 0, 4, 91.03
1575117345, 0, 1826, 2284, 2054, 101, 12.23%, 0, 0, 4, 93.25
1575117350, 0, 1826, 2285, 2055, 101, 12.23%, 0, 0, 4, 94.24
1575117365, 0, 1826, 2286, 2056, 101, 12.23%, 0, 0, 4, 89.89
1575117385, 0, 1826, 2287, 2057, 101, 12.23%, 0, 0, 4, 106.80
1575117400, 0, 1826, 2288, 2058, 101, 12.23%, 0, 0, 4, 98.95
1575117405, 0, 1826, 2292, 2062, 101, 12.23%, 0, 0, 4, 104.31
1575117410, 0, 1826, 2311, 2080, 100, 12.23%, 0, 0, 4, 82.98
1575117415, 0, 1826, 2343, 2112, 100, 12.25%, 0, 0, 4, 68.35
1575117421, 0, 1826, 2363, 2132, 100, 12.26%, 0, 0, 4, 65.32
1575117426, 0, 1826, 2369, 2138, 100, 12.26%, 0, 0, 4, 65.21
1575117431, 0, 1849, 2371, 2140, 117, 12.26%, 0, 0, 4, 85.82
1575117436, 0, 1861, 2371, 2139, 117, 12.26%, 0, 0, 4, 91.80
1575117446, 0, 1875, 2372, 2139, 116, 12.27%, 0, 0, 4, 91.35
1575117451, 0, 1875, 2376, 2143, 116, 12.27%, 0, 0, 4, 108.82
1575117456, 0, 1875, 2379, 2146, 116, 12.28%, 0, 0, 4, 101.88
1575117461, 0, 1875, 2382, 2149, 116, 12.28%, 0, 0, 4, 90.11
1575117466, 0, 1875, 2383, 2150, 116, 12.34%, 0, 0, 4, 89.59
1575117476, 0, 1875, 2388, 2155, 116, 12.34%, 0, 0, 4, 99.83
1575117482, 0, 1875, 2390, 2157, 116, 12.34%, 0, 0, 4, 90.89
1575117492, 0, 1875, 2392, 2159, 116, 12.35%, 0, 0, 4, 91.31
1575117502, 0, 1875, 2393, 2160, 116, 12.35%, 0, 0, 4, 97.44
1575117507, 0, 1875, 2396, 2163, 116, 12.35%, 0, 0, 4, 90.83
1575117512, 0, 1875, 2398, 2165, 116, 12.35%, 0, 0, 4, 95.36
1575117517, 0, 1875, 2405, 2172, 116, 12.36%, 0, 0, 4, 84.99
1575117522, 0, 1875, 2407, 2174, 116, 12.36%, 0, 0, 4, 103.83
1575117527, 0, 1876, 2407, 2173, 111, 12.36%, 0, 0, 4, 107.34
1575117542, 0, 1887, 2408, 2173, 110, 12.36%, 0, 0, 4, 88.83
1575117547, 0, 1887, 2410, 2175, 110, 12.36%, 0, 0, 4, 100.23
1575117568, 0, 1887, 2412, 2177, 110, 12.36%, 0, 0, 4, 86.22
1575117583, 0, 1887, 2414, 2179, 110, 12.36%, 0, 0, 4, 82.20
1575117593, 0, 1887, 2415, 2180, 110, 12.36%, 0, 0, 4, 93.07
1575117603, 0, 1887, 2416, 2181, 110, 12.36%, 0, 0, 4, 97.02
1575117608, 0, 1887, 2417, 2182, 110, 12.36%, 0, 0, 4, 92.08
1575117613, 0, 1887, 2420, 2185, 110, 12.37%, 0, 0, 4, 96.37
1575117618, 0, 1887, 2423, 2188, 110, 12.37%, 0, 0, 4, 88.41
1575117623, 0, 1887, 2424, 2189, 110, 12.37%, 0, 0, 4, 96.24
1575117629, 0, 1887, 2427, 2191, 109, 12.37%, 0, 0, 4, 82.49
1575117634, 0, 1887, 2457, 2221, 109, 12.41%, 0, 0, 4, 61.63
1575117639, 0, 1887, 2487, 2251, 109, 12.43%, 0, 0, 4, 59.00
1575117644, 0, 1887, 2513, 2277, 109, 12.44%, 0, 0, 4, 60.71
1575117649, 0, 1887, 2539, 2303, 109, 12.44%, 0, 0, 4, 64.51
1575117654, 0, 1887, 2543, 2307, 109, 12.44%, 0, 0, 4, 57.51
1575117659, 0, 1887, 2546, 2310, 109, 12.45%, 0, 0, 4, 56.83
1575117664, 0, 1907, 2550, 2314, 124, 12.45%, 0, 0, 4, 59.83
1575117675, 0, 1914, 2550, 2313, 123, 12.45%, 0, 0, 4, 91.09
1575117685, 0, 1928, 2550, 2312, 122, 12.45%, 0, 0, 4, 93.92
1575117690, 0, 1946, 2551, 2312, 121, 12.45%, 0, 0, 4, 89.93
1575117695, 0, 1946, 2552, 2313, 121, 12.45%, 0, 0, 4, 94.32
1575117705, 0, 1950, 2556, 2315, 120, 12.45%, 0, 0, 4, 87.42
1575117710, 0, 1954, 2574, 2333, 123, 12.45%, 0, 0, 4, 64.59
1575117720, 0, 1967, 2574, 2332, 122, 12.45%, 0, 0, 4, 92.40
1575117730, 0, 1971, 2574, 2331, 121, 12.45%, 0, 0, 4, 98.03
1575117745, 0, 1990, 2574, 2329, 121, 12.45%, 0, 0, 4, 111.84
1575117750, 0, 1990, 2575, 2330, 121, 12.45%, 0, 0, 4, 93.67
1575117761, 0, 1990, 2576, 2331, 121, 12.45%, 0, 0, 4, 88.20
1575117766, 0, 1990, 2589, 2343, 120, 12.46%, 0, 0, 4, 76.20
1575117771, 0, 2004, 2594, 2348, 120, 12.47%, 0, 0, 4, 60.00
1575117781, 0, 2006, 2594, 2347, 119, 12.47%, 0, 0, 4, 84.85
1575117791, 0, 2010, 2594, 2346, 118, 12.47%, 0, 0, 4, 95.29
1575117796, 0, 2018, 2594, 2345, 117, 12.47%, 0, 0, 4, 99.33
1575117801, 0, 2021, 2594, 2344, 116, 12.47%, 0, 0, 4, 95.56
1575117806, 0, 2021, 2600, 2349, 115, 12.48%, 0, 0, 4, 66.58
1575117812, 0, 2026, 2600, 2348, 116, 12.48%, 0, 0, 4, 88.43
1575117817, 0, 2041, 2600, 2347, 115, 12.48%, 0, 0, 4, 88.71
1575117827, 0, 2057, 2601, 2347, 114, 12.48%, 0, 0, 4, 103.28
1575117832, 0, 2058, 2602, 2346, 113, 12.48%, 0, 0, 4, 87.03
1575117837, 0, 2062, 2612, 2356, 114, 12.48%, 0, 0, 4, 69.01
1575117847, 0, 2062, 2613, 2357, 114, 12.48%, 0, 0, 4, 106.65
1575117852, 0, 2069, 2613, 2356, 113, 12.48%, 0, 0, 4, 92.93
1575117863, 0, 2073, 2613, 2355, 112, 12.48%, 0, 0, 4, 85.64
1575117868, 0, 2077, 2613, 2354, 111, 12.48%, 0, 0, 4, 87.44
1575117873, 0, 2077, 2614, 2355, 111, 12.48%, 0, 0, 4, 88.61
1575117878, 0, 2082, 2614, 2354, 111, 12.48%, 0, 0, 4, 86.76
1575117888, 0, 2082, 2615, 2355, 111, 12.48%, 0, 0, 4, 100.24
1575117893, 0, 2082, 2631, 2370, 110, 12.50%, 0, 0, 4, 80.17
1575117898, 0, 2096, 2632, 2371, 108, 12.50%, 0, 0, 4, 102.48
1575117903, 0, 2110, 2632, 2370, 107, 12.50%, 0, 0, 4, 105.70
1575117918, 0, 2115, 2632, 2369, 106, 12.50%, 0, 0, 4, 91.36
1575117924, 0, 2125, 2632, 2368, 105, 12.50%, 0, 0, 4, 70.80
1575117929, 0, 2125, 2634, 2370, 105, 12.50%, 0, 0, 4, 66.59
1575117934, 0, 2127, 2634, 2369, 104, 12.50%, 0, 0, 4, 91.14
1575117944, 0, 2127, 2637, 2371, 103, 12.50%, 0, 0, 4, 83.71
1575117949, 0, 2138, 2653, 2387, 108, 12.51%, 0, 0, 4, 84.93
1575117959, 0, 2172, 2653, 2386, 107, 12.51%, 0, 0, 4, 88.70
1575117964, 0, 2177, 2653, 2385, 106, 12.51%, 0, 0, 4, 90.23
1575117969, 0, 2180, 2653, 2384, 105, 12.51%, 0, 0, 4, 97.47
1575117974, 0, 2182, 2653, 2383, 105, 12.51%, 0, 0, 4, 95.02
1575117984, 0, 2182, 2659, 2388, 104, 12.51%, 0, 0, 4, 89.72
1575117989, 0, 2190, 2676, 2405, 110, 12.52%, 0, 0, 4, 74.11
1575117995, 0, 2190, 2677, 2406, 110, 12.52%, 0, 0, 4, 88.33
1575118000, 0, 2190, 2678, 2407, 110, 12.52%, 0, 0, 4, 83.36
1575118005, 0, 2190, 2680, 2409, 110, 12.52%, 0, 0, 4, 86.59
1575118010, 0, 2190, 2681, 2410, 110, 12.52%, 0, 0, 4, 92.79
1575118015, 0, 2190, 2682, 2411, 110, 12.52%, 0, 0, 4, 93.56
1575118020, 0, 2190, 2684, 2413, 110, 12.52%, 0, 0, 4, 84.13
1575118025, 0, 2190, 2685, 2414, 110, 12.52%, 0, 0, 4, 85.90
1575118035, 0, 2190, 2686, 2415, 110, 12.52%, 0, 0, 4, 90.96
1575118055, 0, 2190, 2687, 2416, 110, 12.52%, 0, 0, 4, 95.28
1575118070, 0, 2193, 2687, 2415, 110, 12.52%, 0, 0, 4, 85.54
1575118080, 0, 2198, 2687, 2414, 109, 12.52%, 0, 0, 4, 90.21
1575118085, 0, 2198, 2689, 2416, 109, 12.52%, 0, 0, 4, 101.06
1575118090, 0, 2199, 2689, 2415, 108, 12.52%, 0, 0, 4, 92.61
1575118095, 0, 2204, 2689, 2414, 107, 12.52%, 0, 0, 4, 105.39
1575118101, 0, 2204, 2692, 2417, 107, 12.53%, 0, 0, 4, 99.28
1575118106, 0, 2204, 2717, 2441, 106, 12.54%, 0, 0, 4, 63.70
1575118111, 0, 2226, 2718, 2442, 107, 12.54%, 0, 0, 4, 58.13
1575118126, 0, 2245, 2718, 2441, 107, 12.54%, 0, 0, 4, 99.61
1575118136, 0, 2254, 2719, 2441, 106, 12.54%, 0, 0, 4, 91.68
1575118142, 0, 2254, 2720, 2442, 106, 12.54%, 0, 0, 4, 94.08
1575118162, 0, 2257, 2721, 2442, 105, 12.54%, 0, 0, 4, 91.43
1575118167, 0, 2257, 2724, 2445, 105, 12.54%, 0, 0, 4, 79.73
1575118172, 0, 2257, 2728, 2449, 105, 12.54%, 0, 0, 4, 80.44
1575118177, 0, 2257, 2732, 2453, 105, 12.54%, 0, 0, 4, 83.51
1575118182, 0, 2257, 2733, 2454, 105, 12.54%, 0, 0, 4, 82.01
1575118192, 0, 2257, 2734, 2455, 105, 12.58%, 0, 0, 4, 109.59
1575118197, 0, 2257, 2735, 2456, 105, 12.58%, 0, 0, 4, 104.23
1575118203, 0, 2257, 2738, 2459, 105, 12.59%, 0, 0, 4, 103.78
1575118208, 0, 2257, 2740, 2461, 105, 12.59%, 0, 0, 4, 96.39
1575118218, 0, 2257, 2742, 2463, 105, 12.59%, 0, 0, 4, 96.51
1575118223, 0, 2257, 2743, 2464, 105, 12.59%, 0, 0, 4, 96.60
1575118228, 0, 2257, 2745, 2466, 105, 12.59%, 0, 0, 4, 110.23
1575118233, 0, 2257, 2752, 2473, 105, 12.60%, 0, 0, 4, 96.45
1575118239, 0, 2257, 2760, 2481, 105, 12.60%, 0, 0, 4, 77.82
1575118244, 0, 2257, 2763, 2484, 105, 12.60%, 0, 0, 4, 93.62
1575118249, 0, 2272, 2763, 2483, 111, 12.60%, 0, 0, 4, 89.53
1575118259, 0, 2272, 2778, 2497, 111, 12.60%, 0, 0, 4, 82.00
1575118264, 0, 2272, 2799, 2518, 111, 12.60%, 0, 0, 4, 63.43
1575118269, 0, 2272, 2805, 2524, 111, 12.60%, 0, 0, 4, 57.03
1575118274, 0, 2284, 2805, 2524, 117, 12.60%, 0, 0, 4, 81.93
1575118285, 0, 2286, 2806, 2524, 117, 12.60%, 0, 0, 4, 110.94
1575118300, 0, 2295, 2806, 2523, 116, 12.60%, 0, 0, 4, 96.02
1575118310, 0, 2315, 2806, 2522, 115, 12.60%, 0, 0, 4, 83.60
1575118325, 0, 2330, 2807, 2522, 114, 12.60%, 0, 0, 4, 81.31
1575118330, 0, 2330, 2809, 2524, 114, 12.60%, 0, 0, 4, 92.32
1575118335, 0, 2330, 2812, 2527, 114, 12.61%, 0, 0, 4, 98.14
1575118340, 0, 2330, 2814, 2529, 114, 12.61%, 0, 0, 4, 86.19
1575118350, 0, 2330, 2815, 2530, 114, 12.61%, 0, 0, 4, 97.64
1575118356, 0, 2330, 2816, 2531, 114, 12.61%, 0, 0, 4, 96.71
1575118361, 0, 2330, 2818, 2533, 114, 12.61%, 0, 0, 4, 88.76
1575118376, 0, 2330, 2819, 2534, 114, 12.61%, 0, 0, 4, 100.47
1575118386, 0, 2330, 2820, 2535, 114, 12.61%, 0, 0, 4, 94.69
1575118391, 0, 2330, 2821, 2536, 114, 12.61%, 0, 0, 4, 101.86
1575118402, 0, 2330, 2841, 2555, 113, 12.63%, 0, 0, 4, 64.98
1575118407, 0, 2330, 2866, 2580, 113, 12.63%, 0, 0, 4, 52.64
1575118412, 0, 2330, 2896, 2610, 113, 12.64%, 0, 0, 4, 58.46
1575118417, 0, 2330, 2917, 2631, 113, 12.65%, 0, 0, 4, 56.54
1575118422, 0, 2330, 2925, 2639, 113, 12.65%, 0, 0, 4, 52.51
1575118427, 0, 2338, 2928, 2642, 118, 12.65%, 0, 0, 4, 67.19
1575118432, 0, 2346, 2928, 2641, 117, 12.65%, 0, 0, 4, 97.35
1575118447, 0, 2355, 2928, 2640, 116, 12.65%, 0, 0, 4, 86.30
1575118457, 0, 2385, 2928, 2639, 115, 12.65%, 0, 0, 4, 88.82
1575118462, 0, 2385, 2929, 2640, 115, 12.65%, 0, 0, 4, 88.24
1575118468, 0, 2385, 2936, 2647, 115, 12.65%, 0, 0, 4, 93.45
1575118473, 0, 2385, 2939, 2650, 115, 12.65%, 0, 0, 4, 98.34
1575118478, 0, 2385, 2941, 2652, 115, 12.65%, 0, 0, 4, 97.22
1575118483, 0, 2385, 2947, 2658, 115, 12.65%, 0, 0, 4, 95.69
1575118488, 0, 2386, 2951, 2661, 113, 12.65%, 0, 0, 4, 105.35
1575118503, 0, 2386, 2957, 2667, 113, 12.66%, 0, 0, 4, 69.52
1575118508, 0, 2386, 2968, 2678, 113, 12.66%, 0, 0, 4, 61.81
1575118513, 0, 2386, 2980, 2690, 113, 12.67%, 0, 0, 4, 68.07
1575118519, 0, 2386, 2994, 2703, 112, 12.72%, 0, 0, 4, 61.85
1575118524, 0, 2386, 3021, 2730, 112, 12.72%, 0, 0, 4, 57.43
1575118529, 0, 2386, 3041, 2750, 112, 12.72%, 0, 0, 4, 54.65
1575118534, 0, 2386, 3043, 2752, 112, 12.73%, 0, 0, 4, 47.78
1575118539, 0, 2409, 3044, 2753, 115, 12.73%, 0, 0, 4, 60.20
1575118554, 0, 2417, 3044, 2752, 114, 12.73%, 0, 0, 4, 91.20
1575118559, 0, 2417, 3045, 2753, 114, 12.73%, 0, 0, 4, 104.72
1575118569, 0, 2419, 3045, 2752, 114, 12.73%, 0, 0, 4, 92.65
1575118580, 0, 2419, 3046, 2753, 114, 12.73%, 0, 0, 4, 101.30
1575118585, 0, 2428, 3046, 2752, 113, 12.73%, 0, 0, 4, 94.62
1575118590, 0, 2431, 3047, 2752, 113, 12.73%, 0, 0, 4, 96.46
1575118595, 0, 2431, 3048, 2753, 113, 12.73%, 0, 0, 4, 87.32
1575118610, 0, 2431, 3058, 2762, 112, 12.76%, 0, 0, 4, 40.62
1575118615, 0, 2431, 3077, 2781, 112, 12.77%, 0, 0, 4, 43.61
1575118621, 0, 2431, 3096, 2800, 112, 12.77%, 0, 0, 4, 42.51
1575118626, 0, 2431, 3115, 2819, 112, 12.77%, 0, 0, 4, 40.65
1575118631, 0, 2431, 3121, 2825, 112, 12.77%, 0, 0, 4, 39.56
1575118636, 0, 2431, 3122, 2826, 112, 12.77%, 0, 0, 4, 43.81
1575118641, 0, 2432, 3122, 2826, 115, 12.77%, 0, 0, 4, 75.42
1575118646, 0, 2432, 3123, 2827, 115, 12.77%, 0, 0, 4, 102.04
1575118651, 0, 2435, 3123, 2826, 114, 12.77%, 0, 0, 4, 101.01
1575118656, 0, 2441, 3123, 2825, 113, 12.77%, 0, 0, 4, 92.84
1575118666, 0, 2457, 3123, 2823, 111, 12.77%, 0, 0, 4, 95.59
1575118672, 0, 2457, 3127, 2827, 111, 12.77%, 0, 0, 4, 98.17
1575118677, 0, 2457, 3132, 2832, 111, 12.77%, 0, 0, 4, 98.44
1575118682, 0, 2457, 3133, 2833, 111, 12.77%, 0, 0, 4, 105.38
1575118687, 0, 2457, 3135, 2835, 111, 12.77%, 0, 0, 4, 97.11
1575118692, 0, 2457, 3136, 2836, 111, 12.77%, 0, 0, 4, 94.14
1575118697, 0, 2457, 3137, 2837, 111, 12.77%, 0, 0, 4, 89.10
1575118712, 0, 2457, 3138, 2838, 111, 12.77%, 0, 0, 4, 95.32
1575118717, 0, 2457, 3139, 2839, 111, 12.77%, 0, 0, 4, 98.60
1575118727, 0, 2457, 3140, 2840, 111, 12.77%, 0, 0, 4, 96.34
1575118733, 0, 2457, 3141, 2841, 111, 12.77%, 0, 0, 4, 98.36
1575118748, 0, 2457, 3142, 2842, 111, 12.77%, 0, 0, 4, 106.36
1575118758, 0, 2457, 3149, 2848, 110, 12.77%, 0, 0, 4, 91.83
1575118763, 0, 2457, 3174, 2873, 110, 12.78%, 0, 0, 4, 58.87
1575118768, 0, 2457, 3201, 2900, 110, 12.80%, 0, 0, 4, 57.09
1575118773, 0, 2457, 3212, 2911, 110, 12.80%, 0, 0, 4, 51.36
1575118779, 0, 2461, 3213, 2912, 117, 12.80%, 0, 0, 4, 58.41
1575118789, 0, 2478, 3214, 2912, 116, 12.80%, 0, 0, 4, 85.56
1575118799, 0, 2481, 3215, 2912, 115, 12.80%, 0, 0, 4, 91.88
1575118809, 0, 2491, 3215, 2911, 114, 12.80%, 0, 0, 4, 103.54
1575118819, 0, 2497, 3216, 2911, 113, 12.80%, 0, 0, 4, 100.33
1575118824, 0, 2497, 3225, 2919, 112, 12.80%, 0, 0, 4, 98.03
1575118829, 0, 2508, 3237, 2931, 113, 12.80%, 0, 0, 4, 66.89
1575118834, 0, 2523, 3237, 2930, 112, 12.80%, 0, 0, 4, 75.97
1575118850, 0, 2525, 3237, 2929, 111, 12.80%, 0, 0, 4, 96.67
1575118860, 0, 2530, 3237, 2928, 110, 12.80%, 0, 0, 4, 102.88
1575118865, 0, 2534, 3237, 2927, 109, 12.80%, 0, 0, 4, 88.15
1575118870, 0, 2534, 3240, 2929, 109, 12.80%, 0, 0, 4, 88.03
1575118875, 0, 2534, 3263, 2952, 109, 12.81%, 0, 0, 4, 53.08
1575118880, 0, 2535, 3266, 2955, 112, 12.81%, 0, 0, 4, 76.29
1575118890, 0, 2546, 3266, 2954, 111, 12.81%, 0, 0, 4, 97.28
1575118901, 0, 2548, 3266, 2953, 110, 12.81%, 0, 0, 4, 94.61
1575118911, 0, 2566, 3266, 2952, 110, 12.81%, 0, 0, 4, 100.77
1575118916, 0, 2568, 3266, 2951, 109, 12.81%, 0, 0, 4, 95.76
1575118926, 0, 2568, 3271, 2955, 108, 12.81%, 0, 0, 4, 75.83
1575118931, 0, 2568, 3295, 2979, 108, 12.82%, 0, 0, 4, 52.90
1575118936, 0, 2576, 3303, 2987, 108, 12.82%, 0, 0, 4, 58.83
1575118941, 0, 2576, 3304, 2988, 108, 12.82%, 0, 0, 4, 85.57
1575118947, 0, 2576, 3311, 2995, 108, 12.82%, 0, 0, 4, 78.51
1575118952, 0, 2576, 3317, 3001, 108, 12.82%, 0, 0, 4, 79.04
1575118962, 0, 2587, 3317, 3000, 107, 12.82%, 0, 0, 4, 102.06
1575118967, 0, 2591, 3317, 2999, 106, 12.82%, 0, 0, 4, 97.92
1575118972, 0, 2592, 3318, 2999, 105, 12.82%, 0, 0, 4, 97.16
1575118982, 0, 2594, 3318, 2998, 104, 12.82%, 0, 0, 4, 101.49
1575118987, 0, 2594, 3330, 3010, 104, 12.84%, 0, 0, 4, 42.65
1575118992, 0, 2594, 3339, 3019, 104, 12.85%, 0, 0, 4, 54.34
1575118997, 0, 2594, 3343, 3023, 104, 12.85%, 0, 0, 4, 64.65
1575119003, 0, 2594, 3348, 3027, 103, 12.85%, 0, 0, 4, 76.79
1575119008, 0, 2594, 3357, 3036, 103, 12.85%, 0, 0, 4, 51.40
1575119013, 0, 2594, 3376, 3055, 103, 12.87%, 0, 0, 4, 43.67
1575119018, 0, 2600, 3379, 3058, 108, 12.87%, 0, 0, 4, 89.46
1575119023, 0, 2608, 3379, 3057, 107, 12.87%, 0, 0, 4, 85.55
1575119038, 0, 2620, 3379, 3056, 106, 12.87%, 0, 0, 4, 91.75
1575119048, 0, 2622, 3379, 3055, 105, 12.87%, 0, 0, 4, 89.86
1575119063, 0, 2629, 3380, 3055, 104, 12.87%, 0, 0, 4, 88.02
1575119074, 0, 2629, 3383, 3057, 103, 12.87%, 0, 0, 4, 72.63
1575119079, 0, 2629, 3389, 3063, 103, 12.87%, 0, 0, 4, 47.55
1575119084, 0, 2640, 3391, 3065, 104, 12.87%, 0, 0, 4, 70.12
1575119089, 0, 2646, 3391, 3064, 103, 12.87%, 0, 0, 4, 87.34
1575119094, 0, 2646, 3392, 3065, 103, 12.88%, 0, 0, 4, 93.61
1575119104, 0, 2647, 3392, 3064, 103, 12.88%, 0, 0, 4, 95.70
1575119109, 0, 2648, 3392, 3063, 102, 12.88%, 0, 0, 4, 96.53
1575119114, 0, 2651, 3392, 3062, 101, 12.88%, 0, 0, 4, 96.44
1575119119, 0, 2652, 3399, 3068, 102, 12.88%, 0, 0, 4, 82.69
1575119130, 0, 2663, 3399, 3067, 101, 12.88%, 0, 0, 4, 96.76
1575119140, 0, 2672, 3399, 3066, 100, 12.88%, 0, 0, 4, 106.10
1575119145, 0, 2690, 3399, 3065, 99, 12.88%, 0, 0, 4, 95.78
1575119150, 0, 2690, 3400, 3066, 99, 12.88%, 0, 0, 4, 94.92
1575119155, 0, 2691, 3400, 3065, 98, 12.88%, 0, 0, 4, 95.97
1575119160, 0, 2691, 3401, 3066, 98, 12.88%, 0, 0, 4, 86.37
1575119170, 0, 2691, 3402, 3067, 98, 12.88%, 0, 0, 4, 104.25
1575119175, 0, 2697, 3411, 3075, 98, 12.88%, 0, 0, 4, 72.81
1575119190, 0, 2703, 3411, 3074, 97, 12.88%, 0, 0, 4, 104.79
1575119195, 0, 2710, 3411, 3073, 96, 12.88%, 0, 0, 4, 89.02
1575119211, 0, 2724, 3411, 3072, 95, 12.88%, 0, 0, 4, 102.32
1575119216, 0, 2724, 3414, 3075, 95, 12.88%, 0, 0, 4, 97.92
1575119221, 0, 2724, 3419, 3080, 95, 12.88%, 0, 0, 4, 86.47
1575119226, 0, 2738, 3419, 3079, 94, 12.88%, 0, 0, 4, 102.07
1575119236, 0, 2738, 3436, 3095, 93, 12.88%, 0, 0, 4, 66.13
1575119241, 0, 2738, 3446, 3105, 93, 12.88%, 0, 0, 4, 44.99
1575119246, 0, 2764, 3446, 3105, 95, 12.88%, 0, 0, 4, 62.27
1575119262, 0, 2769, 3447, 3105, 94, 12.88%, 0, 0, 4, 95.01
1575119267, 0, 2770, 3447, 3104, 93, 12.88%, 0, 0, 4, 102.81
1575119272, 0, 2770, 3452, 3109, 93, 12.88%, 0, 0, 4, 92.33
1575119277, 0, 2770, 3456, 3113, 93, 12.88%, 0, 0, 4, 78.07
1575119282, 0, 2770, 3459, 3116, 93, 12.88%, 0, 0, 4, 69.56
1575119287, 0, 2779, 3459, 3114, 88, 12.88%, 0, 0, 4, 91.69
1575119297, 0, 2779, 3460, 3115, 88, 12.88%, 0, 0, 4, 103.34
1575119302, 0, 2779, 3474, 3128, 87, 12.90%, 0, 0, 4, 66.67
1575119307, 0, 2794, 3479, 3133, 93, 12.90%, 0, 0, 4, 48.36
1575119323, 0, 2797, 3479, 3132, 92, 12.90%, 0, 0, 4, 92.93
1575119333, 0, 2800, 3479, 3131, 91, 12.90%, 0, 0, 4, 95.08
1575119343, 0, 2806, 3479, 3130, 90, 12.90%, 0, 0, 4, 94.72
1575119353, 0, 2832, 3479, 3129, 90, 12.90%, 0, 0, 4, 88.86
1575119364, 0, 2832, 3486, 3135, 89, 12.90%, 0, 0, 4, 62.70
1575119369, 0, 2832, 3493, 3142, 89, 12.90%, 0, 0, 4, 42.41
1575119374, 0, 2842, 3493, 3142, 89, 12.90%, 0, 0, 4, 78.39
1575119384, 0, 2851, 3493, 3141, 88, 12.90%, 0, 0, 4, 107.35
1575119389, 0, 2886, 3493, 3140, 86, 12.90%, 0, 0, 4, 89.30
1575119405, 0, 2890, 3493, 3139, 85, 12.90%, 0, 0, 4, 103.79
1575119415, 0, 2895, 3493, 3138, 84, 12.90%, 0, 0, 4, 82.24
1575119430, 0, 2895, 3508, 3152, 83, 12.92%, 0, 0, 4, 52.23
1575119435, 0, 2895, 3526, 3170, 83, 12.93%, 0, 0, 4, 37.58
1575119440, 0, 2895, 3534, 3178, 83, 12.93%, 0, 0, 4, 32.42
1575119445, 0, 2929, 3535, 3179, 92, 12.93%, 0, 0, 4, 81.05
1575119461, 0, 2940, 3535, 3178, 91, 12.93%, 0, 0, 4, 98.57
1575119471, 0, 2980, 3535, 3177, 90, 12.93%, 0, 0, 4, 74.14
1575119476, 0, 2980, 3538, 3180, 90, 12.93%, 0, 0, 4, 70.55
1575119481, 0, 2980, 3541, 3183, 90, 12.93%, 0, 0, 4, 81.72
1575119486, 0, 2980, 3544, 3186, 90, 12.93%, 0, 0, 4, 87.30
1575119491, 0, 2980, 3548, 3190, 90, 12.93%, 0, 0, 4, 72.22
1575119497, 0, 2980, 3550, 3192, 90, 12.93%, 0, 0, 4, 70.03
1575119502, 0, 2980, 3553, 3195, 90, 12.93%, 0, 0, 4, 65.38
1575119507, 0, 2980, 3555, 3197, 90, 12.93%, 0, 0, 4, 79.77
1575119517, 0, 2980, 3556, 3198, 90, 12.93%, 0, 0, 4, 80.28
1575119527, 0, 2980, 3559, 3201, 90, 12.93%, 0, 0, 4, 75.06
1575119532, 0, 2980, 3560, 3202, 90, 12.93%, 0, 0, 4, 94.29
1575119537, 0, 2993, 3560, 3201, 89, 12.93%, 0, 0, 4, 92.09
1575119542, 0, 2993, 3561, 3202, 89, 12.93%, 0, 0, 4, 87.71
1575119547, 0, 2993, 3562, 3203, 89, 12.93%, 0, 0, 4, 95.43
1575119558, 0, 2993, 3563, 3204, 89, 12.93%, 0, 0, 4, 99.01
1575119573, 0, 2993, 3564, 3205, 89, 12.93%, 0, 0, 4, 98.48
1575119603, 0, 2993, 3565, 3206, 89, 12.93%, 0, 0, 4, 87.30
1575119613, 0, 3027, 3565, 3205, 88, 12.93%, 0, 0, 4, 78.95
1575119628, 0, 3027, 3581, 3220, 87, 12.93%, 0, 0, 4, 54.81
1575119633, 0, 3027, 3605, 3244, 87, 12.94%, 0, 0, 4, 45.68
1575119639, 0, 3027, 3623, 3262, 87, 12.94%, 0, 0, 4, 40.02
1575119644, 0, 3027, 3642, 3281, 87, 12.94%, 0, 0, 4, 33.39
1575119649, 0, 3027, 3651, 3290, 87, 12.94%, 0, 0, 4, 35.38
1575119659, 0, 3027, 3653, 3292, 87, 12.94%, 0, 0, 4, 39.68
1575119664, 0, 3027, 3656, 3295, 87, 12.94%, 0, 0, 4, 37.20
1575119669, 0, 3042, 3656, 3295, 98, 12.94%, 0, 0, 4, 74.88
1575119674, 0, 3044, 3656, 3294, 97, 12.94%, 0, 0, 4, 92.54
1575119685, 0, 3045, 3656, 3293, 96, 12.94%, 0, 0, 4, 106.78
1575119690, 0, 3049, 3656, 3292, 95, 12.94%, 0, 0, 4, 96.67
1575119700, 0, 3061, 3656, 3291, 94, 12.94%, 0, 0, 4, 92.25
1575119710, 0, 3061, 3667, 3301, 93, 12.95%, 0, 0, 4, 76.92
1575119715, 0, 3075, 3676, 3310, 93, 12.95%, 0, 0, 4, 82.54
1575119725, 0, 3114, 3676, 3309, 92, 12.95%, 0, 0, 4, 93.74
1575119735, 0, 3125, 3676, 3308, 92, 12.95%, 0, 0, 4, 97.65
1575119741, 0, 3125, 3677, 3309, 92, 12.95%, 0, 0, 4, 108.28
1575119746, 0, 3130, 3677, 3308, 91, 12.95%, 0, 0, 4, 101.55
1575119756, 0, 3131, 3677, 3307, 90, 12.95%, 0, 0, 4, 79.76
1575119766, 0, 3131, 3693, 3322, 89, 13.00%, 0, 0, 4, 60.17
1575119771, 0, 3131, 3700, 3329, 89, 13.00%, 0, 0, 4, 44.52
1575119776, 0, 3132, 3707, 3336, 93, 13.00%, 0, 0, 4, 64.90
1575119781, 0, 3132, 3708, 3337, 93, 13.00%, 0, 0, 4, 89.16
1575119797, 0, 3138, 3709, 3337, 92, 13.00%, 0, 0, 4, 117.80
1575119812, 0, 3140, 3709, 3336, 91, 13.00%, 0, 0, 4, 90.20
1575119822, 0, 3141, 3709, 3335, 90, 13.00%, 0, 0, 4, 100.76
1575119837, 0, 3144, 3709, 3334, 89, 13.00%, 0, 0, 4, 99.19
1575119842, 0, 3144, 3729, 3353, 88, 13.00%, 0, 0, 4, 56.14
1575119847, 0, 3144, 3733, 3357, 88, 13.00%, 0, 0, 4, 42.42
1575119858, 0, 3144, 3745, 3369, 88, 13.01%, 0, 0, 4, 46.39
1575119863, 0, 3149, 3747, 3371, 91, 13.01%, 0, 0, 4, 72.86
1575119873, 0, 3149, 3755, 3379, 91, 13.01%, 0, 0, 4, 66.56
1575119878, 0, 3149, 3759, 3383, 91, 13.01%, 0, 0, 4, 73.70
1575119883, 0, 3169, 3759, 3382, 92, 13.01%, 0, 0, 4, 82.24
1575119893, 0, 3180, 3759, 3381, 92, 13.01%, 0, 0, 4, 76.64
1575119909, 0, 3183, 3760, 3381, 91, 13.01%, 0, 0, 4, 76.16
1575119924, 0, 3187, 3760, 3380, 91, 13.01%, 0, 0, 4, 84.84
1575119934, 0, 3187, 3762, 3381, 90, 13.01%, 0, 0, 4, 85.96
1575119939, 0, 3187, 3779, 3398, 90, 13.01%, 0, 0, 4, 40.24
1575119944, 0, 3187, 3783, 3402, 90, 13.08%, 0, 0, 4, 41.78
1575119950, 0, 3187, 3785, 3404, 90, 13.08%, 0, 0, 4, 40.97
1575119955, 0, 3194, 3786, 3405, 91, 13.08%, 0, 0, 4, 75.71
1575119960, 0, 3200, 3786, 3404, 91, 13.08%, 0, 0, 4, 60.09
1575119975, 0, 3203, 3786, 3403, 90, 13.08%, 0, 0, 4, 100.49
1575119980, 0, 3233, 3787, 3403, 89, 13.08%, 0, 0, 4, 84.78
1575119991, 0, 3233, 3788, 3404, 89, 13.08%, 0, 0, 4, 84.41
1575119996, 0, 3237, 3788, 3403, 88, 13.08%, 0, 0, 4, 78.79
1575120006, 0, 3237, 3799, 3413, 87, 13.08%, 0, 0, 4, 51.78
1575120011, 0, 3238, 3805, 3419, 90, 13.09%, 0, 0, 4, 68.90
1575120016, 0, 3238, 3806, 3420, 90, 13.09%, 0, 0, 4, 80.07
1575120021, 0, 3240, 3806, 3419, 89, 13.09%, 0, 0, 4, 82.37
1575120026, 0, 3265, 3806, 3418, 88, 13.09%, 0, 0, 4, 93.94
1575120041, 0, 3266, 3806, 3417, 87, 13.09%, 0, 0, 4, 80.99
1575120052, 0, 3281, 3807, 3417, 86, 13.09%, 0, 0, 4, 67.58
1575120062, 0, 3281, 3808, 3418, 86, 13.09%, 0, 0, 4, 77.89
1575120067, 0, 3281, 3816, 3425, 85, 13.09%, 0, 0, 4, 56.26
1575120072, 0, 3281, 3829, 3438, 85, 13.09%, 0, 0, 4, 34.53
1575120077, 0, 3283, 3833, 3442, 86, 13.09%, 0, 0, 4, 71.37
1575120087, 0, 3319, 3836, 3444, 85, 13.09%, 0, 0, 4, 70.35
1575120092, 0, 3319, 3841, 3449, 85, 13.09%, 0, 0, 4, 68.63
1575120097, 0, 3319, 3842, 3450, 85, 13.09%, 0, 0, 4, 77.37
1575120103, 0, 3319, 3845, 3453, 85, 13.09%, 0, 0, 4, 68.02
1575120108, 0, 3319, 3849, 3457, 85, 13.09%, 0, 0, 4, 64.92
1575120118, 0, 3319, 3851, 3459, 85, 13.09%, 0, 0, 4, 70.43
1575120123, 0, 3319, 3852, 3460, 85, 13.09%, 0, 0, 4, 70.54
1575120128, 0, 3319, 3853, 3461, 85, 13.09%, 0, 0, 4, 80.95
1575120138, 0, 3319, 3856, 3464, 85, 13.09%, 0, 0, 4, 72.36
1575120144, 0, 3319, 3858, 3466, 85, 13.09%, 0, 0, 4, 72.15
1575120154, 0, 3319, 3860, 3468, 85, 13.09%, 0, 0, 4, 70.88
1575120159, 0, 3319, 3861, 3469, 85, 13.09%, 0, 0, 4, 76.46
1575120164, 0, 3319, 3864, 3472, 85, 13.09%, 0, 0, 4, 71.45
1575120174, 0, 3319, 3865, 3473, 85, 13.09%, 0, 0, 4, 79.67
1575120180, 0, 3324, 3867, 3474, 86, 13.09%, 0, 0, 4, 79.93
1575120185, 0, 3324, 3868, 3475, 86, 13.09%, 0, 0, 4, 93.22
1575120190, 0, 3324, 3869, 3476, 86, 13.09%, 0, 0, 4, 89.87
1575120195, 0, 3342, 3869, 3475, 85, 13.09%, 0, 0, 4, 80.02
1575120200, 0, 3346, 3870, 3475, 84, 13.09%, 0, 0, 4, 89.36
1575120215, 0, 3346, 3882, 3486, 83, 13.10%, 0, 0, 4, 57.08
1575120220, 0, 3346, 3896, 3500, 83, 13.10%, 0, 0, 4, 36.75
1575120225, 0, 3346, 3905, 3509, 83, 13.12%, 0, 0, 4, 27.77
1575120230, 0, 3346, 3911, 3515, 83, 13.12%, 0, 0, 4, 24.69
1575120236, 0, 3346, 3919, 3523, 83, 13.12%, 0, 0, 4, 28.99
1575120241, 0, 3354, 3923, 3527, 84, 13.12%, 0, 0, 4, 34.08
1575120251, 0, 3358, 3923, 3526, 83, 13.12%, 0, 0, 4, 77.97
1575120266, 0, 3361, 3924, 3526, 82, 13.12%, 0, 0, 4, 84.11
1575120277, 0, 3370, 3924, 3525, 81, 13.12%, 0, 0, 4, 87.15
1575120287, 0, 3370, 3926, 3527, 81, 13.12%, 0, 0, 4, 95.37
1575120292, 0, 3373, 3926, 3526, 80, 13.12%, 0, 0, 4, 85.80
1575120302, 0, 3373, 3934, 3533, 79, 13.12%, 0, 0, 4, 17.27
1575120307, 0, 3373, 3947, 3546, 79, 13.17%, 0, 0, 4, 28.22
1575120312, 0, 3373, 3955, 3554, 79, 13.18%, 0, 0, 4, 29.16
1575120317, 0, 3373, 3956, 3555, 79, 13.18%, 0, 0, 4, 32.20
1575120323, 0, 3382, 3957, 3556, 81, 13.18%, 0, 0, 4, 55.07
1575120338, 0, 3391, 3957, 3555, 80, 13.18%, 0, 0, 4, 82.41
1575120348, 0, 3393, 3957, 3554, 79, 13.18%, 0, 0, 4, 95.29
1575120353, 0, 3395, 3957, 3553, 78, 13.18%, 0, 0, 4, 96.42
1575120358, 0, 3422, 3957, 3552, 77, 13.18%, 0, 0, 4, 101.08
1575120374, 0, 3439, 3967, 3561, 77, 13.18%, 0, 0, 4, 34.35
1575120384, 0, 3453, 3967, 3560, 76, 13.18%, 0, 0, 4, 70.27
1575120399, 0, 3464, 3967, 3559, 75, 13.18%, 0, 0, 4, 103.87
1575120409, 0, 3474, 3967, 3558, 74, 13.18%, 0, 0, 4, 73.51
1575120420, 0, 3476, 3967, 3557, 73, 13.18%, 0, 0, 4, 84.24
1575120430, 0, 3476, 3974, 3563, 72, 13.18%, 0, 0, 4, 61.54
1575120435, 0, 3483, 3975, 3564, 74, 13.18%, 0, 0, 4, 74.14
1575120440, 0, 3483, 3977, 3566, 74, 13.18%, 0, 0, 4, 80.62
1575120445, 0, 3483, 3978, 3567, 74, 13.18%, 0, 0, 4, 88.19
1575120450, 0, 3483, 3979, 3568, 74, 13.18%, 0, 0, 4, 100.97
1575120455, 0, 3483, 3980, 3569, 74, 13.18%, 0, 0, 4, 87.44
1575120461, 0, 3483, 3981, 3570, 74, 13.18%, 0, 0, 4, 75.65
1575120466, 0, 3483, 3982, 3571, 74, 13.18%, 0, 0, 4, 70.47
1575120486, 0, 3483, 3983, 3572, 74, 13.18%, 0, 0, 4, 86.77
1575120496, 0, 3498, 3984, 3572, 74, 13.18%, 0, 0, 4, 86.46
1575120501, 0, 3498, 3985, 3573, 74, 13.18%, 0, 0, 4, 86.98
1575120506, 0, 3501, 3986, 3573, 73, 13.18%, 0, 0, 4, 86.27
1575120521, 0, 3504, 3986, 3572, 72, 13.18%, 0, 0, 4, 103.02
1575120526, 0, 3509, 3986, 3571, 71, 13.18%, 0, 0, 4, 72.02
1575120536, 0, 3509, 3993, 3577, 70, 13.18%, 0, 0, 4, 67.14
1575120541, 0, 3509, 4007, 3591, 70, 13.18%, 0, 0, 4, 36.56
1575120547, 0, 3509, 4022, 3606, 70, 13.18%, 0, 0, 4, 30.91
1575120552, 0, 3509, 4028, 3612, 70, 13.18%, 0, 0, 4, 31.69
1575120557, 0, 3523, 4030, 3614, 71, 13.18%, 0, 0, 4, 59.92
1575120567, 0, 3538, 4030, 3613, 70, 13.18%, 0, 0, 4, 87.13
1575120588, 0, 3545, 4030, 3612, 70, 13.18%, 0, 0, 4, 77.51
1575120598, 0, 3564, 4030, 3611, 69, 13.18%, 0, 0, 4, 78.37
1575120608, 0, 3564, 4031, 3612, 69, 13.18%, 0, 0, 4, 86.31
1575120618, 0, 3575, 4031, 3611, 68, 13.18%, 0, 0, 4, 101.32
1575120628, 0, 3575, 4042, 3621, 67, 13.18%, 0, 0, 4, 16.77
1575120633, 0, 3575, 4051, 3630, 67, 13.19%, 0, 0, 4, 25.25
1575120639, 0, 3577, 4053, 3632, 69, 13.19%, 0, 0, 4, 64.54
1575120654, 0, 3578, 4053, 3631, 68, 13.19%, 0, 0, 4, 75.19
1575120659, 0, 3578, 4054, 3632, 68, 13.19%, 0, 0, 4, 89.34
1575120664, 0, 3588, 4054, 3631, 67, 13.19%, 0, 0, 4, 87.02
1575120679, 0, 3594, 4055, 3631, 66, 13.19%, 0, 0, 4, 98.36
1575120689, 0, 3596, 4055, 3630, 64, 13.19%, 0, 0, 4, 89.08
1575120700, 0, 3596, 4066, 3640, 63, 13.20%, 0, 0, 4, 66.19
1575120705, 0, 3606, 4069, 3643, 64, 13.20%, 0, 0, 4, 46.23
1575120710, 0, 3606, 4070, 3644, 64, 13.20%, 0, 0, 4, 72.71
1575120715, 0, 3606, 4071, 3645, 64, 13.20%, 0, 0, 4, 80.48
1575120725, 0, 3606, 4072, 3646, 64, 13.20%, 0, 0, 4, 99.09
1575120751, 0, 3607, 4072, 3645, 63, 13.20%, 0, 0, 4, 87.26
1575120761, 0, 3618, 4072, 3644, 62, 13.20%, 0, 0, 4, 102.27
1575120766, 0, 3649, 4072, 3643, 61, 13.20%, 0, 0, 4, 91.00
1575120781, 0, 3652, 4072, 3642, 60, 13.20%, 0, 0, 4, 97.36
1575120791, 0, 3652, 4091, 3660, 59, 13.20%, 0, 0, 4, 54.98
1575120796, 0, 3654, 4094, 3663, 60, 13.20%, 0, 0, 4, 68.10
1575120806, 0, 3661, 4094, 3662, 59, 13.20%, 0, 0, 4, 92.17
1575120811, 0, 3661, 4095, 3663, 59, 13.20%, 0, 0, 4, 104.76
1575120817, 0, 3663, 4095, 3662, 58, 13.20%, 0, 0, 4, 78.26
1575120832, 0, 3664, 4095, 3661, 57, 13.20%, 0, 0, 4, 86.87
1575120847, 0, 3669, 4095, 3660, 56, 13.20%, 0, 0, 4, 83.33
1575120862, 0, 3670, 4108, 3672, 58, 13.20%, 0, 0, 4, 62.95
1575120872, 0, 3670, 4112, 3676, 58, 13.20%, 0, 0, 4, 86.20
1575120882, 0, 3677, 4112, 3675, 60, 13.20%, 0, 0, 4, 102.24
1575120893, 0, 3690, 4112, 3674, 59, 13.20%, 0, 0, 4, 77.01
1575120903, 0, 3731, 4112, 3673, 58, 13.20%, 0, 0, 4, 93.24
1575120913, 0, 3735, 4112, 3672, 57, 13.20%, 0, 0, 4, 82.36
1575120928, 0, 3735, 4132, 3691, 56, 13.26%, 0, 0, 4, 64.79
1575120934, 0, 3746, 4133, 3692, 61, 13.26%, 0, 0, 4, 82.07
1575120944, 0, 3759, 4133, 3691, 60, 13.26%, 0, 0, 4, 66.90
1575120949, 0, 3763, 4133, 3690, 59, 13.26%, 0, 0, 4, 100.18
1575120954, 0, 3763, 4134, 3691, 59, 13.26%, 0, 0, 4, 100.03
1575120959, 0, 3767, 4134, 3690, 58, 13.26%, 0, 0, 4, 89.18
1575120964, 0, 3768, 4134, 3689, 57, 13.26%, 0, 0, 4, 88.43
1575120975, 0, 3768, 4144, 3698, 56, 13.28%, 0, 0, 4, 24.38
1575120980, 0, 3769, 4152, 3706, 57, 13.28%, 0, 0, 4, 30.48
1575120990, 0, 3778, 4152, 3705, 56, 13.28%, 0, 0, 4, 89.65
1575120995, 0, 3780, 4152, 3704, 55, 13.28%, 0, 0, 4, 87.06
1575121000, 0, 3785, 4153, 3704, 54, 13.28%, 0, 0, 4, 89.76
1575121010, 0, 3786, 4153, 3703, 53, 13.28%, 0, 0, 4, 17.96
1575121015, 0, 3786, 4155, 3705, 53, 13.28%, 0, 0, 4, 59.86
1575121021, 0, 3786, 4159, 3709, 53, 13.28%, 0, 0, 4, 55.91
1575121026, 0, 3786, 4163, 3713, 53, 13.28%, 0, 0, 4, 61.35
1575121031, 0, 3786, 4165, 3715, 53, 13.28%, 0, 0, 4, 69.84
1575121036, 0, 3786, 4169, 3719, 53, 13.28%, 0, 0, 4, 68.51
1575121041, 0, 3786, 4170, 3720, 53, 13.28%, 0, 0, 4, 74.00
1575121046, 0, 3786, 4171, 3721, 53, 13.28%, 0, 0, 4, 75.01
1575121051, 0, 3786, 4172, 3722, 53, 13.28%, 0, 0, 4, 75.78
1575121057, 0, 3786, 4176, 3726, 53, 13.28%, 0, 0, 4, 74.41
1575121062, 0, 3786, 4178, 3728, 53, 13.28%, 0, 0, 4, 120.49
1575121072, 0, 3786, 4179, 3729, 53, 13.28%, 0, 0, 4, 11.86
1575121077, 0, 3786, 4180, 3730, 53, 13.28%, 0, 0, 4, 17.60
1575121098, 0, 3786, 4181, 3731, 53, 13.28%, 0, 0, 4, 77.54
1575121103, 0, 3786, 4182, 3732, 53, 13.28%, 0, 0, 4, 94.10
1575121108, 0, 3786, 4195, 3744, 52, 13.28%, 0, 0, 4, 26.07
1575121113, 0, 3786, 4205, 3754, 52, 13.33%, 0, 0, 4, 25.87
1575121118, 0, 3786, 4212, 3761, 52, 13.33%, 0, 0, 4, 32.11
1575121123, 0, 3786, 4219, 3768, 52, 13.33%, 0, 0, 4, 29.63
1575121129, 0, 3793, 4220, 3769, 63, 13.33%, 0, 0, 4, 52.72
1575121139, 0, 3794, 4220, 3768, 62, 13.33%, 0, 0, 4, 75.22
1575121149, 0, 3803, 4220, 3767, 61, 13.33%, 0, 0, 4, 96.25
1575121159, 0, 3804, 4220, 3766, 60, 13.33%, 0, 0, 4, 97.74
1575121164, 0, 3815, 4220, 3765, 59, 13.33%, 0, 0, 4, 78.27
1575121169, 0, 3815, 4221, 3765, 58, 13.33%, 0, 0, 4, 89.77
1575121174, 0, 3815, 4230, 3774, 58, 13.36%, 0, 0, 4, 29.52
1575121180, 0, 3854, 4233, 3777, 56, 13.36%, 0, 0, 4, 62.81
1575121185, 0, 3855, 4233, 3776, 56, 13.36%, 0, 0, 4, 70.54
1575121190, 0, 3855, 4234, 3777, 56, 13.36%, 0, 0, 4, 77.07
1575121195, 0, 3855, 4236, 3779, 56, 13.36%, 0, 0, 4, 83.11
1575121200, 0, 3874, 4236, 3778, 56, 13.36%, 0, 0, 4, 77.89
1575121205, 0, 3877, 4236, 3777, 55, 13.36%, 0, 0, 4, 68.61
1575121215, 0, 3883, 4236, 3776, 54, 13.36%, 0, 0, 4, 68.88
1575121231, 0, 3883, 4243, 3782, 53, 13.37%, 0, 0, 4, 65.62
1575121236, 0, 3885, 4244, 3783, 55, 13.37%, 0, 0, 4, 40.40
1575121246, 0, 3889, 4244, 3782, 54, 13.37%, 0, 0, 4, 91.62
1575121261, 0, 3904, 4244, 3781, 53, 13.37%, 0, 0, 4, 79.81
1575121266, 0, 3937, 4244, 3780, 52, 13.37%, 0, 0, 4, 84.56
1575121276, 0, 3940, 4244, 3779, 51, 13.37%, 0, 0, 4, 84.39
1575121286, 0, 3940, 4245, 3780, 51, 13.37%, 0, 0, 4, 100.25
1575121291, 0, 3948, 4255, 3789, 56, 13.38%, 0, 0, 4, 70.78
1575121302, 0, 3955, 4255, 3788, 55, 13.38%, 0, 0, 4, 87.97
1575121307, 0, 3955, 4256, 3789, 55, 13.38%, 0, 0, 4, 80.27
1575121312, 0, 3959, 4256, 3788, 54, 13.38%, 0, 0, 4, 87.13
1575121317, 0, 3959, 4257, 3789, 54, 13.38%, 0, 0, 4, 92.98
1575121332, 0, 3965, 4257, 3788, 53, 13.38%, 0, 0, 4, 90.31
1575121337, 0, 3965, 4258, 3789, 53, 13.38%, 0, 0, 4, 92.07
1575121342, 0, 3968, 4258, 3788, 52, 13.38%, 0, 0, 4, 76.31
1575121347, 0, 3968, 4268, 3797, 51, 13.39%, 0, 0, 4, 50.76
1575121352, 0, 3968, 4273, 3802, 51, 13.39%, 0, 0, 4, 37.27
1575121357, 0, 3969, 4279, 3808, 55, 13.39%, 0, 0, 4, 51.51
1575121372, 0, 3972, 4279, 3807, 54, 13.39%, 0, 0, 4, 95.91
1575121377, 0, 3973, 4279, 3806, 53, 13.39%, 0, 0, 4, 103.98
1575121388, 0, 4023, 4279, 3805, 52, 13.39%, 0, 0, 4, 78.95
1575121403, 0, 4050, 4280, 3805, 51, 13.45%, 0, 0, 4, 74.34
1575121413, 0, 4050, 4290, 3814, 50, 13.45%, 0, 0, 4, 25.70
1575121418, 0, 4050, 4294, 3818, 50, 13.45%, 0, 0, 4, 29.95
1575121428, 0, 4054, 4297, 3821, 49, 13.45%, 0, 0, 4, 65.05
1575121438, 0, 4058, 4297, 3820, 48, 13.45%, 0, 0, 4, 86.77
1575121443, 0, 4058, 4299, 3822, 48, 13.45%, 0, 0, 4, 78.40
1575121448, 0, 4058, 4302, 3825, 48, 13.45%, 0, 0, 4, 85.12
1575121468, 0, 4058, 4303, 3826, 48, 13.45%, 0, 0, 4, 105.45
1575121479, 0, 4058, 4304, 3827, 48, 13.45%, 0, 0, 4, 81.38
1575121529, 0, 4058, 4305, 3828, 48, 13.45%, 0, 0, 4, 103.64
1575121535, 0, 4058, 4306, 3829, 48, 13.45%, 0, 0, 4, 95.43
1575121540, 0, 4092, 4306, 3828, 48, 13.45%, 0, 0, 4, 90.54
1575121545, 0, 4092, 4307, 3829, 48, 13.45%, 0, 0, 4, 83.48
1575121550, 0, 4097, 4307, 3828, 47, 13.45%, 0, 0, 4, 91.84
1575121560, 0, 4099, 4307, 3827, 46, 13.45%, 0, 0, 4, 92.48
1575121570, 0, 4099, 4325, 3844, 45, 13.45%, 0, 0, 4, 55.05
1575121575, 0, 4099, 4336, 3855, 45, 13.46%, 0, 0, 4, 38.24
1575121580, 0, 4099, 4344, 3863, 45, 13.46%, 0, 0, 4, 31.54
1575121586, 0, 4114, 4345, 3864, 47, 13.46%, 0, 0, 4, 56.82
1575121596, 0, 4116, 4345, 3863, 46, 13.46%, 0, 0, 4, 79.58
1575121606, 0, 4131, 4345, 3862, 46, 13.46%, 0, 0, 4, 90.27
1575121616, 0, 4139, 4345, 3861, 45, 13.46%, 0, 0, 4, 90.83
1575121626, 0, 4170, 4346, 3861, 44, 13.46%, 0, 0, 4, 79.09
1575121631, 0, 4170, 4348, 3863, 44, 13.46%, 0, 0, 4, 85.89
1575121641, 0, 4170, 4349, 3864, 44, 13.46%, 0, 0, 4, 88.04
1575121662, 0, 4170, 4350, 3865, 44, 13.46%, 0, 0, 4, 63.71
1575121667, 0, 4170, 4351, 3866, 44, 13.46%, 0, 0, 4, 66.18
1575121683, 0, 4170, 4352, 3867, 44, 13.46%, 0, 0, 4, 89.29
1575121698, 0, 4170, 4353, 3868, 44, 13.46%, 0, 0, 4, 82.82
1575121708, 0, 4170, 4361, 3875, 43, 13.46%, 0, 0, 4, 59.85
1575121713, 0, 4170, 4372, 3886, 43, 13.46%, 0, 0, 4, 34.25
1575121718, 0, 4170, 4375, 3889, 43, 13.46%, 0, 0, 4, 29.65
1575121723, 0, 4177, 4376, 3890, 49, 13.46%, 0, 0, 4, 27.88
1575121734, 0, 4184, 4376, 3888, 47, 13.46%, 0, 0, 4, 91.86
1575121744, 0, 4208, 4376, 3887, 46, 13.46%, 0, 0, 4, 79.89
1575121759, 0, 4209, 4376, 3886, 45, 13.46%, 0, 0, 4, 87.54
1575121769, 0, 4209, 4381, 3890, 44, 13.46%, 0, 0, 4, 22.02
1575121774, 0, 4209, 4401, 3910, 44, 13.52%, 0, 0, 4, 37.27
1575121779, 0, 4220, 4412, 3921, 51, 13.54%, 0, 0, 4, 34.06
1575121795, 0, 4227, 4412, 3920, 50, 13.54%, 0, 0, 4, 70.12
1575121810, 0, 4233, 4412, 3919, 49, 13.54%, 0, 0, 4, 80.84
1575121825, 0, 4240, 4412, 3918, 48, 13.54%, 0, 0, 4, 99.27
1575121835, 0, 4242, 4412, 3917, 47, 13.54%, 0, 0, 4, 74.01
1575121846, 0, 4242, 4422, 3926, 46, 13.55%, 0, 0, 4, 48.93
1575121851, 0, 4242, 4429, 3933, 46, 13.55%, 0, 0, 4, 31.31
1575121856, 0, 4248, 4430, 3934, 47, 13.55%, 0, 0, 4, 35.23
1575121871, 0, 4249, 4430, 3933, 46, 13.55%, 0, 0, 4, 79.34
1575121881, 0, 4250, 4430, 3932, 45, 13.55%, 0, 0, 4, 74.01
1575121892, 0, 4252, 4431, 3932, 44, 13.55%, 0, 0, 4, 73.27
1575121907, 0, 4254, 4431, 3931, 44, 13.55%, 0, 0, 4, 61.58
1575121912, 0, 4254, 4432, 3932, 44, 13.55%, 0, 0, 4, 77.75
1575121922, 0, 4254, 4440, 3939, 43, 13.56%, 0, 0, 4, 74.79
1575121927, 0, 4254, 4459, 3958, 43, 13.56%, 0, 0, 4, 52.59
1575121933, 0, 4259, 4460, 3959, 50, 13.56%, 0, 0, 4, 70.10
1575121943, 0, 4266, 4460, 3958, 49, 13.56%, 0, 0, 4, 90.39
1575121948, 0, 4274, 4460, 3957, 48, 13.56%, 0, 0, 4, 78.30
1575121958, 0, 4275, 4460, 3956, 47, 13.56%, 0, 0, 4, 70.66
1575121973, 0, 4276, 4461, 3956, 46, 13.56%, 0, 0, 4, 73.92
1575121983, 0, 4276, 4473, 3967, 45, 13.61%, 0, 0, 4, 54.57
1575121988, 0, 4283, 4481, 3975, 47, 13.61%, 0, 0, 4, 64.35
1575121993, 0, 4302, 4481, 3974, 47, 13.61%, 0, 0, 4, 93.32
1575121999, 0, 4302, 4482, 3975, 47, 13.61%, 0, 0, 4, 94.65
1575122004, 0, 4304, 4482, 3974, 46, 13.61%, 0, 0, 4, 89.96
1575122009, 0, 4311, 4483, 3974, 44, 13.61%, 0, 0, 4, 78.09
1575122014, 0, 4311, 4485, 3976, 44, 13.61%, 0, 0, 4, 87.96
1575122049, 0, 4322, 4485, 3975, 43, 13.61%, 0, 0, 4, 104.24
1575122054, 0, 4322, 4486, 3976, 43, 13.61%, 0, 0, 4, 98.16
1575122060, 0, 4322, 4487, 3976, 42, 13.61%, 0, 0, 4, 14.98
1575122065, 0, 4322, 4505, 3994, 42, 13.62%, 0, 0, 4, 47.39
1575122070, 0, 4343, 4508, 3997, 46, 13.62%, 0, 0, 4, 40.26
1575122080, 0, 4345, 4508, 3996, 45, 13.62%, 0, 0, 4, 84.21
1575122095, 0, 4345, 4509, 3997, 45, 13.62%, 0, 0, 5, 93.15
1575122100, 0, 4349, 4509, 3996, 44, 13.62%, 0, 0, 5, 85.70
1575122116, 0, 4355, 4509, 3995, 43, 13.62%, 0, 0, 5, 77.86
1575122121, 0, 4355, 4510, 3996, 43, 13.63%, 0, 0, 5, 76.25
1575122131, 0, 4355, 4511, 3997, 43, 13.63%, 0, 0, 5, 84.93
1575122146, 0, 4357, 4511, 3996, 43, 13.63%, 0, 0, 5, 72.23
1575122161, 0, 4357, 4523, 4007, 42, 13.66%, 0, 0, 5, 61.56
1575122166, 0, 4357, 4537, 4021, 42, 13.73%, 0, 0, 5, 49.13
1575122172, 0, 4358, 4539, 4023, 47, 13.73%, 0, 0, 5, 66.61
1575122177, 0, 4384, 4539, 4022, 46, 13.73%, 0, 0, 5, 83.55
1575122182, 0, 4384, 4540, 4023, 46, 13.73%, 0, 0, 5, 89.84
1575122187, 0, 4388, 4543, 4025, 45, 13.73%, 0, 0, 5, 87.27
1575122197, 0, 4396, 4543, 4024, 45, 13.73%, 0, 0, 5, 92.49
1575122202, 0, 4396, 4548, 4029, 45, 13.74%, 0, 0, 5, 77.32
1575122207, 0, 4396, 4549, 4030, 45, 13.74%, 0, 0, 5, 87.91
1575122227, 0, 4396, 4550, 4031, 45, 13.74%, 0, 0, 5, 84.91
1575122238, 0, 4396, 4551, 4032, 45, 13.74%, 0, 0, 5, 82.36
1575122253, 0, 4396, 4552, 4033, 45, 13.79%, 0, 0, 5, 97.81
1575122258, 0, 4400, 4552, 4032, 48, 13.79%, 0, 0, 5, 91.63
1575122273, 0, 4400, 4571, 4050, 47, 13.80%, 0, 0, 5, 55.47
1575122278, 0, 4400, 4585, 4064, 47, 13.81%, 0, 0, 5, 43.13
1575122283, 0, 4429, 4588, 4067, 52, 13.81%, 0, 0, 5, 48.88
1575122288, 0, 4429, 4593, 4072, 52, 13.81%, 0, 0, 5, 82.82
1575122314, 0, 4429, 4594, 4073, 52, 13.81%, 0, 0, 5, 91.72
1575122319, 0, 4429, 4595, 4074, 52, 13.81%, 0, 0, 5, 93.99
1575122324, 0, 4429, 4596, 4075, 52, 13.81%, 0, 0, 5, 90.89
1575122354, 0, 4429, 4597, 4076, 52, 13.83%, 0, 0, 5, 92.69
1575122380, 0, 4431, 4597, 4075, 54, 13.83%, 0, 0, 5, 90.48
1575122385, 0, 4431, 4598, 4076, 54, 13.83%, 0, 0, 5, 75.39
1575122395, 0, 4432, 4598, 4075, 54, 13.83%, 0, 0, 5, 88.52
1575122405, 0, 4434, 4599, 4075, 53, 13.83%, 0, 0, 5, 70.95
1575122420, 0, 4444, 4599, 4074, 52, 13.83%, 0, 0, 5, 82.44
1575122436, 0, 4444, 4618, 4092, 51, 13.89%, 0, 0, 5, 64.89
1575122441, 0, 4444, 4636, 4110, 51, 13.92%, 0, 0, 5, 52.89
1575122446, 0, 4449, 4643, 4117, 62, 13.92%, 0, 0, 5, 46.20
1575122461, 0, 4452, 4645, 4118, 61, 13.92%, 0, 0, 5, 92.32
1575122476, 0, 4488, 4645, 4117, 60, 13.92%, 0, 0, 5, 88.11
1575122487, 0, 4490, 4645, 4116, 59, 13.92%, 0, 0, 5, 98.70
1575122492, 0, 4505, 4645, 4115, 58, 13.92%, 0, 0, 5, 96.10
1575122502, 0, 4505, 4650, 4119, 57, 13.92%, 0, 0, 5, 68.39
1575122507, 0, 4509, 4650, 4119, 57, 13.92%, 0, 0, 5, 65.99
1575122522, 0, 4513, 4650, 4118, 56, 13.92%, 0, 0, 5, 86.08
1575122533, 0, 4522, 4650, 4117, 55, 13.92%, 0, 0, 5, 82.61
1575122543, 0, 4528, 4650, 4116, 54, 13.92%, 0, 0, 5, 83.02
1575122548, 0, 4528, 4652, 4118, 54, 13.92%, 0, 0, 5, 89.08
1575122553, 0, 4528, 4655, 4121, 54, 13.93%, 0, 0, 5, 88.23
1575122558, 0, 4528, 4656, 4122, 54, 13.93%, 0, 0, 5, 76.14
1575122568, 0, 4528, 4658, 4124, 54, 13.93%, 0, 0, 5, 75.96
1575122573, 0, 4528, 4661, 4127, 54, 13.93%, 0, 0, 5, 85.15
1575122578, 0, 4528, 4663, 4129, 54, 13.93%, 0, 0, 5, 83.71
1575122594, 0, 4528, 4665, 4131, 54, 13.94%, 0, 0, 5, 97.01
1575122599, 0, 4528, 4667, 4133, 54, 13.94%, 0, 0, 5, 97.88
1575122604, 0, 4529, 4667, 4132, 57, 13.94%, 0, 0, 5, 84.79
1575122619, 0, 4529, 4677, 4141, 56, 13.94%, 0, 0, 5, 70.04
1575122624, 0, 4529, 4691, 4155, 56, 13.96%, 0, 0, 5, 49.27
1575122629, 0, 4538, 4691, 4155, 62, 13.96%, 0, 0, 5, 73.85
1575122640, 0, 4540, 4691, 4154, 61, 13.96%, 0, 0, 5, 91.08
1575122645, 0, 4544, 4691, 4153, 60, 13.96%, 0, 0, 5, 77.47
1575122650, 0, 4544, 4692, 4154, 60, 13.97%, 0, 0, 5, 78.23
1575122655, 0, 4544, 4693, 4155, 60, 13.97%, 0, 0, 5, 87.92
1575122665, 0, 4545, 4693, 4154, 60, 13.97%, 0, 0, 5, 85.25
1575122680, 0, 4547, 4693, 4153, 59, 13.97%, 0, 0, 5, 87.64
1575122690, 0, 4547, 4702, 4161, 58, 13.97%, 0, 0, 5, 77.35
1575122696, 0, 4548, 4709, 4168, 63, 13.97%, 0, 0, 5, 79.95
1575122706, 0, 4548, 4711, 4170, 63, 13.97%, 0, 0, 5, 85.47
1575122711, 0, 4551, 4713, 4171, 62, 13.97%, 0, 0, 5, 74.55
1575122716, 0, 4551, 4714, 4172, 62, 13.97%, 0, 0, 5, 81.54
1575122721, 0, 4551, 4716, 4174, 62, 13.97%, 0, 0, 5, 105.00
1575122731, 0, 4551, 4717, 4175, 62, 13.97%, 0, 0, 5, 106.09
1575122736, 0, 4551, 4718, 4176, 62, 13.97%, 0, 0, 5, 82.92
1575122741, 0, 4551, 4719, 4177, 62, 13.97%, 0, 0, 5, 89.28
1575122752, 0, 4551, 4721, 4179, 62, 13.98%, 0, 0, 5, 79.20
1575122767, 0, 4551, 4722, 4180, 62, 13.98%, 0, 0, 5, 82.23
1575122772, 0, 4551, 4723, 4181, 62, 13.98%, 0, 0, 5, 81.05
1575122777, 0, 4551, 4724, 4182, 62, 13.98%, 0, 0, 5, 88.45
1575122787, 0, 4554, 4725, 4182, 61, 13.98%, 0, 0, 5, 96.61
1575122798, 0, 4556, 4725, 4181, 60, 13.98%, 0, 0, 5, 82.11
1575122803, 0, 4571, 4725, 4180, 59, 13.98%, 0, 0, 5, 71.85
1575122818, 0, 4571, 4727, 4182, 59, 13.98%, 0, 0, 5, 64.11
1575122823, 0, 4571, 4740, 4194, 58, 13.98%, 0, 0, 5, 46.62
1575122828, 0, 4571, 4751, 4205, 58, 13.98%, 0, 0, 5, 37.86
1575122833, 0, 4590, 4751, 4205, 61, 13.98%, 0, 0, 5, 54.60
1575122843, 0, 4591, 4751, 4204, 60, 13.98%, 0, 0, 5, 84.69
1575122853, 0, 4593, 4752, 4204, 59, 13.98%, 0, 0, 5, 85.36
1575122864, 0, 4596, 4754, 4205, 58, 13.98%, 0, 0, 5, 89.37
1575122874, 0, 4597, 4756, 4206, 60, 13.99%, 0, 0, 5, 87.60
1575122889, 0, 4597, 4766, 4215, 59, 14.00%, 0, 0, 5, 70.93
1575122894, 0, 4603, 4771, 4220, 61, 14.00%, 0, 0, 5, 61.64
1575122899, 0, 4603, 4772, 4221, 61, 14.00%, 0, 0, 5, 84.72
1575122904, 0, 4603, 4773, 4222, 61, 14.00%, 0, 0, 5, 91.79
1575122925, 0, 4606, 4773, 4221, 60, 14.00%, 0, 0, 5, 80.81
1575122935, 0, 4608, 4773, 4220, 59, 14.00%, 0, 0, 5, 82.21
1575122945, 0, 4611, 4773, 4219, 58, 14.00%, 0, 0, 5, 90.41
1575122955, 0, 4613, 4773, 4218, 57, 14.00%, 0, 0, 5, 77.68
1575122970, 0, 4613, 4788, 4232, 56, 14.01%, 0, 0, 5, 66.50
1575122975, 0, 4618, 4789, 4233, 59, 14.01%, 0, 0, 5, 91.47
1575122980, 0, 4618, 4790, 4234, 59, 14.01%, 0, 0, 5, 81.70
1575122985, 0, 4622, 4790, 4233, 59, 14.01%, 0, 0, 5, 84.38
1575122995, 0, 4628, 4790, 4232, 58, 14.01%, 0, 0, 5, 99.22
1575123006, 0, 4633, 4790, 4231, 57, 14.01%, 0, 0, 5, 97.96
1575123011, 0, 4635, 4790, 4230, 56, 14.01%, 0, 0, 5, 85.34
1575123016, 0, 4635, 4791, 4231, 56, 14.01%, 0, 0, 5, 69.28
1575123021, 0, 4635, 4792, 4232, 56, 14.01%, 0, 0, 5, 77.57
1575123041, 0, 4635, 4801, 4240, 55, 14.01%, 0, 0, 5, 79.39
1575123047, 0, 4642, 4811, 4250, 58, 14.01%, 0, 0, 5, 71.01
1575123057, 0, 4643, 4811, 4249, 57, 14.01%, 0, 0, 5, 65.29
1575123072, 0, 4653, 4811, 4248, 57, 14.01%, 0, 0, 5, 87.03
1575123082, 0, 4663, 4811, 4247, 55, 14.01%, 0, 0, 5, 83.38
1575123087, 0, 4664, 4811, 4246, 54, 14.01%, 0, 0, 5, 90.21
1575123102, 0, 4664, 4825, 4259, 53, 14.01%, 0, 0, 5, 66.09
1575123108, 0, 4667, 4828, 4262, 55, 14.01%, 0, 0, 5, 43.76
1575123113, 0, 4667, 4829, 4263, 55, 14.01%, 0, 0, 5, 66.22
1575123128, 0, 4668, 4829, 4262, 54, 14.01%, 0, 0, 5, 95.62
1575123139, 0, 4671, 4829, 4261, 53, 14.01%, 0, 0, 5, 86.63
1575123144, 0, 4687, 4829, 4260, 51, 14.01%, 0, 0, 5, 82.13
1575123154, 0, 4688, 4829, 4259, 50, 14.01%, 0, 0, 5, 95.96
1575123164, 0, 4693, 4837, 4266, 52, 14.02%, 0, 0, 5, 82.32
1575123169, 0, 4693, 4838, 4267, 52, 14.02%, 0, 0, 5, 102.83
1575123174, 0, 4697, 4838, 4266, 51, 14.02%, 0, 0, 5, 93.00
1575123184, 0, 4698, 4838, 4265, 50, 14.02%, 0, 0, 5, 95.09
1575123189, 0, 4702, 4838, 4264, 49, 14.02%, 0, 0, 5, 99.09
1575123200, 0, 4703, 4838, 4263, 48, 14.02%, 0, 0, 5, 82.36
1575123215, 0, 4703, 4850, 4274, 47, 14.02%, 0, 0, 5, 59.51
1575123220, 0, 4706, 4854, 4278, 50, 14.02%, 0, 0, 5, 67.61
1575123225, 0, 4706, 4855, 4279, 50, 14.02%, 0, 0, 5, 92.33
1575123230, 0, 4719, 4855, 4278, 49, 14.02%, 0, 0, 5, 91.20
1575123240, 0, 4732, 4855, 4277, 48, 14.02%, 0, 0, 5, 88.34
1575123256, 0, 4737, 4855, 4276, 47, 14.02%, 0, 0, 5, 84.37
1575123271, 0, 4741, 4855, 4275, 46, 14.02%, 0, 0, 5, 86.05
1575123281, 0, 4745, 4860, 4279, 45, 14.02%, 0, 0, 5, 53.70
1575123291, 0, 4748, 4860, 4278, 44, 14.02%, 0, 0, 5, 90.81
1575123307, 0, 4753, 4860, 4277, 43, 14.02%, 0, 0, 5, 85.89
1575123317, 0, 4754, 4860, 4276, 42, 14.02%, 0, 0, 5, 83.24
1575123327, 0, 4755, 4861, 4276, 41, 14.02%, 0, 0, 5, 78.06
1575123337, 0, 4755, 4864, 4279, 41, 14.02%, 0, 0, 5, 88.88
1575123342, 0, 4755, 4873, 4287, 40, 14.02%, 0, 0, 5, 71.87
1575123347, 0, 4759, 4878, 4292, 49, 14.02%, 0, 0, 5, 76.97
1575123352, 0, 4759, 4879, 4293, 49, 14.02%, 0, 0, 5, 93.97
1575123357, 0, 4765, 4880, 4293, 49, 14.02%, 0, 0, 5, 89.14
1575123367, 0, 4766, 4880, 4292, 48, 14.02%, 0, 0, 5, 100.36
1575123373, 0, 4772, 4880, 4291, 47, 14.02%, 0, 0, 5, 99.21
1575123383, 0, 4773, 4880, 4290, 46, 14.02%, 0, 0, 5, 82.71
1575123388, 0, 4773, 4881, 4291, 46, 14.02%, 0, 0, 5, 76.79
1575123393, 0, 4773, 4886, 4295, 45, 14.07%, 0, 0, 5, 64.78
1575123398, 0, 4774, 4890, 4299, 44, 14.07%, 0, 0, 5, 64.60
1575123403, 0, 4774, 4892, 4301, 44, 14.07%, 0, 0, 5, 91.33
1575123413, 0, 4774, 4894, 4303, 44, 14.07%, 0, 0, 5, 88.26
1575123418, 0, 4774, 4895, 4304, 44, 14.07%, 0, 0, 5, 91.19
1575123429, 0, 4774, 4896, 4305, 44, 14.07%, 0, 0, 5, 97.80
1575123439, 0, 4774, 4898, 4307, 44, 14.08%, 0, 0, 5, 80.04
1575123444, 0, 4774, 4900, 4309, 44, 14.08%, 0, 0, 5, 95.48
1575123459, 0, 4774, 4901, 4310, 44, 14.08%, 0, 0, 5, 97.94
1575123474, 0, 4778, 4901, 4309, 44, 14.08%, 0, 0, 5, 86.20
1575123485, 0, 4781, 4901, 4308, 43, 14.08%, 0, 0, 5, 87.97
1575123500, 0, 4786, 4901, 4306, 41, 14.08%, 0, 0, 5, 84.80
1575123510, 0, 4786, 4906, 4310, 40, 14.08%, 0, 0, 5, 90.06
1575123515, 0, 4786, 4924, 4328, 40, 14.09%, 0, 0, 5, 49.45
1575123520, 0, 4786, 4927, 4331, 40, 14.09%, 0, 0, 5, 39.29
1575123536, 0, 4789, 4931, 4335, 47, 14.09%, 0, 0, 5, 49.75
1575123546, 0, 4790, 4931, 4334, 46, 14.09%, 0, 0, 5, 59.95
1575123551, 0, 4790, 4932, 4335, 46, 14.09%, 0, 0, 5, 76.02
1575123561, 0, 4793, 4932, 4334, 46, 14.09%, 0, 0, 5, 86.73
1575123571, 0, 4810, 4932, 4333, 45, 14.09%, 0, 0, 5, 85.39
1575123582, 0, 4811, 4932, 4332, 44, 14.09%, 0, 0, 5, 81.23
1575123587, 0, 4811, 4933, 4333, 44, 14.09%, 0, 0, 5, 93.19
1575123592, 0, 4817, 4937, 4336, 45, 14.09%, 0, 0, 5, 52.45
1575123607, 0, 4824, 4939, 4337, 44, 14.09%, 0, 0, 5, 91.49
1575123622, 0, 4826, 4939, 4336, 43, 14.09%, 0, 0, 5, 82.82
1575123632, 0, 4828, 4939, 4335, 43, 14.09%, 0, 0, 5, 73.40
1575123642, 0, 4830, 4939, 4334, 43, 14.09%, 0, 0, 5, 95.38
1575123653, 0, 4830, 4946, 4340, 42, 14.09%, 0, 0, 5, 56.39
1575123658, 0, 4837, 4952, 4346, 46, 14.09%, 0, 0, 5, 61.22
1575123668, 0, 4841, 4952, 4345, 45, 14.09%, 0, 0, 5, 103.59
1575123673, 0, 4842, 4952, 4344, 42, 14.09%, 0, 0, 5, 98.81
1575123678, 0, 4842, 4953, 4345, 42, 14.09%, 0, 0, 5, 104.51
1575123683, 0, 4843, 4953, 4344, 41, 14.09%, 0, 0, 5, 95.60
1575123693, 0, 4847, 4953, 4343, 40, 14.09%, 0, 0, 5, 91.44
1575123703, 0, 4847, 4968, 4357, 39, 14.10%, 0, 0, 5, 37.03
1575123708, 0, 4860, 4968, 4357, 41, 14.10%, 0, 0, 5, 80.39
1575123718, 0, 4861, 4968, 4356, 40, 14.10%, 0, 0, 5, 85.19
1575123734, 0, 4867, 4968, 4355, 39, 14.10%, 0, 0, 5, 89.63
1575123739, 0, 4867, 4969, 4356, 39, 14.10%, 0, 0, 5, 87.19
1575123754, 0, 4868, 4969, 4355, 40, 14.10%, 0, 0, 5, 91.56
1575123764, 0, 4876, 4969, 4354, 39, 14.10%, 0, 0, 5, 84.88
1575123779, 0, 4877, 4978, 4362, 41, 14.10%, 0, 0, 5, 56.68
1575123789, 0, 4882, 4978, 4361, 40, 14.10%, 0, 0, 5, 84.77
1575123800, 0, 4884, 4978, 4360, 39, 14.10%, 0, 0, 5, 66.85
1575123810, 0, 4896, 4979, 4360, 38, 14.10%, 0, 0, 5, 77.34
1575123815, 0, 4896, 4980, 4361, 38, 14.10%, 0, 0, 5, 86.64
1575123830, 0, 4904, 4980, 4360, 37, 14.10%, 0, 0, 5, 99.05
1575123835, 0, 4906, 4987, 4366, 37, 14.10%, 0, 0, 5, 75.37
1575123850, 0, 4909, 4987, 4365, 36, 14.10%, 0, 0, 5, 86.63
1575123860, 0, 4923, 4988, 4365, 36, 14.10%, 0, 0, 5, 104.35
1575123871, 0, 4927, 4988, 4364, 35, 14.10%, 0, 0, 5, 99.16
1575123881, 0, 4928, 4988, 4363, 34, 14.10%, 0, 0, 5, 106.53
1575123891, 0, 4928, 4993, 4367, 33, 14.10%, 0, 0, 5, 60.82
1575123896, 0, 4929, 4996, 4370, 34, 14.10%, 0, 0, 5, 77.14
1575123906, 0, 4930, 4996, 4369, 33, 14.10%, 0, 0, 5, 84.30
1575123916, 0, 4933, 4996, 4368, 32, 14.10%, 0, 0, 5, 92.41
1575123926, 0, 4934, 4996, 4367, 31, 14.10%, 0, 0, 5, 87.17
1575123931, 0, 4939, 4996, 4366, 30, 14.10%, 0, 0, 5, 91.76
1575123947, 0, 4939, 4997, 4366, 29, 14.10%, 0, 0, 5, 76.08
1575123952, 0, 4950, 5007, 4376, 30, 14.10%, 0, 0, 5, 42.34
1575123967, 0, 4951, 5007, 4375, 29, 14.10%, 0, 0, 5, 85.01
1575123977, 0, 4960, 5007, 4374, 28, 14.10%, 0, 0, 5, 100.67
1575123982, 0, 4962, 5007, 4373, 27, 14.10%, 0, 0, 5, 104.83
1575123993, 0, 4965, 5010, 4375, 26, 14.10%, 0, 0, 5, 97.15
1575123998, 0, 4965, 5011, 4376, 26, 14.10%, 0, 0, 5, 89.10
1575124018, 0, 4965, 5012, 4377, 26, 14.11%, 0, 0, 5, 85.30
1575124053, 0, 4965, 5013, 4378, 26, 14.11%, 0, 0, 5, 86.31
1575124068, 0, 4965, 5018, 4382, 25, 14.11%, 0, 0, 5, 75.81
1575124074, 0, 4965, 5036, 4400, 25, 14.13%, 0, 0, 5, 49.35
1575124079, 0, 4967, 5038, 4402, 29, 14.13%, 0, 0, 5, 68.10
1575124089, 0, 4975, 5038, 4401, 28, 14.13%, 0, 0, 5, 70.00
1575124094, 0, 4975, 5039, 4402, 28, 14.13%, 0, 0, 5, 82.86
1575124109, 0, 4977, 5039, 4401, 27, 14.13%, 0, 0, 5, 92.36
1575124114, 0, 4985, 5039, 4400, 26, 14.13%, 0, 0, 5, 85.66
1575124124, 0, 4988, 5040, 4400, 25, 14.13%, 0, 0, 5, 88.69
1575124140, 0, 4988, 5059, 4418, 24, 14.13%, 0, 0, 5, 54.24
1575124145, 0, 5002, 5063, 4422, 28, 14.13%, 0, 0, 5, 54.94
1575124160, 0, 5005, 5064, 4422, 28, 14.13%, 0, 0, 5, 76.47
1575124175, 0, 5010, 5064, 4421, 27, 14.13%, 0, 0, 5, 91.75
1575124185, 0, 5021, 5064, 4420, 26, 14.13%, 0, 0, 5, 98.22
1575124190, 0, 5021, 5065, 4421, 26, 14.13%, 0, 0, 5, 95.84
1575124195, 0, 5021, 5066, 4422, 26, 14.13%, 0, 0, 5, 89.63
1575124205, 0, 5021, 5067, 4423, 26, 14.13%, 0, 0, 5, 101.33
1575124211, 0, 5021, 5070, 4426, 26, 14.13%, 0, 0, 5, 79.76
1575124216, 0, 5021, 5071, 4427, 26, 14.13%, 0, 0, 5, 51.37
1575124221, 0, 5022, 5071, 4426, 25, 14.13%, 0, 0, 5, 73.03
1575124226, 0, 5022, 5072, 4427, 25, 14.13%, 0, 0, 5, 82.43
1575124236, 0, 5022, 5080, 4434, 24, 14.13%, 0, 0, 5, 55.56
1575124241, 0, 5022, 5094, 4448, 24, 14.13%, 0, 0, 5, 34.95
1575124246, 0, 5022, 5103, 4457, 24, 14.14%, 0, 0, 5, 30.06
1575124251, 0, 5028, 5103, 4457, 27, 14.14%, 0, 0, 5, 34.76
1575124267, 0, 5029, 5103, 4456, 26, 14.14%, 0, 0, 5, 93.70
1575124272, 0, 5029, 5104, 4457, 26, 14.14%, 0, 0, 5, 101.21
1575124277, 0, 5042, 5104, 4456, 25, 14.14%, 0, 0, 5, 86.99
1575124287, 0, 5042, 5105, 4457, 25, 14.14%, 0, 0, 5, 95.76
1575124292, 0, 5045, 5106, 4457, 24, 14.14%, 0, 0, 5, 81.32
1575124297, 0, 5045, 5109, 4460, 24, 14.14%, 0, 0, 5, 80.86
1575124312, 0, 5045, 5110, 4461, 24, 14.14%, 0, 0, 5, 96.14
1575124318, 0, 5045, 5111, 4462, 24, 14.14%, 0, 0, 5, 87.61
1575124323, 0, 5045, 5113, 4464, 24, 14.15%, 0, 0, 5, 90.89
1575124328, 0, 5045, 5116, 4467, 24, 14.15%, 0, 0, 5, 100.61
1575124343, 0, 5045, 5117, 4468, 24, 14.15%, 0, 0, 5, 75.86
1575124348, 0, 5045, 5118, 4469, 24, 14.15%, 0, 0, 5, 75.05
1575124358, 0, 5045, 5119, 4470, 24, 14.15%, 0, 0, 5, 97.68
1575124383, 0, 5045, 5120, 4471, 24, 14.15%, 0, 0, 5, 96.45
1575124389, 0, 5048, 5120, 4470, 26, 14.15%, 0, 0, 5, 93.84
1575124394, 0, 5048, 5121, 4471, 26, 14.15%, 0, 0, 5, 105.35
1575124399, 0, 5048, 5139, 4488, 25, 14.15%, 0, 0, 5, 58.35
1575124404, 0, 5048, 5149, 4498, 25, 14.15%, 0, 0, 5, 37.39
1575124409, 0, 5049, 5152, 4501, 34, 14.15%, 0, 0, 5, 31.42
1575124424, 0, 5052, 5152, 4500, 33, 14.15%, 0, 0, 5, 95.32
1575124435, 0, 5071, 5152, 4499, 32, 14.15%, 0, 0, 5, 99.48
1575124440, 0, 5071, 5153, 4500, 32, 14.15%, 0, 0, 5, 94.88
1575124445, 0, 5090, 5153, 4499, 31, 14.15%, 0, 0, 5, 83.15
1575124450, 0, 5090, 5154, 4500, 31, 14.15%, 0, 0, 5, 90.39
1575124455, 0, 5099, 5155, 4500, 30, 14.15%, 0, 0, 5, 62.16
1575124470, 0, 5099, 5160, 4504, 29, 14.17%, 0, 0, 5, 66.35
1575124475, 0, 5099, 5171, 4515, 29, 14.17%, 0, 0, 5, 39.56
1575124480, 0, 5100, 5174, 4518, 30, 14.18%, 0, 0, 5, 39.50
1575124490, 0, 5101, 5174, 4517, 29, 14.18%, 0, 0, 5, 72.38
1575124506, 0, 5102, 5174, 4516, 28, 14.18%, 0, 0, 5, 89.28
1575124511, 0, 5102, 5175, 4517, 28, 14.18%, 0, 0, 5, 84.60
1575124526, 0, 5112, 5175, 4516, 28, 14.18%, 0, 0, 5, 87.15
1575124536, 0, 5114, 5177, 4517, 27, 14.18%, 0, 0, 5, 88.67
1575124551, 0, 5114, 5188, 4527, 26, 14.18%, 0, 0, 5, 62.22
1575124556, 0, 5114, 5202, 4541, 26, 14.19%, 0, 0, 5, 41.75
1575124561, 0, 5117, 5203, 4542, 34, 14.19%, 0, 0, 5, 82.73
1575124566, 0, 5122, 5204, 4542, 33, 14.19%, 0, 0, 5, 102.03
1575124576, 0, 5124, 5204, 4541, 32, 14.19%, 0, 0, 5, 84.64
1575124587, 0, 5128, 5204, 4540, 31, 14.19%, 0, 0, 5, 70.89
1575124597, 0, 5131, 5204, 4539, 30, 14.19%, 0, 0, 5, 82.99
1575124612, 0, 5131, 5217, 4551, 29, 14.19%, 0, 0, 5, 46.37
1575124617, 0, 5131, 5229, 4563, 29, 14.20%, 0, 0, 5, 36.90
1575124622, 0, 5149, 5234, 4568, 33, 14.20%, 0, 0, 5, 60.23
1575124628, 0, 5159, 5234, 4567, 32, 14.20%, 0, 0, 5, 83.72
1575124643, 0, 5163, 5236, 4568, 31, 14.20%, 0, 0, 5, 82.46
1575124648, 0, 5163, 5238, 4570, 31, 14.20%, 0, 0, 5, 82.91
1575124653, 0, 5163, 5239, 4571, 31, 14.20%, 0, 0, 5, 86.16
1575124663, 0, 5163, 5240, 4572, 31, 14.20%, 0, 0, 5, 92.87
1575124668, 0, 5163, 5242, 4574, 31, 14.20%, 0, 0, 5, 96.30
1575124694, 0, 5163, 5243, 4575, 31, 14.20%, 0, 0, 5, 95.31
1575124704, 0, 5163, 5245, 4577, 31, 14.20%, 0, 0, 5, 98.62
1575124714, 0, 5166, 5247, 4578, 31, 14.20%, 0, 0, 5, 96.48
1575124724, 0, 5166, 5248, 4579, 31, 14.20%, 0, 0, 5, 90.75
1575124729, 0, 5168, 5248, 4578, 31, 14.20%, 0, 0, 5, 62.14
1575124734, 0, 5168, 5249, 4579, 31, 14.20%, 0, 0, 5, 78.74
1575124749, 0, 5168, 5265, 4594, 30, 14.20%, 0, 0, 5, 63.06
1575124754, 0, 5168, 5276, 4605, 30, 14.21%, 0, 0, 5, 48.79
1575124760, 0, 5172, 5279, 4608, 37, 14.21%, 0, 0, 5, 39.80
1575124765, 0, 5172, 5281, 4610, 37, 14.21%, 0, 0, 5, 62.71
1575124770, 0, 5172, 5284, 4613, 37, 14.22%, 0, 0, 5, 73.81
1575124775, 0, 5172, 5286, 4615, 37, 14.22%, 0, 0, 5, 82.13
1575124795, 0, 5172, 5287, 4616, 37, 14.22%, 0, 0, 5, 81.44
1575124806, 0, 5172, 5288, 4617, 37, 14.22%, 0, 0, 5, 85.01
1575124811, 0, 5172, 5289, 4618, 37, 14.22%, 0, 0, 5, 72.08
1575124816, 0, 5172, 5290, 4619, 37, 14.22%, 0, 0, 5, 72.08
1575124826, 0, 5174, 5290, 4618, 39, 14.22%, 0, 0, 5, 79.84
1575124836, 0, 5175, 5290, 4617, 38, 14.22%, 0, 0, 5, 80.10
1575124841, 0, 5175, 5292, 4619, 38, 14.22%, 0, 0, 5, 86.61
1575124862, 0, 5178, 5292, 4618, 37, 14.22%, 0, 0, 5, 83.46
1575124872, 0, 5179, 5292, 4617, 36, 14.22%, 0, 0, 5, 65.23
1575124882, 0, 5179, 5296, 4620, 35, 14.22%, 0, 0, 5, 42.34
1575124887, 0, 5179, 5315, 4639, 35, 14.23%, 0, 0, 5, 41.26
1575124892, 0, 5179, 5321, 4645, 35, 14.23%, 0, 0, 5, 33.70
1575124898, 0, 5185, 5323, 4647, 41, 14.23%, 0, 0, 5, 46.55
1575124908, 0, 5200, 5323, 4646, 39, 14.23%, 0, 0, 5, 72.96
1575124918, 0, 5220, 5323, 4645, 38, 14.23%, 0, 0, 5, 87.04
1575124928, 0, 5222, 5323, 4644, 37, 14.23%, 0, 0, 5, 68.87
1575124938, 0, 5224, 5324, 4644, 36, 14.23%, 0, 0, 5, 72.51
1575124943, 0, 5224, 5326, 4646, 36, 14.23%, 0, 0, 5, 77.88
1575124969, 0, 5224, 5328, 4648, 36, 14.23%, 0, 0, 5, 88.97
1575124974, 0, 5224, 5342, 4661, 35, 14.24%, 0, 0, 5, 53.90
1575124979, 0, 5233, 5342, 4661, 38, 14.24%, 0, 0, 5, 67.60
1575124989, 0, 5246, 5342, 4660, 37, 14.24%, 0, 0, 5, 88.37
1575125000, 0, 5257, 5342, 4659, 36, 14.24%, 0, 0, 5, 92.02
1575125010, 0, 5259, 5343, 4659, 35, 14.24%, 0, 0, 5, 96.12
1575125025, 0, 5264, 5344, 4659, 34, 14.24%, 0, 0, 5, 74.05
1575125040, 0, 5264, 5356, 4670, 33, 14.24%, 0, 0, 5, 44.63
1575125045, 0, 5265, 5357, 4671, 36, 14.24%, 0, 0, 5, 69.32
1575125056, 0, 5266, 5357, 4670, 35, 14.24%, 0, 0, 5, 82.25
1575125066, 0, 5276, 5357, 4669, 34, 14.24%, 0, 0, 5, 77.29
1575125081, 0, 5279, 5358, 4669, 33, 14.25%, 0, 0, 5, 89.65
1575125096, 0, 5283, 5358, 4668, 33, 14.25%, 0, 0, 5, 58.32
1575125106, 0, 5283, 5360, 4670, 33, 14.25%, 0, 0, 5, 68.49
1575125111, 0, 5283, 5368, 4677, 32, 14.25%, 0, 0, 5, 45.67
1575125117, 0, 5286, 5368, 4677, 34, 14.25%, 0, 0, 5, 52.66
1575125127, 0, 5300, 5368, 4676, 33, 14.25%, 0, 0, 5, 70.00
1575125137, 0, 5302, 5368, 4675, 32, 14.25%, 0, 0, 5, 104.38
1575125152, 0, 5304, 5368, 4674, 31, 14.25%, 0, 0, 5, 75.73
1575125162, 0, 5308, 5368, 4673, 30, 14.25%, 0, 0, 5, 71.55
1575125173, 0, 5308, 5379, 4683, 29, 14.25%, 0, 0, 5, 51.48
1575125178, 0, 5308, 5387, 4691, 29, 14.25%, 0, 0, 5, 36.05
1575125183, 0, 5309, 5393, 4697, 32, 14.25%, 0, 0, 5, 45.58
1575125193, 0, 5311, 5393, 4696, 31, 14.25%, 0, 0, 5, 92.15
1575125204, 0, 5319, 5393, 4695, 30, 14.25%, 0, 0, 5, 59.45
1575125214, 0, 5323, 5394, 4695, 29, 14.25%, 0, 0, 5, 70.23
1575125219, 0, 5323, 5395, 4696, 29, 14.25%, 0, 0, 5, 83.51
1575125234, 0, 5329, 5395, 4695, 29, 14.25%, 0, 0, 5, 74.38
1575125239, 0, 5329, 5397, 4697, 29, 14.25%, 0, 0, 5, 77.89
1575125260, 0, 5329, 5400, 4699, 28, 14.25%, 0, 0, 5, 84.42
1575125265, 0, 5329, 5410, 4709, 28, 14.27%, 0, 0, 5, 27.59
1575125275, 0, 5329, 5412, 4711, 28, 14.27%, 0, 0, 5, 32.36
1575125280, 0, 5331, 5412, 4711, 31, 14.27%, 0, 0, 5, 53.26
1575125285, 0, 5331, 5413, 4712, 31, 14.27%, 0, 0, 5, 62.91
1575125301, 0, 5332, 5413, 4711, 30, 14.27%, 0, 0, 5, 93.46
1575125306, 0, 5332, 5414, 4712, 30, 14.27%, 0, 0, 5, 84.09
1575125311, 0, 5334, 5414, 4711, 30, 14.27%, 0, 0, 5, 82.01
1575125331, 0, 5335, 5414, 4710, 29, 14.27%, 0, 0, 5, 70.62
1575125341, 0, 5338, 5414, 4709, 29, 14.27%, 0, 0, 5, 77.16
1575125356, 0, 5338, 5424, 4718, 28, 14.27%, 0, 0, 5, 40.59
1575125362, 0, 5338, 5433, 4727, 28, 14.27%, 0, 0, 5, 31.73
1575125367, 0, 5339, 5435, 4729, 30, 14.27%, 0, 0, 5, 60.16
1575125377, 0, 5346, 5435, 4728, 29, 14.27%, 0, 0, 5, 97.32
1575125387, 0, 5365, 5435, 4727, 28, 14.27%, 0, 0, 5, 74.70
1575125397, 0, 5367, 5435, 4726, 27, 14.27%, 0, 0, 5, 75.23
1575125407, 0, 5370, 5435, 4725, 26, 14.27%, 0, 0, 5, 63.02
1575125423, 0, 5370, 5444, 4733, 25, 14.27%, 0, 0, 5, 50.22
1575125428, 0, 5380, 5450, 4739, 28, 14.27%, 0, 0, 5, 31.82
1575125438, 0, 5380, 5451, 4740, 28, 14.27%, 0, 0, 5, 53.11
1575125448, 0, 5389, 5451, 4739, 27, 14.27%, 0, 0, 5, 62.89
1575125464, 0, 5394, 5451, 4738, 26, 14.27%, 0, 0, 5, 86.95
1575125479, 0, 5396, 5451, 4737, 25, 14.27%, 0, 0, 5, 77.89
1575125489, 0, 5398, 5451, 4736, 25, 14.27%, 0, 0, 5, 79.76
1575125499, 0, 5398, 5460, 4744, 24, 14.27%, 0, 0, 5, 61.20
1575125504, 0, 5398, 5467, 4751, 24, 14.27%, 0, 0, 5, 38.25
1575125510, 0, 5407, 5467, 4751, 25, 14.27%, 0, 0, 5, 71.55
1575125520, 0, 5411, 5467, 4750, 24, 14.27%, 0, 0, 5, 84.14
1575125525, 0, 5413, 5467, 4749, 23, 14.27%, 0, 0, 5, 88.17
1575125535, 0, 5416, 5467, 4748, 22, 14.27%, 0, 0, 5, 69.64
1575125545, 0, 5429, 5467, 4747, 21, 14.27%, 0, 0, 5, 82.14
1575125555, 0, 5429, 5477, 4756, 20, 14.27%, 0, 0, 5, 68.05
1575125560, 0, 5432, 5477, 4756, 19, 14.27%, 0, 0, 5, 80.92
1575125565, 0, 5435, 5477, 4755, 18, 14.27%, 0, 0, 5, 75.48
1575125570, 0, 5435, 5478, 4756, 18, 14.27%, 0, 0, 5, 74.46
1575125581, 0, 5436, 5479, 4756, 17, 14.27%, 0, 0, 5, 83.08
1575125586, 0, 5436, 5480, 4757, 17, 14.27%, 0, 0, 5, 57.02
1575125596, 0, 5449, 5480, 4756, 17, 14.27%, 0, 0, 5, 87.39
1575125601, 0, 5466, 5480, 4755, 16, 14.27%, 0, 0, 5, 79.93
1575125606, 0, 5466, 5486, 4760, 15, 14.27%, 0, 0, 5, 18.38
1575125611, 0, 5467, 5494, 4768, 19, 14.28%, 0, 0, 5, 36.82
1575125616, 0, 5467, 5496, 4770, 19, 14.28%, 0, 0, 5, 63.17
1575125637, 0, 5467, 5498, 4772, 19, 14.28%, 0, 0, 5, 62.99
