# unix_time, cycles_done, cur_path, paths_total, pending_total, pending_favs, map_size, unique_crashes, unique_hangs, max_depth, execs_per_sec
1575126666, 0, 0, 5, 5, 4, 10.15%, 0, 0, 1, 186.92
1575126671, 0, 0, 107, 107, 4, 11.15%, 0, 0, 2, 278.76
1575126676, 0, 0, 171, 171, 4, 11.25%, 0, 0, 2, 289.12
1575126681, 0, 0, 189, 189, 4, 11.27%, 0, 0, 2, 291.96
1575126686, 0, 0, 199, 199, 4, 11.32%, 0, 0, 2, 289.57
1575126691, 0, 0, 213, 213, 4, 11.33%, 0, 0, 2, 311.42
1575126696, 0, 0, 226, 226, 4, 11.39%, 0, 0, 2, 292.33
1575126701, 0, 0, 233, 233, 4, 11.39%, 0, 0, 2, 287.72
1575126706, 0, 0, 247, 247, 4, 11.42%, 0, 0, 2, 288.59
1575126712, 0, 0, 249, 249, 4, 11.42%, 0, 0, 2, 289.62
1575126717, 0, 0, 253, 253, 4, 11.42%, 0, 0, 2, 203.41
1575126722, 0, 0, 255, 255, 4, 11.43%, 0, 0, 2, 157.93
1575126727, 0, 0, 261, 261, 4, 11.44%, 0, 0, 2, 118.85
1575126742, 0, 0, 265, 265, 4, 11.45%, 0, 0, 2, 133.90
1575126747, 0, 0, 266, 266, 4, 11.45%, 0, 0, 2, 109.57
1575126752, 0, 0, 274, 274, 4, 11.45%, 0, 0, 2, 94.31
1575126758, 0, 0, 276, 276, 4, 11.45%, 0, 0, 2, 102.35
1575126763, 0, 0, 278, 278, 4, 11.45%, 0, 0, 2, 170.67
1575126768, 0, 0, 280, 280, 4, 11.45%, 0, 0, 2, 115.59
1575126783, 0, 0, 282, 282, 4, 11.46%, 0, 0, 2, 108.08
1575126819, 0, 0, 283, 283, 4, 11.46%, 0, 0, 2, 91.66
1575126824, 0, 0, 286, 286, 4, 11.46%, 0, 0, 2, 100.49
1575126854, 0, 0, 287, 287, 4, 11.46%, 0, 0, 2, 67.26
1575126859, 0, 0, 289, 289, 4, 11.46%, 0, 0, 2, 68.81
1575126921, 0, 0, 290, 290, 4, 11.46%, 0, 0, 2, 67.49
1575126926, 0, 0, 291, 291, 4, 11.46%, 0, 0, 2, 64.33
1575126936, 0, 0, 293, 293, 4, 11.46%, 0, 0, 2, 65.39
1575126941, 0, 0, 297, 297, 4, 11.46%, 0, 0, 2, 63.81
1575126946, 0, 0, 299, 299, 4, 11.47%, 0, 0, 2, 69.92
1575126951, 0, 0, 302, 302, 4, 11.47%, 0, 0, 2, 66.48
1575126956, 0, 0, 303, 303, 4, 11.47%, 0, 0, 2, 60.20
1575126962, 0, 0, 305, 305, 4, 11.47%, 0, 0, 2, 63.88
1575126967, 0, 0, 320, 320, 4, 11.49%, 0, 0, 2, 69.04
1575126972, 0, 0, 336, 336, 4, 11.53%, 0, 0, 2, 71.36
1575126977, 0, 0, 352, 352, 4, 11.53%, 0, 0, 2, 69.93
1575126982, 0, 0, 362, 362, 4, 11.55%, 0, 0, 2, 70.04
1575126987, 0, 0, 370, 370, 4, 11.55%, 0, 0, 2, 73.03
1575126992, 0, 0, 378, 378, 4, 11.56%, 0, 0, 2, 71.27
1575126997, 0, 0, 384, 384, 4, 11.57%, 0, 0, 2, 73.69
1575127002, 0, 0, 388, 388, 4, 11.57%, 0, 0, 2, 69.03
1575127007, 0, 0, 393, 393, 4, 11.57%, 0, 0, 2, 76.64
1575127012, 0, 0, 398, 398, 4, 11.57%, 0, 0, 2, 72.56
1575127018, 0, 0, 403, 403, 4, 11.57%, 0, 0, 2, 75.42
1575127023, 0, 0, 407, 407, 4, 11.58%, 0, 0, 2, 74.97
1575127028, 0, 0, 410, 410, 4, 11.58%, 0, 0, 2, 81.66
1575127033, 0, 0, 414, 414, 4, 11.58%, 0, 0, 2, 76.39
1575127038, 0, 0, 420, 420, 4, 11.58%, 0, 0, 2, 75.83
1575127043, 0, 0, 424, 424, 4, 11.58%, 0, 0, 2, 72.84
1575127048, 0, 0, 429, 429, 4, 11.58%, 0, 0, 2, 74.79
1575127053, 0, 0, 431, 431, 4, 11.58%, 0, 0, 2, 75.71
1575127058, 0, 0, 432, 432, 4, 11.58%, 0, 0, 2, 72.44
1575127063, 0, 0, 433, 433, 4, 11.58%, 0, 0, 2, 75.94
1575127069, 0, 0, 439, 439, 4, 11.60%, 0, 0, 2, 75.35
1575127074, 0, 0, 442, 442, 4, 11.60%, 0, 0, 2, 75.28
1575127079, 0, 0, 446, 446, 4, 11.62%, 0, 0, 2, 81.58
1575127084, 0, 0, 450, 450, 4, 11.62%, 0, 0, 2, 73.05
1575127089, 0, 0, 453, 453, 4, 11.62%, 0, 0, 2, 71.90
1575127094, 0, 0, 454, 454, 4, 11.62%, 0, 0, 2, 75.20
1575127099, 0, 0, 458, 458, 4, 11.62%, 0, 0, 2, 72.94
1575127104, 0, 0, 460, 460, 4, 11.62%, 0, 0, 2, 70.93
1575127110, 0, 0, 462, 462, 4, 11.62%, 0, 0, 2, 77.44
1575127115, 0, 0, 467, 467, 4, 11.64%, 0, 0, 2, 77.91
1575127120, 0, 0, 469, 469, 4, 11.64%, 0, 0, 2, 72.41
1575127125, 0, 0, 474, 474, 4, 11.64%, 0, 0, 2, 73.84
1575127130, 0, 0, 477, 477, 4, 11.65%, 0, 0, 2, 75.28
1575127135, 0, 0, 479, 479, 4, 11.65%, 0, 0, 2, 75.27
1575127140, 0, 0, 484, 484, 4, 11.65%, 0, 0, 2, 77.26
1575127145, 0, 0, 486, 486, 4, 11.65%, 0, 0, 2, 75.07
1575127150, 0, 0, 488, 488, 4, 11.65%, 0, 0, 2, 76.73
1575127156, 0, 0, 491, 491, 4, 11.66%, 0, 0, 2, 72.53
1575127161, 0, 0, 496, 496, 4, 11.66%, 0, 0, 2, 71.47
1575127166, 0, 0, 498, 498, 4, 11.66%, 0, 0, 2, 75.29
1575127171, 0, 0, 499, 499, 4, 11.66%, 0, 0, 2, 78.78
1575127181, 0, 0, 504, 504, 4, 11.66%, 0, 0, 2, 73.27
1575127192, 0, 0, 505, 505, 4, 11.67%, 0, 0, 2, 82.45
1575127197, 0, 0, 507, 507, 4, 11.67%, 0, 0, 2, 77.95
1575127207, 0, 0, 508, 508, 4, 11.67%, 0, 0, 2, 80.33
1575127217, 0, 0, 509, 509, 4, 11.67%, 0, 0, 2, 77.14
1575127222, 0, 0, 510, 510, 4, 11.67%, 0, 0, 2, 58.97
1575127227, 0, 0, 511, 511, 4, 11.67%, 0, 0, 2, 53.75
1575127232, 0, 0, 514, 514, 4, 11.67%, 0, 0, 2, 65.13
1575127238, 0, 0, 516, 516, 4, 11.67%, 0, 0, 2, 83.69
1575127243, 0, 0, 517, 517, 4, 11.67%, 0, 0, 2, 93.46
1575127248, 0, 0, 520, 520, 4, 11.67%, 0, 0, 2, 87.08
1575127253, 0, 0, 521, 521, 4, 11.67%, 0, 0, 2, 90.13
1575127258, 0, 0, 523, 523, 4, 11.67%, 0, 0, 2, 92.35
1575127273, 0, 0, 525, 525, 4, 11.67%, 0, 0, 2, 89.62
1575127278, 0, 0, 527, 527, 4, 11.68%, 0, 0, 2, 91.54
1575127283, 0, 0, 528, 528, 4, 11.68%, 0, 0, 2, 79.10
1575127288, 0, 0, 529, 529, 4, 11.68%, 0, 0, 2, 74.49
1575127293, 0, 0, 530, 530, 4, 11.68%, 0, 0, 2, 90.74
1575127298, 0, 0, 533, 533, 4, 11.68%, 0, 0, 2, 94.32
1575127304, 0, 0, 535, 535, 4, 11.68%, 0, 0, 2, 93.44
1575127309, 0, 0, 539, 539, 4, 11.68%, 0, 0, 2, 107.87
1575127314, 0, 0, 544, 544, 4, 11.69%, 0, 0, 2, 109.84
1575127319, 0, 0, 546, 546, 4, 11.69%, 0, 0, 2, 95.06
1575127324, 0, 0, 549, 549, 4, 11.69%, 0, 0, 2, 105.56
1575127329, 0, 0, 550, 550, 4, 11.69%, 0, 0, 2, 110.82
1575127334, 0, 0, 553, 553, 4, 11.71%, 0, 0, 2, 115.81
1575127340, 0, 0, 555, 555, 4, 11.71%, 0, 0, 2, 108.10
1575127345, 0, 0, 556, 556, 4, 11.71%, 0, 0, 2, 113.81
1575127350, 0, 0, 557, 557, 4, 11.71%, 0, 0, 2, 103.42
1575127360, 0, 0, 558, 558, 4, 11.71%, 0, 0, 2, 103.61
1575127365, 0, 0, 559, 559, 4, 11.71%, 0, 0, 2, 96.70
1575127370, 0, 0, 560, 560, 4, 11.71%, 0, 0, 2, 89.35
1575127375, 0, 0, 561, 561, 4, 11.71%, 0, 0, 2, 94.03
1575127380, 0, 0, 564, 564, 4, 11.71%, 0, 0, 2, 98.52
1575127385, 0, 0, 565, 565, 4, 11.71%, 0, 0, 2, 100.24
1575127391, 0, 0, 597, 596, 3, 12.08%, 0, 0, 2, 80.65
1575127396, 0, 0, 635, 634, 3, 12.34%, 0, 0, 2, 73.44
1575127401, 0, 0, 671, 670, 3, 12.82%, 0, 0, 2, 71.65
1575127406, 0, 0, 707, 706, 3, 12.91%, 0, 0, 2, 64.32
1575127411, 0, 0, 736, 735, 3, 13.04%, 0, 0, 2, 58.86
1575127416, 0, 0, 770, 769, 3, 13.10%, 0, 0, 2, 68.49
1575127421, 0, 0, 808, 807, 3, 13.15%, 0, 0, 2, 74.17
1575127426, 0, 0, 842, 841, 3, 13.26%, 0, 0, 2, 66.12
1575127431, 0, 0, 874, 873, 3, 13.30%, 0, 0, 2, 61.03
1575127436, 0, 0, 908, 907, 3, 13.33%, 0, 0, 2, 66.38
1575127441, 0, 0, 942, 941, 3, 13.35%, 0, 0, 2, 70.00
1575127447, 0, 0, 975, 974, 3, 13.37%, 0, 0, 2, 68.23
1575127452, 0, 0, 1008, 1007, 3, 13.40%, 0, 0, 2, 65.10
1575127457, 0, 0, 1042, 1041, 3, 13.48%, 0, 0, 2, 70.07
1575127462, 0, 0, 1076, 1075, 3, 13.48%, 0, 0, 2, 73.86
1575127467, 0, 0, 1113, 1112, 3, 13.54%, 0, 0, 2, 75.09
1575127472, 0, 0, 1142, 1141, 3, 13.56%, 0, 0, 2, 64.88
1575127477, 0, 0, 1170, 1169, 3, 13.58%, 0, 0, 2, 62.53
1575127482, 0, 0, 1201, 1200, 3, 13.69%, 0, 0, 2, 63.33
1575127488, 0, 0, 1211, 1210, 3, 13.69%, 0, 0, 2, 65.13
1575127493, 0, 0, 1219, 1218, 3, 13.69%, 0, 0, 2, 66.20
1575127498, 0, 0, 1224, 1223, 3, 13.70%, 0, 0, 2, 62.26
1575127503, 0, 0, 1228, 1227, 3, 13.70%, 0, 0, 2, 59.78
1575127508, 0, 0, 1231, 1230, 3, 13.71%, 0, 0, 2, 58.69
1575127513, 0, 0, 1241, 1240, 3, 13.71%, 0, 0, 2, 66.50
1575127518, 0, 0, 1249, 1248, 3, 13.72%, 0, 0, 2, 68.88
1575127523, 0, 0, 1254, 1253, 3, 13.72%, 0, 0, 2, 70.86
1575127529, 0, 0, 1265, 1264, 3, 13.72%, 0, 0, 2, 72.60
1575127534, 0, 0, 1275, 1274, 3, 13.73%, 0, 0, 2, 71.72
1575127539, 0, 0, 1280, 1279, 3, 13.73%, 0, 0, 2, 77.15
1575127544, 0, 0, 1282, 1281, 3, 13.74%, 0, 0, 2, 80.57
1575127549, 0, 0, 1285, 1284, 3, 13.74%, 0, 0, 2, 76.12
1575127554, 0, 0, 1289, 1288, 3, 13.74%, 0, 0, 2, 66.21
1575127559, 0, 0, 1292, 1291, 3, 13.74%, 0, 0, 2, 62.77
1575127564, 0, 0, 1294, 1293, 3, 13.74%, 0, 0, 2, 64.85
1575127569, 0, 0, 1296, 1295, 3, 13.75%, 0, 0, 2, 69.69
1575127574, 0, 0, 1299, 1298, 3, 13.75%, 0, 0, 2, 69.97
1575127579, 0, 0, 1301, 1300, 3, 13.75%, 0, 0, 2, 71.60
1575127584, 0, 0, 1303, 1302, 3, 13.75%, 0, 0, 2, 71.15
1575127590, 0, 0, 1309, 1308, 3, 13.75%, 0, 0, 2, 67.35
1575127595, 0, 0, 1315, 1314, 3, 13.75%, 0, 0, 2, 70.51
1575127600, 0, 0, 1323, 1322, 3, 13.75%, 0, 0, 2, 76.02
1575127605, 0, 0, 1329, 1328, 3, 13.75%, 0, 0, 2, 73.96
1575127610, 0, 0, 1334, 1333, 3, 13.75%, 0, 0, 2, 64.77
1575127615, 0, 0, 1338, 1337, 3, 13.75%, 0, 0, 2, 65.52
1575127620, 0, 0, 1340, 1339, 3, 13.75%, 0, 0, 2, 60.74
1575127625, 0, 0, 1347, 1346, 3, 13.75%, 0, 0, 2, 68.92
1575127630, 0, 1, 1357, 1356, 214, 13.75%, 0, 0, 2, 61.77
1575127646, 0, 1, 1360, 1359, 214, 13.76%, 0, 0, 2, 71.25
1575127666, 0, 1, 1361, 1360, 214, 13.76%, 0, 0, 2, 70.36
1575127691, 0, 1, 1362, 1361, 214, 13.76%, 0, 0, 2, 75.73
1575127860, 0, 1, 1363, 1362, 214, 13.76%, 0, 0, 2, 86.99
1575127875, 0, 1, 1364, 1363, 214, 13.76%, 0, 0, 2, 95.67
1575127885, 0, 1, 1365, 1364, 214, 13.76%, 0, 0, 2, 89.75
1575127910, 0, 1, 1366, 1365, 214, 13.76%, 0, 0, 2, 107.89
1575127915, 0, 1, 1367, 1366, 214, 13.76%, 0, 0, 2, 98.87
1575127941, 0, 1, 1368, 1367, 214, 13.76%, 0, 0, 2, 89.81
1575127977, 0, 1, 1369, 1368, 214, 13.76%, 0, 0, 2, 100.76
1575127992, 0, 1, 1370, 1369, 214, 13.76%, 0, 0, 2, 102.93
1575127997, 0, 1, 1371, 1370, 214, 13.77%, 0, 0, 2, 105.29
1575128043, 0, 11, 1371, 1369, 216, 13.77%, 0, 0, 2, 102.87
1575128068, 0, 19, 1371, 1368, 215, 13.77%, 0, 0, 2, 109.22
1575128308, 0, 25, 1371, 1367, 214, 13.77%, 0, 0, 2, 99.68
1575128379, 0, 38, 1371, 1366, 214, 13.77%, 0, 0, 2, 111.36
1575128471, 0, 38, 1372, 1367, 214, 13.77%, 0, 0, 3, 93.97
1575128481, 0, 38, 1373, 1368, 214, 13.77%, 0, 0, 3, 92.25
1575128501, 0, 38, 1374, 1369, 214, 13.77%, 0, 0, 3, 107.77
1575128613, 0, 38, 1375, 1370, 214, 13.77%, 0, 0, 3, 84.28
1575128619, 0, 38, 1376, 1371, 214, 13.77%, 0, 0, 3, 92.84
1575128649, 0, 38, 1395, 1389, 213, 13.82%, 0, 0, 3, 75.75
1575128654, 0, 38, 1424, 1418, 213, 13.86%, 0, 0, 3, 59.07
1575128659, 0, 38, 1452, 1446, 213, 13.89%, 0, 0, 3, 54.16
1575128664, 0, 38, 1474, 1468, 213, 13.94%, 0, 0, 3, 43.54
1575128670, 0, 38, 1502, 1496, 213, 13.97%, 0, 0, 3, 50.39
1575128675, 0, 38, 1530, 1524, 213, 13.98%, 0, 0, 3, 53.30
1575128680, 0, 38, 1559, 1553, 213, 14.03%, 0, 0, 3, 53.16
1575128685, 0, 38, 1592, 1586, 213, 14.06%, 0, 0, 3, 59.35
1575128690, 0, 38, 1621, 1615, 213, 14.11%, 0, 0, 3, 52.96
1575128695, 0, 38, 1649, 1643, 213, 14.11%, 0, 0, 3, 54.98
1575128700, 0, 38, 1680, 1674, 213, 14.17%, 0, 0, 3, 56.17
1575128705, 0, 38, 1711, 1705, 213, 14.19%, 0, 0, 3, 58.29
1575128711, 0, 38, 1739, 1733, 213, 14.25%, 0, 0, 3, 54.30
1575128716, 0, 38, 1768, 1762, 213, 14.26%, 0, 0, 3, 56.36
1575128721, 0, 38, 1803, 1797, 213, 14.32%, 0, 0, 3, 65.56
1575128726, 0, 38, 1837, 1831, 213, 14.34%, 0, 0, 3, 60.32
1575128731, 0, 38, 1868, 1862, 213, 14.35%, 0, 0, 3, 60.30
1575128736, 0, 38, 1900, 1894, 213, 14.39%, 0, 0, 3, 61.91
1575128741, 0, 38, 1934, 1928, 213, 14.39%, 0, 0, 3, 63.63
1575128746, 0, 38, 1954, 1948, 213, 14.40%, 0, 0, 3, 56.17
1575128752, 0, 38, 1966, 1960, 213, 14.40%, 0, 0, 3, 58.48
1575128757, 0, 38, 1976, 1970, 213, 14.40%, 0, 0, 3, 56.23
1575128762, 0, 38, 1991, 1985, 213, 14.41%, 0, 0, 3, 57.19
1575128767, 0, 38, 2008, 2002, 213, 14.41%, 0, 0, 3, 56.94
1575128772, 0, 38, 2016, 2010, 213, 14.43%, 0, 0, 3, 55.80
1575128777, 0, 38, 2021, 2015, 213, 14.43%, 0, 0, 3, 55.34
1575128782, 0, 38, 2026, 2020, 213, 14.43%, 0, 0, 3, 58.88
1575128787, 0, 38, 2033, 2027, 213, 14.43%, 0, 0, 3, 58.27
1575128792, 0, 38, 2039, 2033, 213, 14.45%, 0, 0, 3, 58.00
1575128797, 0, 38, 2046, 2040, 213, 14.46%, 0, 0, 3, 58.23
1575128803, 0, 38, 2047, 2041, 213, 14.46%, 0, 0, 3, 53.23
1575128808, 0, 38, 2049, 2043, 213, 14.46%, 0, 0, 3, 48.84
1575128818, 0, 38, 2051, 2045, 213, 14.47%, 0, 0, 3, 53.41
1575128823, 0, 38, 2053, 2047, 213, 14.48%, 0, 0, 3, 51.79
1575128838, 0, 38, 2054, 2048, 213, 14.48%, 0, 0, 3, 49.57
1575128844, 0, 38, 2056, 2050, 213, 14.48%, 0, 0, 3, 50.17
1575128854, 0, 38, 2060, 2054, 213, 14.49%, 0, 0, 3, 55.81
1575128859, 0, 40, 2061, 2055, 267, 14.49%, 0, 0, 3, 91.85
1575128940, 0, 45, 2061, 2054, 266, 14.49%, 0, 0, 3, 103.36
1575128996, 0, 49, 2061, 2053, 265, 14.49%, 0, 0, 3, 88.92
1575129099, 0, 49, 2062, 2054, 265, 14.49%, 0, 0, 3, 84.23
1575129409, 0, 49, 2063, 2055, 265, 14.49%, 0, 0, 3, 87.68
1575129429, 0, 81, 2063, 2054, 265, 14.49%, 0, 0, 3, 95.59
1575129887, 0, 84, 2063, 2053, 265, 14.49%, 0, 0, 3, 90.01
1575130350, 0, 84, 2064, 2053, 265, 14.49%, 0, 0, 3, 90.73
1575130355, 0, 84, 2092, 2081, 265, 14.62%, 0, 0, 3, 58.60
1575130360, 0, 84, 2124, 2113, 265, 14.69%, 0, 0, 3, 58.92
1575130365, 0, 84, 2152, 2141, 265, 14.70%, 0, 0, 3, 53.28
1575130370, 0, 84, 2182, 2171, 265, 14.72%, 0, 0, 3, 55.29
1575130376, 0, 84, 2209, 2198, 265, 14.73%, 0, 0, 3, 49.52
1575130381, 0, 84, 2240, 2229, 265, 14.74%, 0, 0, 3, 57.96
1575130386, 0, 84, 2271, 2260, 265, 14.82%, 0, 0, 3, 57.16
1575130391, 0, 84, 2298, 2287, 265, 14.84%, 0, 0, 3, 52.36
1575130396, 0, 84, 2325, 2314, 265, 14.85%, 0, 0, 3, 50.68
1575130401, 0, 84, 2349, 2338, 265, 15.07%, 0, 0, 3, 48.29
1575130406, 0, 84, 2376, 2365, 265, 15.09%, 0, 0, 3, 51.63
1575130412, 0, 84, 2404, 2393, 265, 15.10%, 0, 0, 3, 50.72
1575130417, 0, 84, 2435, 2424, 265, 15.12%, 0, 0, 3, 54.25
1575130422, 0, 84, 2466, 2455, 265, 15.15%, 0, 0, 3, 54.18
1575130427, 0, 84, 2495, 2484, 265, 15.19%, 0, 0, 3, 51.83
1575130432, 0, 84, 2522, 2511, 265, 15.20%, 0, 0, 3, 57.28
1575130437, 0, 84, 2550, 2539, 265, 15.21%, 0, 0, 3, 53.99
1575130442, 0, 84, 2574, 2563, 265, 15.22%, 0, 0, 3, 46.87
1575130447, 0, 84, 2596, 2585, 265, 15.22%, 0, 0, 3, 40.63
1575130452, 0, 84, 2608, 2597, 265, 15.22%, 0, 0, 3, 43.69
1575130458, 0, 84, 2621, 2610, 265, 15.23%, 0, 0, 3, 42.21
1575130463, 0, 84, 2633, 2622, 265, 15.23%, 0, 0, 3, 40.60
1575130468, 0, 84, 2642, 2631, 265, 15.23%, 0, 0, 3, 50.93
1575130473, 0, 84, 2654, 2643, 265, 15.24%, 0, 0, 3, 48.93
1575130478, 0, 84, 2663, 2652, 265, 15.24%, 0, 0, 3, 56.29
1575130483, 0, 84, 2664, 2653, 265, 15.24%, 0, 0, 3, 57.49
1575130488, 0, 84, 2667, 2656, 265, 15.24%, 0, 0, 3, 47.59
1575130493, 0, 84, 2672, 2661, 265, 15.24%, 0, 0, 3, 49.82
1575130498, 0, 84, 2675, 2664, 265, 15.24%, 0, 0, 3, 50.17
1575130503, 0, 84, 2678, 2667, 265, 15.24%, 0, 0, 3, 45.73
1575130508, 0, 84, 2684, 2673, 265, 15.25%, 0, 0, 3, 42.88
1575130514, 0, 84, 2689, 2678, 265, 15.25%, 0, 0, 3, 48.66
1575130519, 0, 84, 2690, 2679, 265, 15.25%, 0, 0, 3, 46.34
1575130524, 0, 84, 2692, 2681, 265, 15.25%, 0, 0, 3, 47.75
1575130529, 0, 84, 2694, 2683, 265, 15.25%, 0, 0, 3, 50.33
1575130534, 0, 84, 2695, 2684, 265, 15.25%, 0, 0, 3, 53.00
1575130539, 0, 84, 2697, 2686, 265, 15.25%, 0, 0, 3, 53.87
1575130544, 0, 84, 2698, 2687, 265, 15.25%, 0, 0, 3, 51.80
1575130549, 0, 84, 2699, 2688, 265, 15.25%, 0, 0, 3, 51.83
1575130554, 0, 84, 2703, 2692, 265, 15.25%, 0, 0, 3, 46.11
1575130560, 0, 84, 2705, 2694, 265, 15.26%, 0, 0, 3, 45.54
1575130565, 0, 93, 2706, 2695, 297, 15.26%, 0, 0, 3, 52.22
1575130580, 0, 93, 2707, 2696, 297, 15.26%, 0, 0, 3, 96.18
1575130860, 0, 98, 2707, 2695, 297, 15.26%, 0, 0, 3, 82.37
1575130870, 0, 98, 2708, 2696, 297, 15.26%, 0, 0, 3, 78.66
1575130875, 0, 98, 2709, 2697, 297, 15.26%, 0, 0, 3, 71.88
1575131201, 0, 98, 2710, 2698, 297, 15.26%, 0, 0, 3, 82.95
1575131252, 0, 102, 2710, 2697, 296, 15.26%, 0, 0, 3, 90.96
1575131430, 0, 109, 2710, 2696, 295, 15.26%, 0, 0, 3, 89.65
1575131822, 0, 109, 2711, 2697, 295, 15.26%, 0, 0, 3, 73.95
1575131888, 0, 117, 2711, 2696, 294, 15.26%, 0, 0, 3, 94.55
1575132356, 0, 117, 2733, 2717, 293, 15.36%, 0, 0, 3, 55.07
1575132361, 0, 117, 2755, 2739, 293, 15.41%, 0, 0, 3, 46.00
1575132367, 0, 117, 2776, 2760, 293, 15.43%, 0, 0, 3, 42.85
1575132372, 0, 117, 2801, 2785, 293, 15.48%, 0, 0, 3, 45.46
1575132377, 0, 117, 2825, 2809, 293, 15.54%, 0, 0, 3, 45.63
1575132382, 0, 117, 2846, 2830, 293, 15.55%, 0, 0, 3, 39.37
1575132387, 0, 117, 2868, 2852, 293, 15.58%, 0, 0, 3, 41.95
1575132392, 0, 117, 2889, 2873, 293, 15.67%, 0, 0, 3, 39.06
1575132397, 0, 117, 2916, 2900, 293, 15.67%, 0, 0, 3, 49.97
1575132402, 0, 117, 2939, 2923, 293, 15.68%, 0, 0, 3, 43.28
1575132407, 0, 117, 2958, 2942, 293, 15.69%, 0, 0, 3, 37.13
1575132413, 0, 117, 2976, 2960, 293, 15.70%, 0, 0, 3, 36.35
1575132418, 0, 117, 2996, 2980, 293, 15.72%, 0, 0, 3, 35.55
1575132423, 0, 117, 3017, 3001, 293, 15.73%, 0, 0, 3, 38.45
1575132428, 0, 117, 3040, 3024, 293, 15.74%, 0, 0, 3, 40.70
1575132433, 0, 117, 3061, 3045, 293, 15.74%, 0, 0, 3, 42.62
1575132438, 0, 117, 3082, 3066, 293, 15.76%, 0, 0, 3, 45.46
1575132444, 0, 117, 3105, 3089, 293, 15.77%, 0, 0, 3, 42.08
1575132449, 0, 117, 3124, 3108, 293, 15.81%, 0, 0, 3, 36.64
1575132454, 0, 117, 3146, 3130, 293, 15.81%, 0, 0, 3, 41.49
1575132459, 0, 117, 3165, 3149, 293, 15.81%, 0, 0, 3, 38.82
1575132464, 0, 117, 3189, 3173, 293, 15.82%, 0, 0, 3, 48.19
1575132469, 0, 117, 3212, 3196, 293, 15.83%, 0, 0, 3, 41.85
1575132474, 0, 117, 3237, 3221, 293, 15.83%, 0, 0, 3, 48.92
1575132479, 0, 117, 3261, 3245, 293, 15.84%, 0, 0, 3, 57.96
1575132484, 0, 117, 3269, 3253, 293, 15.84%, 0, 0, 3, 41.25
1575132490, 0, 117, 3282, 3266, 293, 15.84%, 0, 0, 3, 35.69
1575132495, 0, 117, 3292, 3276, 293, 15.85%, 0, 0, 3, 25.72
1575132500, 0, 117, 3301, 3285, 293, 15.85%, 0, 0, 3, 32.95
1575132505, 0, 117, 3316, 3300, 293, 15.85%, 0, 0, 3, 43.31
1575132510, 0, 117, 3328, 3312, 293, 15.88%, 0, 0, 3, 37.38
1575132515, 0, 117, 3339, 3323, 293, 15.89%, 0, 0, 3, 35.17
1575132520, 0, 117, 3349, 3333, 293, 15.89%, 0, 0, 3, 37.50
1575132525, 0, 117, 3360, 3344, 293, 15.89%, 0, 0, 3, 36.10
1575132530, 0, 117, 3367, 3351, 293, 15.89%, 0, 0, 3, 36.25
1575132535, 0, 117, 3373, 3357, 293, 15.89%, 0, 0, 3, 35.04
1575132541, 0, 117, 3381, 3365, 293, 15.90%, 0, 0, 3, 40.66
1575132546, 0, 117, 3386, 3370, 293, 15.90%, 0, 0, 3, 38.57
1575132551, 0, 117, 3392, 3376, 293, 15.90%, 0, 0, 3, 38.20
1575132556, 0, 117, 3399, 3383, 293, 15.90%, 0, 0, 3, 35.48
1575132561, 0, 117, 3405, 3389, 293, 15.90%, 0, 0, 3, 31.98
1575132566, 0, 117, 3408, 3392, 293, 15.90%, 0, 0, 3, 30.83
1575132571, 0, 117, 3410, 3394, 293, 15.90%, 0, 0, 3, 35.76
1575132576, 0, 117, 3412, 3396, 293, 15.90%, 0, 0, 3, 39.91
1575132582, 0, 117, 3416, 3400, 293, 15.90%, 0, 0, 3, 39.27
1575132587, 0, 117, 3421, 3405, 293, 15.90%, 0, 0, 3, 37.47
1575132592, 0, 117, 3427, 3411, 293, 15.90%, 0, 0, 3, 31.80
1575132597, 0, 117, 3430, 3414, 293, 15.90%, 0, 0, 3, 32.19
1575132602, 0, 117, 3432, 3416, 293, 15.90%, 0, 0, 3, 32.73
1575132607, 0, 117, 3435, 3419, 293, 15.90%, 0, 0, 3, 37.89
1575132612, 0, 117, 3438, 3422, 293, 15.90%, 0, 0, 3, 39.73
1575132617, 0, 117, 3439, 3423, 293, 15.90%, 0, 0, 3, 39.52
1575132623, 0, 117, 3443, 3427, 293, 15.90%, 0, 0, 3, 34.30
1575132628, 0, 117, 3445, 3429, 293, 15.90%, 0, 0, 3, 34.06
1575132633, 0, 117, 3447, 3431, 293, 15.90%, 0, 0, 3, 37.85
1575132638, 0, 117, 3450, 3434, 293, 15.90%, 0, 0, 3, 38.29
1575132643, 0, 117, 3452, 3436, 293, 15.90%, 0, 0, 3, 34.64
1575132648, 0, 117, 3455, 3439, 293, 15.90%, 0, 0, 3, 34.42
1575132653, 0, 117, 3458, 3442, 293, 15.90%, 0, 0, 3, 36.99
1575132664, 0, 117, 3460, 3444, 293, 15.90%, 0, 0, 3, 36.72
1575132669, 0, 117, 3461, 3445, 293, 15.90%, 0, 0, 3, 32.46
1575132674, 0, 117, 3463, 3447, 293, 15.91%, 0, 0, 3, 34.12
1575132684, 0, 117, 3466, 3450, 293, 15.91%, 0, 0, 3, 34.15
1575132689, 0, 139, 3469, 3453, 336, 15.91%, 0, 0, 3, 47.11
1575132704, 0, 139, 3470, 3454, 336, 15.94%, 0, 0, 3, 64.04
1575133178, 0, 141, 3470, 3453, 336, 15.94%, 0, 0, 3, 93.72
1575133617, 0, 141, 3471, 3454, 336, 15.94%, 0, 0, 3, 87.81
1575133673, 0, 157, 3471, 3453, 336, 15.94%, 0, 0, 3, 85.47
1575134080, 0, 161, 3471, 3452, 335, 15.94%, 0, 0, 3, 92.93
1575134090, 0, 161, 3472, 3453, 335, 15.94%, 0, 0, 3, 75.31
1575134538, 0, 161, 3473, 3454, 335, 15.94%, 0, 0, 3, 98.22
1575134569, 0, 179, 3473, 3453, 335, 15.94%, 0, 0, 3, 99.44
1575135037, 0, 179, 3474, 3454, 335, 15.94%, 0, 0, 3, 94.35
1575135083, 0, 179, 3492, 3471, 334, 16.13%, 0, 0, 3, 6.94
1575135088, 0, 179, 3515, 3494, 334, 16.16%, 0, 0, 3, 46.90
1575135093, 0, 179, 3541, 3520, 334, 16.23%, 0, 0, 3, 47.07
1575135098, 0, 179, 3565, 3544, 334, 16.25%, 0, 0, 3, 46.32
1575135103, 0, 179, 3588, 3567, 334, 16.29%, 0, 0, 3, 42.53
1575135108, 0, 179, 3609, 3588, 334, 16.31%, 0, 0, 3, 42.14
1575135113, 0, 179, 3632, 3611, 334, 16.31%, 0, 0, 3, 42.20
1575135118, 0, 179, 3653, 3632, 334, 16.33%, 0, 0, 3, 40.71
1575135124, 0, 179, 3680, 3659, 334, 16.34%, 0, 0, 3, 50.03
1575135129, 0, 179, 3703, 3682, 334, 16.34%, 0, 0, 3, 44.59
1575135134, 0, 179, 3725, 3704, 334, 16.35%, 0, 0, 3, 41.18
1575135139, 0, 179, 3749, 3728, 334, 16.36%, 0, 0, 3, 46.17
1575135144, 0, 179, 3770, 3749, 334, 16.36%, 0, 0, 3, 41.92
1575135149, 0, 179, 3796, 3775, 334, 16.37%, 0, 0, 3, 46.20
1575135154, 0, 179, 3821, 3800, 334, 16.38%, 0, 0, 3, 44.70
1575135159, 0, 179, 3849, 3828, 334, 16.39%, 0, 0, 3, 52.81
1575135165, 0, 179, 3873, 3852, 334, 16.39%, 0, 0, 3, 47.99
1575135170, 0, 179, 3894, 3873, 334, 16.39%, 0, 0, 3, 41.79
1575135175, 0, 179, 3918, 3897, 334, 16.40%, 0, 0, 3, 46.70
1575135180, 0, 179, 3941, 3920, 334, 16.43%, 0, 0, 3, 45.08
1575135185, 0, 179, 3963, 3942, 334, 16.44%, 0, 0, 3, 46.44
1575135190, 0, 179, 3970, 3949, 334, 16.44%, 0, 0, 3, 41.93
1575135195, 0, 179, 3976, 3955, 334, 16.44%, 0, 0, 3, 35.75
1575135200, 0, 179, 3987, 3966, 334, 16.44%, 0, 0, 3, 36.40
1575135205, 0, 179, 3997, 3976, 334, 16.44%, 0, 0, 3, 36.28
1575135211, 0, 179, 4009, 3988, 334, 16.44%, 0, 0, 3, 39.22
1575135216, 0, 179, 4020, 3999, 334, 16.44%, 0, 0, 3, 36.90
1575135221, 0, 179, 4024, 4003, 334, 16.44%, 0, 0, 3, 37.21
1575135226, 0, 179, 4027, 4006, 334, 16.45%, 0, 0, 3, 40.05
1575135231, 0, 179, 4030, 4009, 334, 16.45%, 0, 0, 3, 40.27
1575135236, 0, 179, 4037, 4016, 334, 16.46%, 0, 0, 3, 36.52
1575135241, 0, 179, 4044, 4023, 334, 16.46%, 0, 0, 3, 34.85
1575135247, 0, 179, 4050, 4029, 334, 16.46%, 0, 0, 3, 35.38
1575135252, 0, 179, 4054, 4033, 334, 16.46%, 0, 0, 3, 37.37
1575135257, 0, 179, 4057, 4036, 334, 16.46%, 0, 0, 3, 40.18
1575135262, 0, 179, 4061, 4040, 334, 16.46%, 0, 0, 3, 32.85
1575135267, 0, 179, 4065, 4044, 334, 16.46%, 0, 0, 3, 34.10
1575135272, 0, 179, 4070, 4049, 334, 16.46%, 0, 0, 3, 37.92
1575135278, 0, 179, 4072, 4051, 334, 16.46%, 0, 0, 3, 41.60
1575135283, 0, 179, 4074, 4053, 334, 16.46%, 0, 0, 3, 46.33
1575135293, 0, 179, 4077, 4056, 334, 16.46%, 0, 0, 3, 40.94
1575135298, 0, 179, 4078, 4057, 334, 16.46%, 0, 0, 3, 42.67
1575135303, 0, 179, 4081, 4060, 334, 16.48%, 0, 0, 3, 43.56
1575135308, 0, 179, 4083, 4062, 334, 16.51%, 0, 0, 3, 41.71
1575135313, 0, 179, 4086, 4065, 334, 16.51%, 0, 0, 3, 40.75
1575135318, 0, 179, 4088, 4067, 334, 16.51%, 0, 0, 3, 41.99
1575135323, 0, 179, 4089, 4068, 334, 16.51%, 0, 0, 3, 43.33
1575135329, 0, 179, 4090, 4069, 334, 16.51%, 0, 0, 3, 44.10
1575135334, 0, 181, 4092, 4071, 374, 16.51%, 0, 0, 3, 65.55
1575135369, 0, 181, 4093, 4072, 374, 16.51%, 0, 0, 3, 72.83
1575135828, 0, 188, 4093, 4071, 374, 16.51%, 0, 0, 3, 94.54
1575136215, 0, 193, 4093, 4070, 373, 16.51%, 0, 0, 3, 71.07
1575136730, 0, 203, 4093, 4069, 373, 16.51%, 0, 0, 3, 77.13
1575136807, 0, 207, 4093, 4068, 373, 16.51%, 0, 0, 3, 83.48
1575137318, 0, 207, 4095, 4069, 372, 16.53%, 0, 0, 3, 89.77
1575137323, 0, 207, 4119, 4093, 372, 16.65%, 0, 0, 3, 53.75
1575137328, 0, 207, 4143, 4117, 372, 16.66%, 0, 0, 3, 44.89
1575137333, 0, 207, 4167, 4141, 372, 16.67%, 0, 0, 3, 45.35
1575137338, 0, 207, 4186, 4160, 372, 16.69%, 0, 0, 3, 37.87
1575137343, 0, 207, 4204, 4178, 372, 16.74%, 0, 0, 3, 38.12
1575137348, 0, 207, 4225, 4199, 372, 16.76%, 0, 0, 3, 37.52
1575137353, 0, 207, 4245, 4219, 372, 16.78%, 0, 0, 3, 41.66
1575137358, 0, 207, 4270, 4244, 372, 16.82%, 0, 0, 3, 43.62
1575137363, 0, 207, 4292, 4266, 372, 16.84%, 0, 0, 3, 39.76
1575137369, 0, 207, 4312, 4286, 372, 16.84%, 0, 0, 3, 38.31
1575137374, 0, 207, 4334, 4308, 372, 16.85%, 0, 0, 3, 39.97
1575137379, 0, 207, 4354, 4328, 372, 16.85%, 0, 0, 3, 41.56
1575137384, 0, 207, 4376, 4350, 372, 16.86%, 0, 0, 3, 39.88
1575137389, 0, 207, 4399, 4373, 372, 16.86%, 0, 0, 3, 43.82
1575137394, 0, 207, 4421, 4395, 372, 16.87%, 0, 0, 3, 41.35
1575137399, 0, 207, 4444, 4418, 372, 16.87%, 0, 0, 3, 43.93
1575137404, 0, 207, 4466, 4440, 372, 16.88%, 0, 0, 3, 43.07
1575137409, 0, 207, 4477, 4451, 372, 16.88%, 0, 0, 3, 36.06
1575137414, 0, 207, 4490, 4464, 372, 16.89%, 0, 0, 3, 38.83
1575137419, 0, 207, 4502, 4476, 372, 16.89%, 0, 0, 3, 34.54
1575137425, 0, 207, 4511, 4485, 372, 16.89%, 0, 0, 3, 38.77
1575137430, 0, 207, 4523, 4497, 372, 16.89%, 0, 0, 3, 40.00
1575137435, 0, 207, 4534, 4508, 372, 17.15%, 0, 0, 3, 38.18
1575137440, 0, 207, 4537, 4511, 372, 17.15%, 0, 0, 3, 42.32
1575137445, 0, 207, 4542, 4516, 372, 17.15%, 0, 0, 3, 40.72
1575137450, 0, 207, 4549, 4523, 372, 17.15%, 0, 0, 3, 39.75
1575137455, 0, 207, 4553, 4527, 372, 17.15%, 0, 0, 3, 38.78
1575137460, 0, 207, 4558, 4532, 372, 17.15%, 0, 0, 3, 40.68
1575137465, 0, 207, 4560, 4534, 372, 17.15%, 0, 0, 3, 41.60
1575137471, 0, 207, 4564, 4538, 372, 17.15%, 0, 0, 3, 37.38
1575137476, 0, 207, 4567, 4541, 372, 17.15%, 0, 0, 3, 31.73
1575137481, 0, 207, 4570, 4544, 372, 17.16%, 0, 0, 3, 34.67
1575137486, 0, 207, 4571, 4545, 372, 17.16%, 0, 0, 3, 39.95
1575137491, 0, 207, 4572, 4546, 372, 17.16%, 0, 0, 3, 40.53
1575137496, 0, 207, 4574, 4548, 372, 17.16%, 0, 0, 3, 40.17
1575137501, 0, 207, 4575, 4549, 372, 17.16%, 0, 0, 3, 41.90
1575137506, 0, 207, 4577, 4551, 372, 17.16%, 0, 0, 3, 42.44
1575137512, 0, 207, 4579, 4553, 372, 17.16%, 0, 0, 3, 36.86
1575137517, 0, 207, 4580, 4554, 372, 17.16%, 0, 0, 3, 38.82
1575137522, 0, 207, 4584, 4558, 372, 17.16%, 0, 0, 3, 36.69
1575137527, 0, 211, 4586, 4560, 398, 17.16%, 0, 0, 3, 49.44
1575137654, 0, 212, 4586, 4559, 397, 17.16%, 0, 0, 3, 102.60
1575137771, 0, 214, 4586, 4558, 396, 17.16%, 0, 0, 3, 88.43
1575138318, 0, 222, 4586, 4557, 395, 17.16%, 0, 0, 3, 85.55
1575138797, 0, 228, 4586, 4556, 394, 17.16%, 0, 0, 3, 83.43
1575139292, 0, 228, 4597, 4566, 393, 17.50%, 0, 0, 3, 58.90
1575139297, 0, 228, 4613, 4582, 393, 17.54%, 0, 0, 3, 39.94
1575139302, 0, 228, 4631, 4600, 393, 17.61%, 0, 0, 3, 33.75
1575139307, 0, 228, 4651, 4620, 393, 17.63%, 0, 0, 3, 35.13
1575139312, 0, 228, 4670, 4639, 393, 17.66%, 0, 0, 3, 36.90
1575139317, 0, 228, 4686, 4655, 393, 17.67%, 0, 0, 3, 30.42
1575139322, 0, 228, 4708, 4677, 393, 17.67%, 0, 0, 3, 36.87
1575139328, 0, 228, 4726, 4695, 393, 17.68%, 0, 0, 3, 34.41
1575139333, 0, 228, 4742, 4711, 393, 17.68%, 0, 0, 3, 34.94
1575139338, 0, 228, 4762, 4731, 393, 17.68%, 0, 0, 3, 36.55
1575139343, 0, 228, 4780, 4749, 393, 17.70%, 0, 0, 3, 36.41
1575139348, 0, 228, 4798, 4767, 393, 17.70%, 0, 0, 3, 37.20
1575139353, 0, 228, 4819, 4788, 393, 17.71%, 0, 0, 3, 34.62
1575139358, 0, 228, 4837, 4806, 393, 17.72%, 0, 0, 3, 35.78
1575139364, 0, 228, 4853, 4822, 393, 17.72%, 0, 0, 3, 32.74
1575139369, 0, 228, 4870, 4839, 393, 17.73%, 0, 0, 3, 34.22
1575139374, 0, 228, 4881, 4850, 393, 17.73%, 0, 0, 3, 32.03
1575139379, 0, 228, 4892, 4861, 393, 17.73%, 0, 0, 3, 31.76
1575139384, 0, 228, 4904, 4873, 393, 17.73%, 0, 0, 3, 30.73
1575139389, 0, 228, 4915, 4884, 393, 17.73%, 0, 0, 3, 31.33
1575139394, 0, 228, 4929, 4898, 393, 17.74%, 0, 0, 3, 32.20
1575139399, 0, 228, 4942, 4911, 393, 17.74%, 0, 0, 3, 30.75
1575139405, 0, 228, 4958, 4927, 393, 17.74%, 0, 0, 3, 29.24
1575139410, 0, 228, 4971, 4940, 393, 17.76%, 0, 0, 3, 30.53
1575139415, 0, 228, 4979, 4948, 393, 17.76%, 0, 0, 3, 27.45
1575139420, 0, 228, 4985, 4954, 393, 17.76%, 0, 0, 3, 28.83
1575139425, 0, 228, 4992, 4961, 393, 17.76%, 0, 0, 3, 29.14
1575139430, 0, 228, 4998, 4967, 393, 17.76%, 0, 0, 3, 28.17
1575139435, 0, 228, 5004, 4973, 393, 17.76%, 0, 0, 3, 26.69
1575139440, 0, 228, 5009, 4978, 393, 17.76%, 0, 0, 3, 28.71
1575139445, 0, 228, 5012, 4981, 393, 17.76%, 0, 0, 3, 28.54
1575139451, 0, 228, 5013, 4982, 393, 17.76%, 0, 0, 3, 25.81
1575139456, 0, 228, 5017, 4986, 393, 17.77%, 0, 0, 3, 29.37
1575139461, 0, 228, 5023, 4992, 393, 17.77%, 0, 0, 3, 29.14
1575139466, 0, 228, 5027, 4996, 393, 17.77%, 0, 0, 3, 31.19
1575139471, 0, 228, 5032, 5001, 393, 17.77%, 0, 0, 3, 30.53
1575139476, 0, 228, 5036, 5005, 393, 17.77%, 0, 0, 3, 27.24
1575139481, 0, 228, 5039, 5008, 393, 17.77%, 0, 0, 3, 33.22
1575139486, 0, 228, 5042, 5011, 393, 17.77%, 0, 0, 3, 32.22
1575139491, 0, 228, 5044, 5013, 393, 17.77%, 0, 0, 3, 31.31
1575139496, 0, 228, 5049, 5018, 393, 17.77%, 0, 0, 3, 30.30
1575139501, 0, 228, 5051, 5020, 393, 17.77%, 0, 0, 3, 33.69
1575139507, 0, 228, 5054, 5023, 393, 17.77%, 0, 0, 3, 29.25
1575139512, 0, 228, 5056, 5025, 393, 17.78%, 0, 0, 3, 30.40
1575139517, 0, 228, 5060, 5029, 393, 17.78%, 0, 0, 3, 28.94
1575139522, 0, 228, 5062, 5031, 393, 17.78%, 0, 0, 3, 30.50
1575139527, 0, 228, 5063, 5032, 393, 17.78%, 0, 0, 3, 30.85
1575139532, 0, 228, 5069, 5038, 393, 17.78%, 0, 0, 3, 29.32
1575139537, 0, 239, 5070, 5039, 422, 17.78%, 0, 0, 3, 63.29
1575140058, 0, 245, 5070, 5038, 421, 17.78%, 0, 0, 3, 89.05
1575140492, 0, 245, 5071, 5039, 421, 17.78%, 0, 0, 3, 68.74
1575140579, 0, 248, 5071, 5038, 420, 17.78%, 0, 0, 3, 89.60
1575140853, 0, 249, 5071, 5037, 420, 17.78%, 0, 0, 3, 87.84
1575141390, 0, 257, 5071, 5036, 419, 17.78%, 0, 0, 3, 73.32
