# unix_time, cycles_done, cur_path, paths_total, pending_total, pending_favs, map_size, unique_crashes, unique_hangs, max_depth, execs_per_sec
1575114337, 0, 0, 1, 1, 1, 7.00%, 0, 0, 1, 96.39
1575114342, 0, 0, 60, 60, 1, 7.92%, 0, 0, 2, 119.50
1575114347, 0, 0, 101, 101, 1, 8.08%, 0, 0, 2, 113.94
1575114352, 0, 0, 136, 136, 1, 8.43%, 0, 0, 2, 113.41
1575114357, 0, 0, 166, 166, 1, 8.63%, 0, 0, 2, 129.47
1575114363, 0, 0, 187, 187, 1, 8.65%, 0, 0, 2, 128.46
1575114368, 0, 0, 204, 204, 1, 8.69%, 0, 0, 2, 109.93
1575114373, 0, 0, 219, 219, 1, 8.89%, 0, 0, 2, 114.28
1575114378, 0, 0, 227, 227, 1, 8.90%, 0, 0, 2, 112.24
1575114383, 0, 0, 241, 241, 1, 9.11%, 0, 0, 2, 98.92
1575114388, 0, 0, 250, 250, 1, 9.12%, 0, 0, 2, 104.51
1575114393, 0, 0, 261, 261, 1, 9.20%, 0, 0, 2, 119.09
1575114398, 0, 0, 269, 269, 1, 9.21%, 0, 0, 2, 108.36
1575114403, 0, 0, 274, 274, 1, 9.21%, 0, 0, 2, 97.95
1575114408, 0, 0, 287, 287, 1, 9.26%, 0, 0, 2, 110.66
1575114414, 0, 0, 294, 294, 1, 9.26%, 0, 0, 2, 117.44
1575114419, 0, 0, 302, 302, 1, 9.28%, 0, 0, 2, 104.29
1575114424, 0, 0, 312, 312, 1, 9.29%, 0, 0, 2, 99.00
1575114429, 0, 0, 318, 318, 1, 9.29%, 0, 0, 2, 105.10
1575114434, 0, 0, 323, 323, 1, 9.29%, 0, 0, 2, 114.07
1575114439, 0, 0, 325, 325, 1, 9.29%, 0, 0, 2, 107.89
1575114444, 0, 0, 359, 358, 0, 9.60%, 0, 0, 2, 88.04
1575114449, 0, 0, 400, 399, 0, 9.98%, 0, 0, 2, 82.80
1575114455, 0, 0, 445, 444, 0, 10.04%, 0, 0, 2, 87.58
1575114460, 0, 0, 486, 485, 0, 10.10%, 0, 0, 2, 82.75
1575114465, 0, 0, 523, 522, 0, 10.13%, 0, 0, 2, 78.72
1575114470, 0, 0, 563, 562, 0, 10.15%, 0, 0, 2, 85.21
1575114475, 0, 0, 605, 604, 0, 10.30%, 0, 0, 2, 99.68
1575114480, 0, 0, 638, 637, 0, 10.43%, 0, 0, 2, 91.84
1575114485, 0, 0, 667, 666, 0, 10.46%, 0, 0, 2, 92.18
1575114490, 0, 0, 681, 680, 0, 10.49%, 0, 0, 2, 86.85
1575114495, 0, 0, 693, 692, 0, 10.51%, 0, 0, 2, 90.50
1575114501, 0, 0, 701, 700, 0, 10.51%, 0, 0, 2, 94.15
1575114506, 0, 0, 707, 706, 0, 10.51%, 0, 0, 2, 95.23
1575114511, 0, 0, 714, 713, 0, 10.52%, 0, 0, 2, 89.16
1575114516, 0, 0, 725, 724, 0, 10.53%, 0, 0, 2, 87.03
1575114521, 0, 0, 732, 731, 0, 10.53%, 0, 0, 2, 77.48
1575114526, 0, 0, 737, 736, 0, 10.53%, 0, 0, 2, 75.42
1575114531, 0, 0, 742, 741, 0, 10.53%, 0, 0, 2, 80.70
1575114536, 0, 24, 749, 748, 141, 10.53%, 0, 0, 2, 95.07
1575114541, 0, 35, 749, 747, 140, 10.53%, 0, 0, 2, 105.09
1575114546, 0, 35, 751, 749, 140, 10.53%, 0, 0, 3, 113.39
1575114551, 0, 67, 754, 751, 140, 10.53%, 0, 0, 3, 91.77
1575114557, 0, 67, 760, 757, 140, 10.54%, 0, 0, 3, 92.53
1575114562, 0, 67, 766, 763, 140, 10.54%, 0, 0, 3, 106.17
1575114567, 0, 108, 767, 762, 140, 10.54%, 0, 0, 3, 107.91
1575114572, 0, 108, 783, 777, 140, 10.55%, 0, 0, 3, 107.99
1575114577, 0, 114, 797, 791, 144, 10.57%, 0, 0, 3, 98.89
1575114582, 0, 116, 797, 790, 143, 10.57%, 0, 0, 3, 100.99
1575114587, 0, 125, 799, 791, 142, 10.57%, 0, 0, 3, 111.50
1575114592, 0, 131, 802, 793, 142, 10.57%, 0, 0, 3, 133.72
1575114597, 0, 146, 802, 792, 142, 10.57%, 0, 0, 3, 122.30
1575114603, 0, 146, 824, 813, 141, 10.59%, 0, 0, 3, 90.84
1575114608, 0, 147, 824, 813, 144, 10.59%, 0, 0, 3, 104.33
1575114613, 0, 148, 824, 812, 143, 10.59%, 0, 0, 3, 110.05
1575114618, 0, 157, 825, 812, 142, 10.59%, 0, 0, 3, 112.57
1575114623, 0, 178, 826, 811, 140, 10.59%, 0, 0, 3, 110.88
1575114628, 0, 178, 847, 831, 139, 10.63%, 0, 0, 3, 105.84
1575114633, 0, 184, 848, 831, 143, 10.63%, 0, 0, 3, 114.23
1575114638, 0, 184, 849, 832, 143, 10.63%, 0, 0, 3, 101.68
1575114643, 0, 199, 849, 831, 142, 10.63%, 0, 0, 3, 108.66
1575114648, 0, 212, 849, 830, 141, 10.63%, 0, 0, 3, 109.72
1575114653, 0, 214, 849, 829, 140, 10.63%, 0, 0, 3, 97.61
1575114664, 0, 214, 859, 838, 139, 10.64%, 0, 0, 3, 100.31
1575114669, 0, 219, 871, 850, 144, 10.67%, 0, 0, 3, 98.27
1575114674, 0, 239, 872, 850, 143, 10.67%, 0, 0, 3, 108.47
1575114679, 0, 239, 873, 851, 143, 10.67%, 0, 0, 3, 100.92
1575114684, 0, 239, 874, 852, 143, 10.67%, 0, 0, 3, 112.41
1575114694, 0, 257, 874, 851, 143, 10.67%, 0, 0, 3, 118.14
1575114709, 0, 264, 876, 851, 142, 10.68%, 0, 0, 3, 113.89
1575114714, 0, 264, 885, 859, 141, 10.70%, 0, 0, 3, 96.55
1575114719, 0, 264, 904, 878, 141, 10.77%, 0, 0, 3, 73.01
1575114725, 0, 288, 911, 885, 144, 10.78%, 0, 0, 3, 90.56
1575114730, 0, 288, 912, 886, 144, 10.78%, 0, 0, 3, 112.93
1575114740, 0, 305, 913, 886, 145, 10.78%, 0, 0, 3, 119.65
1575114745, 0, 305, 915, 888, 145, 10.78%, 0, 0, 3, 116.27
1575114750, 0, 305, 920, 893, 145, 10.78%, 0, 0, 3, 106.78
1575114755, 0, 306, 920, 892, 145, 10.78%, 0, 0, 3, 107.11
1575114765, 0, 324, 920, 891, 144, 10.78%, 0, 0, 3, 112.82
1575114770, 0, 327, 920, 890, 143, 10.78%, 0, 0, 3, 108.67
1575114776, 0, 327, 938, 907, 142, 10.81%, 0, 0, 3, 97.07
1575114781, 0, 327, 952, 921, 142, 10.84%, 0, 0, 3, 88.08
1575114786, 0, 330, 954, 923, 145, 10.84%, 0, 0, 3, 90.48
1575114791, 0, 330, 958, 927, 145, 10.84%, 0, 0, 3, 89.74
1575114801, 0, 330, 960, 929, 145, 10.84%, 0, 0, 3, 111.09
1575114806, 0, 330, 961, 930, 145, 10.84%, 0, 0, 3, 109.31
1575114811, 0, 330, 964, 933, 145, 10.84%, 0, 0, 3, 92.55
1575114821, 0, 330, 966, 935, 145, 10.85%, 0, 0, 3, 107.78
1575114826, 0, 330, 967, 936, 145, 10.85%, 0, 0, 3, 119.22
1575114831, 0, 330, 969, 938, 145, 10.85%, 0, 0, 3, 104.98
1575114837, 0, 340, 969, 937, 146, 10.85%, 0, 0, 3, 103.88
1575114847, 0, 346, 969, 936, 145, 10.85%, 0, 0, 3, 106.74
1575114852, 0, 349, 969, 935, 145, 10.85%, 0, 0, 3, 109.94
1575114857, 0, 358, 969, 934, 144, 10.85%, 0, 0, 3, 94.29
1575114867, 0, 358, 995, 959, 144, 10.87%, 0, 0, 3, 79.70
1575114872, 0, 358, 1010, 974, 144, 10.87%, 0, 0, 3, 65.91
1575114877, 0, 368, 1017, 981, 143, 10.88%, 0, 0, 3, 73.91
1575114882, 0, 368, 1018, 982, 143, 10.88%, 0, 0, 3, 88.09
1575114887, 0, 368, 1019, 983, 143, 10.88%, 0, 0, 3, 87.34
1575114893, 0, 380, 1019, 982, 142, 10.88%, 0, 0, 3, 85.08
1575114903, 0, 380, 1021, 984, 142, 10.88%, 0, 0, 3, 94.29
1575114908, 0, 382, 1021, 983, 141, 10.88%, 0, 0, 3, 102.17
1575114913, 0, 382, 1022, 984, 141, 10.88%, 0, 0, 3, 106.59
1575114918, 0, 383, 1022, 983, 140, 10.88%, 0, 0, 3, 107.47
1575114928, 0, 384, 1022, 982, 139, 10.88%, 0, 0, 3, 105.58
1575114934, 0, 384, 1027, 987, 139, 10.89%, 0, 0, 3, 91.92
1575114939, 0, 384, 1029, 989, 139, 10.89%, 0, 0, 3, 89.89
1575114949, 0, 384, 1030, 990, 139, 10.93%, 0, 0, 3, 99.24
1575114959, 0, 384, 1031, 991, 139, 10.93%, 0, 0, 3, 104.57
1575114964, 0, 384, 1032, 992, 139, 10.93%, 0, 0, 3, 108.34
1575114969, 0, 384, 1033, 993, 139, 10.93%, 0, 0, 3, 96.07
1575114980, 0, 384, 1034, 994, 139, 10.93%, 0, 0, 3, 103.84
1575114990, 0, 384, 1035, 995, 139, 10.93%, 0, 0, 3, 94.86
1575115005, 0, 384, 1070, 1029, 138, 10.98%, 0, 0, 3, 76.21
1575115010, 0, 384, 1111, 1070, 138, 11.04%, 0, 0, 3, 73.73
1575115015, 0, 384, 1133, 1092, 138, 11.04%, 0, 0, 3, 72.14
1575115020, 0, 384, 1140, 1099, 138, 11.05%, 0, 0, 3, 70.03
1575115026, 0, 387, 1140, 1099, 156, 11.05%, 0, 0, 3, 85.19
1575115036, 0, 390, 1140, 1098, 155, 11.05%, 0, 0, 3, 101.54
1575115046, 0, 397, 1140, 1097, 154, 11.05%, 0, 0, 3, 94.87
1575115061, 0, 407, 1140, 1095, 152, 11.05%, 0, 0, 3, 110.46
1575115071, 0, 407, 1141, 1095, 151, 11.05%, 0, 0, 3, 113.67
1575115076, 0, 407, 1183, 1137, 151, 11.07%, 0, 0, 3, 93.80
1575115081, 0, 418, 1184, 1138, 155, 11.07%, 0, 0, 3, 104.24
1575115092, 0, 419, 1185, 1138, 154, 11.07%, 0, 0, 3, 100.70
1575115097, 0, 419, 1186, 1139, 154, 11.07%, 0, 0, 3, 106.72
1575115107, 0, 422, 1188, 1140, 153, 11.07%, 0, 0, 3, 98.03
1575115112, 0, 449, 1189, 1140, 152, 11.07%, 0, 0, 3, 107.48
1575115122, 0, 460, 1189, 1139, 151, 11.07%, 0, 0, 3, 122.97
1575115127, 0, 460, 1203, 1152, 150, 11.22%, 0, 0, 3, 90.23
1575115132, 0, 462, 1208, 1157, 152, 11.23%, 0, 0, 3, 93.69
1575115137, 0, 462, 1211, 1160, 152, 11.23%, 0, 0, 3, 103.48
1575115142, 0, 462, 1212, 1161, 152, 11.23%, 0, 0, 3, 106.78
1575115148, 0, 462, 1213, 1162, 152, 11.23%, 0, 0, 3, 102.67
1575115153, 0, 462, 1216, 1165, 152, 11.24%, 0, 0, 3, 96.71
1575115158, 0, 462, 1217, 1166, 152, 11.24%, 0, 0, 3, 91.36
1575115168, 0, 462, 1219, 1168, 152, 11.24%, 0, 0, 3, 98.05
1575115173, 0, 462, 1220, 1169, 152, 11.25%, 0, 0, 3, 96.40
1575115183, 0, 462, 1221, 1170, 152, 11.25%, 0, 0, 3, 110.49
1575115193, 0, 462, 1222, 1171, 152, 11.25%, 0, 0, 3, 91.73
1575115198, 0, 462, 1223, 1172, 152, 11.25%, 0, 0, 3, 94.74
1575115203, 0, 462, 1228, 1177, 152, 11.25%, 0, 0, 3, 104.79
1575115208, 0, 462, 1232, 1181, 152, 11.25%, 0, 0, 3, 101.24
1575115213, 0, 471, 1233, 1181, 158, 11.25%, 0, 0, 3, 94.03
1575115218, 0, 473, 1233, 1180, 157, 11.25%, 0, 0, 3, 95.73
1575115223, 0, 491, 1234, 1180, 157, 11.26%, 0, 0, 3, 105.64
1575115228, 0, 491, 1235, 1181, 157, 11.26%, 0, 0, 3, 108.07
1575115234, 0, 494, 1235, 1180, 156, 11.26%, 0, 0, 3, 98.70
1575115239, 0, 494, 1249, 1193, 155, 11.26%, 0, 0, 3, 92.48
1575115244, 0, 494, 1284, 1228, 155, 11.29%, 0, 0, 3, 86.11
1575115249, 0, 500, 1284, 1228, 156, 11.29%, 0, 0, 3, 89.30
1575115254, 0, 504, 1285, 1228, 155, 11.29%, 0, 0, 3, 91.33
1575115259, 0, 517, 1285, 1227, 154, 11.29%, 0, 0, 3, 89.98
1575115269, 0, 519, 1285, 1226, 154, 11.29%, 0, 0, 3, 110.08
1575115274, 0, 524, 1285, 1225, 153, 11.29%, 0, 0, 3, 118.33
1575115285, 0, 524, 1304, 1243, 153, 11.29%, 0, 0, 3, 90.61
1575115290, 0, 524, 1341, 1280, 153, 11.30%, 0, 0, 3, 77.19
1575115295, 0, 547, 1345, 1284, 154, 11.30%, 0, 0, 3, 92.70
1575115305, 0, 558, 1346, 1284, 153, 11.30%, 0, 0, 3, 97.82
1575115310, 0, 570, 1347, 1284, 152, 11.30%, 0, 0, 3, 113.18
1575115315, 0, 586, 1347, 1283, 151, 11.30%, 0, 0, 3, 110.41
1575115320, 0, 588, 1351, 1285, 149, 11.30%, 0, 0, 3, 106.83
1575115325, 0, 606, 1361, 1295, 150, 11.30%, 0, 0, 3, 80.05
1575115330, 0, 606, 1363, 1297, 150, 11.32%, 0, 0, 3, 95.59
1575115336, 0, 606, 1364, 1298, 150, 11.32%, 0, 0, 3, 107.89
1575115346, 0, 606, 1365, 1299, 150, 11.32%, 0, 0, 3, 94.02
1575115356, 0, 606, 1366, 1300, 150, 11.33%, 0, 0, 3, 106.76
1575115381, 0, 606, 1367, 1301, 150, 11.33%, 0, 0, 3, 93.73
1575115386, 0, 606, 1368, 1302, 150, 11.33%, 0, 0, 3, 102.70
1575115396, 0, 607, 1368, 1301, 150, 11.33%, 0, 0, 3, 107.47
1575115402, 0, 611, 1368, 1300, 149, 11.33%, 0, 0, 3, 104.22
1575115412, 0, 617, 1368, 1299, 148, 11.33%, 0, 0, 3, 102.03
1575115422, 0, 621, 1368, 1298, 147, 11.33%, 0, 0, 3, 95.62
1575115432, 0, 621, 1385, 1314, 146, 11.33%, 0, 0, 3, 99.21
1575115437, 0, 621, 1421, 1350, 146, 11.35%, 0, 0, 3, 77.28
1575115442, 0, 621, 1424, 1353, 146, 11.35%, 0, 0, 3, 63.96
1575115447, 0, 639, 1425, 1354, 153, 11.35%, 0, 0, 3, 98.18
1575115452, 0, 640, 1426, 1354, 152, 11.36%, 0, 0, 3, 109.46
1575115457, 0, 641, 1427, 1354, 152, 11.36%, 0, 0, 3, 95.74
1575115468, 0, 642, 1427, 1353, 152, 11.36%, 0, 0, 3, 102.06
1575115473, 0, 649, 1427, 1352, 152, 11.36%, 0, 0, 3, 111.61
1575115478, 0, 649, 1429, 1354, 152, 11.36%, 0, 0, 3, 99.69
1575115483, 0, 649, 1431, 1356, 152, 11.36%, 0, 0, 3, 92.64
1575115488, 0, 649, 1451, 1375, 151, 11.38%, 0, 0, 3, 87.00
1575115493, 0, 653, 1453, 1377, 157, 11.38%, 0, 0, 3, 91.65
1575115498, 0, 657, 1453, 1376, 156, 11.38%, 0, 0, 3, 109.44
1575115503, 0, 657, 1454, 1377, 156, 11.38%, 0, 0, 3, 107.05
1575115508, 0, 660, 1455, 1377, 156, 11.38%, 0, 0, 3, 108.67
1575115518, 0, 664, 1455, 1376, 157, 11.38%, 0, 0, 3, 113.91
1575115523, 0, 667, 1455, 1375, 156, 11.38%, 0, 0, 3, 97.83
1575115533, 0, 667, 1468, 1387, 155, 11.40%, 0, 0, 3, 90.28
1575115539, 0, 678, 1469, 1387, 156, 11.40%, 0, 0, 3, 112.83
1575115549, 0, 687, 1469, 1386, 155, 11.40%, 0, 0, 3, 105.83
1575115554, 0, 688, 1469, 1385, 154, 11.40%, 0, 0, 3, 93.19
1575115559, 0, 690, 1469, 1384, 153, 11.40%, 0, 0, 3, 95.95
1575115569, 0, 690, 1486, 1400, 152, 11.40%, 0, 0, 3, 84.50
1575115574, 0, 694, 1490, 1404, 153, 11.40%, 0, 0, 3, 93.31
1575115579, 0, 694, 1491, 1405, 153, 11.40%, 0, 0, 3, 101.27
1575115584, 0, 712, 1491, 1404, 153, 11.40%, 0, 0, 3, 97.67
1575115589, 0, 743, 1492, 1404, 152, 11.40%, 0, 0, 3, 104.05
1575115599, 0, 750, 1492, 1403, 151, 11.40%, 0, 0, 3, 113.46
1575115604, 0, 798, 1492, 1402, 150, 11.40%, 0, 0, 3, 108.93
1575115610, 0, 807, 1513, 1422, 149, 11.41%, 0, 0, 4, 80.20
1575115620, 0, 824, 1514, 1422, 148, 11.41%, 0, 0, 4, 101.83
1575115625, 0, 826, 1514, 1421, 147, 11.41%, 0, 0, 4, 93.13
1575115635, 0, 836, 1514, 1420, 146, 11.41%, 0, 0, 4, 109.07
1575115640, 0, 836, 1515, 1421, 146, 11.41%, 0, 0, 4, 103.76
1575115645, 0, 838, 1518, 1423, 145, 11.41%, 0, 0, 4, 92.11
1575115650, 0, 838, 1523, 1428, 145, 11.41%, 0, 0, 4, 67.64
1575115655, 0, 838, 1528, 1433, 145, 11.41%, 0, 0, 4, 60.46
1575115660, 0, 838, 1529, 1434, 145, 11.41%, 0, 0, 4, 54.32
1575115665, 0, 838, 1531, 1436, 145, 11.41%, 0, 0, 4, 54.61
1575115671, 0, 838, 1539, 1443, 144, 11.41%, 0, 0, 4, 60.73
1575115676, 0, 855, 1548, 1452, 147, 11.42%, 0, 0, 4, 64.14
1575115686, 0, 857, 1548, 1451, 146, 11.42%, 0, 0, 4, 95.55
1575115696, 0, 863, 1548, 1450, 145, 11.42%, 0, 0, 4, 89.93
1575115706, 0, 863, 1549, 1451, 145, 11.42%, 0, 0, 4, 99.65
1575115711, 0, 875, 1550, 1451, 144, 11.42%, 0, 0, 4, 107.14
1575115716, 0, 879, 1550, 1450, 143, 11.42%, 0, 0, 4, 99.92
1575115726, 0, 879, 1561, 1460, 142, 11.43%, 0, 0, 4, 85.82
1575115732, 0, 886, 1577, 1476, 144, 11.43%, 0, 0, 4, 72.81
1575115742, 0, 889, 1577, 1475, 143, 11.43%, 0, 0, 4, 89.13
1575115752, 0, 889, 1578, 1476, 143, 11.43%, 0, 0, 4, 91.26
1575115757, 0, 896, 1578, 1475, 142, 11.43%, 0, 0, 4, 103.47
1575115767, 0, 906, 1580, 1476, 141, 11.43%, 0, 0, 4, 100.36
1575115772, 0, 908, 1580, 1475, 140, 11.43%, 0, 0, 4, 96.64
1575115783, 0, 908, 1592, 1486, 139, 11.50%, 0, 0, 4, 107.00
1575115788, 0, 916, 1594, 1488, 143, 11.50%, 0, 0, 4, 110.44
1575115793, 0, 926, 1594, 1486, 141, 11.50%, 0, 0, 4, 97.28
1575115803, 0, 926, 1595, 1487, 141, 11.50%, 0, 0, 4, 90.48
1575115808, 0, 928, 1596, 1487, 140, 11.50%, 0, 0, 4, 93.47
1575115818, 0, 928, 1598, 1489, 140, 11.50%, 0, 0, 4, 105.10
1575115823, 0, 930, 1598, 1488, 142, 11.50%, 0, 0, 4, 102.21
1575115833, 0, 930, 1602, 1492, 142, 11.50%, 0, 0, 4, 90.47
1575115844, 0, 930, 1617, 1506, 141, 11.56%, 0, 0, 4, 93.20
1575115849, 0, 933, 1631, 1520, 141, 11.61%, 0, 0, 4, 70.76
1575115864, 0, 939, 1631, 1519, 140, 11.61%, 0, 0, 4, 102.43
1575115869, 0, 946, 1632, 1519, 139, 11.61%, 0, 0, 4, 94.17
1575115884, 0, 948, 1632, 1518, 138, 11.61%, 0, 0, 4, 110.04
1575115894, 0, 955, 1632, 1517, 137, 11.61%, 0, 0, 4, 108.61
1575115905, 0, 955, 1650, 1534, 136, 11.62%, 0, 0, 4, 90.40
1575115910, 0, 956, 1652, 1536, 141, 11.62%, 0, 0, 4, 84.92
1575115920, 0, 957, 1652, 1535, 140, 11.62%, 0, 0, 4, 101.37
1575115925, 0, 957, 1654, 1537, 140, 11.62%, 0, 0, 4, 100.86
1575115930, 0, 964, 1654, 1536, 139, 11.62%, 0, 0, 4, 111.34
1575115940, 0, 966, 1655, 1536, 138, 11.62%, 0, 0, 4, 90.95
1575115950, 0, 966, 1656, 1537, 138, 11.62%, 0, 0, 4, 109.56
1575115955, 0, 967, 1656, 1536, 137, 11.62%, 0, 0, 4, 104.62
1575115965, 0, 967, 1659, 1538, 136, 11.63%, 0, 0, 4, 92.99
1575115970, 0, 974, 1677, 1556, 138, 11.65%, 0, 0, 4, 76.88
1575115986, 0, 988, 1677, 1555, 137, 11.65%, 0, 0, 4, 110.22
1575115991, 0, 995, 1678, 1555, 136, 11.65%, 0, 0, 4, 105.30
1575115996, 0, 997, 1678, 1554, 136, 11.65%, 0, 0, 4, 91.82
1575116001, 0, 997, 1679, 1555, 136, 11.65%, 0, 0, 4, 102.06
1575116006, 0, 997, 1680, 1556, 136, 11.65%, 0, 0, 4, 100.33
1575116011, 0, 1001, 1680, 1555, 132, 11.65%, 0, 0, 4, 102.33
1575116021, 0, 1031, 1688, 1562, 133, 11.65%, 0, 0, 4, 85.85
1575116036, 0, 1040, 1688, 1561, 132, 11.65%, 0, 0, 4, 112.63
1575116041, 0, 1045, 1688, 1560, 131, 11.65%, 0, 0, 4, 91.58
1575116057, 0, 1047, 1688, 1559, 130, 11.65%, 0, 0, 4, 89.79
1575116062, 0, 1053, 1688, 1558, 129, 11.65%, 0, 0, 4, 83.53
1575116077, 0, 1053, 1701, 1570, 128, 11.66%, 0, 0, 4, 80.37
1575116082, 0, 1055, 1707, 1576, 132, 11.67%, 0, 0, 4, 92.70
1575116087, 0, 1070, 1707, 1575, 131, 11.67%, 0, 0, 4, 105.72
1575116092, 0, 1079, 1710, 1577, 130, 11.67%, 0, 0, 4, 103.17
1575116102, 0, 1082, 1710, 1576, 129, 11.67%, 0, 0, 4, 97.35
1575116112, 0, 1082, 1711, 1577, 129, 11.67%, 0, 0, 4, 100.54
1575116117, 0, 1104, 1711, 1576, 128, 11.67%, 0, 0, 4, 91.66
1575116122, 0, 1104, 1714, 1579, 128, 11.67%, 0, 0, 4, 100.74
1575116128, 0, 1104, 1716, 1581, 128, 11.67%, 0, 0, 4, 110.19
1575116133, 0, 1104, 1734, 1598, 128, 11.68%, 0, 0, 4, 94.64
1575116138, 0, 1104, 1745, 1609, 128, 11.72%, 0, 0, 4, 69.77
1575116143, 0, 1108, 1762, 1626, 136, 11.76%, 0, 0, 4, 82.78
1575116148, 0, 1117, 1762, 1625, 136, 11.76%, 0, 0, 4, 97.92
1575116153, 0, 1117, 1763, 1626, 136, 11.77%, 0, 0, 4, 94.64
1575116158, 0, 1117, 1764, 1627, 136, 11.79%, 0, 0, 4, 98.42
1575116168, 0, 1129, 1764, 1626, 138, 11.79%, 0, 0, 4, 105.23
1575116173, 0, 1129, 1765, 1627, 138, 11.79%, 0, 0, 4, 93.69
1575116178, 0, 1137, 1765, 1626, 137, 11.79%, 0, 0, 4, 96.94
1575116188, 0, 1140, 1765, 1625, 136, 11.79%, 0, 0, 4, 89.56
1575116204, 0, 1140, 1791, 1650, 135, 11.80%, 0, 0, 4, 81.70
1575116209, 0, 1142, 1800, 1659, 133, 11.80%, 0, 0, 4, 91.19
1575116214, 0, 1154, 1800, 1658, 132, 11.80%, 0, 0, 4, 103.24
1575116219, 0, 1158, 1800, 1657, 131, 11.80%, 0, 0, 4, 98.90
1575116229, 0, 1165, 1800, 1656, 131, 11.80%, 0, 0, 4, 89.36
1575116239, 0, 1188, 1800, 1655, 130, 11.80%, 0, 0, 4, 92.83
1575116250, 0, 1188, 1804, 1658, 129, 11.80%, 0, 0, 4, 105.79
1575116255, 0, 1197, 1808, 1662, 130, 11.80%, 0, 0, 4, 101.88
1575116265, 0, 1213, 1808, 1661, 129, 11.80%, 0, 0, 4, 94.71
1575116270, 0, 1213, 1809, 1662, 129, 11.80%, 0, 0, 4, 101.09
1575116275, 0, 1213, 1810, 1663, 129, 11.80%, 0, 0, 4, 109.73
1575116280, 0, 1217, 1810, 1662, 128, 11.80%, 0, 0, 4, 93.93
1575116290, 0, 1219, 1811, 1662, 127, 11.80%, 0, 0, 4, 99.45
1575116306, 0, 1221, 1814, 1664, 126, 11.80%, 0, 0, 4, 91.44
1575116311, 0, 1221, 1816, 1666, 126, 11.80%, 0, 0, 4, 91.72
1575116316, 0, 1221, 1817, 1667, 126, 11.80%, 0, 0, 4, 90.39
1575116331, 0, 1221, 1818, 1668, 126, 11.80%, 0, 0, 4, 107.82
1575116377, 0, 1221, 1823, 1672, 125, 11.81%, 0, 0, 4, 94.91
1575116382, 0, 1221, 1856, 1705, 125, 11.84%, 0, 0, 4, 78.73
1575116387, 0, 1223, 1864, 1713, 129, 11.84%, 0, 0, 4, 87.92
1575116392, 0, 1223, 1867, 1716, 129, 11.84%, 0, 0, 4, 99.32
1575116402, 0, 1237, 1867, 1715, 129, 11.84%, 0, 0, 4, 92.04
1575116412, 0, 1250, 1867, 1714, 128, 11.84%, 0, 0, 4, 115.11
1575116422, 0, 1250, 1868, 1715, 128, 11.84%, 0, 0, 4, 99.27
1575116427, 0, 1255, 1868, 1714, 127, 11.84%, 0, 0, 4, 107.24
1575116438, 0, 1261, 1868, 1713, 126, 11.84%, 0, 0, 4, 98.00
1575116448, 0, 1261, 1869, 1713, 125, 11.84%, 0, 0, 4, 79.48
1575116453, 0, 1261, 1894, 1738, 125, 11.87%, 0, 0, 4, 54.80
1575116458, 0, 1274, 1895, 1739, 129, 11.87%, 0, 0, 4, 61.58
1575116468, 0, 1276, 1895, 1738, 129, 11.87%, 0, 0, 4, 97.67
1575116473, 0, 1279, 1895, 1737, 128, 11.87%, 0, 0, 4, 98.38
1575116478, 0, 1292, 1895, 1736, 127, 11.87%, 0, 0, 4, 103.84
1575116489, 0, 1300, 1896, 1736, 127, 11.87%, 0, 0, 4, 96.17
1575116494, 0, 1300, 1897, 1737, 127, 11.87%, 0, 0, 4, 100.10
1575116499, 0, 1314, 1913, 1752, 127, 11.90%, 0, 0, 4, 74.21
1575116509, 0, 1318, 1913, 1751, 126, 11.90%, 0, 0, 4, 84.55
1575116519, 0, 1342, 1913, 1750, 125, 11.90%, 0, 0, 4, 87.41
1575116530, 0, 1362, 1913, 1749, 124, 11.90%, 0, 0, 4, 94.49
1575116540, 0, 1369, 1913, 1748, 123, 11.90%, 0, 0, 4, 94.85
1575116550, 0, 1369, 1924, 1758, 122, 11.90%, 0, 0, 4, 75.78
1575116555, 0, 1383, 1926, 1760, 126, 11.90%, 0, 0, 4, 90.43
1575116565, 0, 1384, 1926, 1759, 125, 11.90%, 0, 0, 4, 95.91
1575116570, 0, 1388, 1926, 1758, 124, 11.90%, 0, 0, 4, 107.19
1575116586, 0, 1390, 1926, 1757, 123, 11.90%, 0, 0, 4, 102.83
1575116591, 0, 1393, 1927, 1757, 122, 11.90%, 0, 0, 4, 108.41
1575116601, 0, 1393, 1929, 1758, 121, 11.90%, 0, 0, 4, 85.64
1575116606, 0, 1399, 1942, 1771, 123, 11.91%, 0, 0, 4, 72.99
1575116621, 0, 1410, 1942, 1770, 122, 11.91%, 0, 0, 4, 103.79
1575116631, 0, 1420, 1942, 1769, 121, 11.91%, 0, 0, 4, 90.70
1575116642, 0, 1425, 1946, 1772, 120, 11.94%, 0, 0, 4, 109.81
1575116647, 0, 1425, 1953, 1779, 120, 11.94%, 0, 0, 4, 106.62
1575116652, 0, 1425, 1955, 1781, 120, 11.94%, 0, 0, 4, 96.78
1575116662, 0, 1425, 1957, 1783, 120, 11.94%, 0, 0, 4, 112.59
1575116692, 0, 1425, 1958, 1784, 120, 11.94%, 0, 0, 4, 109.36
1575116723, 0, 1425, 1959, 1785, 120, 11.94%, 0, 0, 4, 108.01
1575116728, 0, 1439, 1959, 1784, 122, 11.94%, 0, 0, 4, 115.56
1575116733, 0, 1439, 1982, 1806, 121, 11.96%, 0, 0, 4, 101.45
1575116738, 0, 1439, 2003, 1827, 121, 12.01%, 0, 0, 4, 78.88
1575116743, 0, 1441, 2003, 1827, 128, 12.01%, 0, 0, 4, 85.73
1575116748, 0, 1452, 2004, 1827, 127, 12.01%, 0, 0, 4, 90.06
1575116753, 0, 1452, 2005, 1828, 127, 12.01%, 0, 0, 4, 102.68
1575116758, 0, 1454, 2005, 1827, 126, 12.01%, 0, 0, 4, 109.60
1575116764, 0, 1455, 2005, 1826, 125, 12.01%, 0, 0, 4, 103.30
1575116769, 0, 1457, 2005, 1825, 124, 12.01%, 0, 0, 4, 100.60
1575116774, 0, 1457, 2009, 1828, 123, 12.02%, 0, 0, 4, 92.58
1575116779, 0, 1465, 2018, 1837, 128, 12.03%, 0, 0, 4, 92.82
1575116789, 0, 1473, 2018, 1836, 127, 12.03%, 0, 0, 4, 108.75
1575116799, 0, 1497, 2018, 1835, 125, 12.03%, 0, 0, 4, 92.43
1575116804, 0, 1509, 2018, 1834, 124, 12.03%, 0, 0, 4, 100.17
1575116809, 0, 1532, 2018, 1833, 123, 12.03%, 0, 0, 4, 108.36
1575116814, 0, 1532, 2020, 1835, 123, 12.03%, 0, 0, 4, 41.51
1575116819, 0, 1532, 2024, 1839, 123, 12.03%, 0, 0, 4, 49.65
1575116830, 0, 1532, 2027, 1842, 123, 12.03%, 0, 0, 4, 67.97
1575116835, 0, 1532, 2028, 1843, 123, 12.03%, 0, 0, 4, 68.48
1575116845, 0, 1532, 2029, 1844, 123, 12.03%, 0, 0, 4, 75.75
1575116880, 0, 1532, 2030, 1845, 123, 12.03%, 0, 0, 4, 62.41
1575116931, 0, 1532, 2032, 1847, 123, 12.03%, 0, 0, 4, 74.76
1575116937, 0, 1532, 2052, 1866, 122, 12.04%, 0, 0, 4, 70.62
1575116942, 0, 1532, 2072, 1886, 122, 12.05%, 0, 0, 4, 65.99
1575116947, 0, 1537, 2077, 1891, 128, 12.06%, 0, 0, 4, 91.44
1575116957, 0, 1538, 2077, 1890, 127, 12.06%, 0, 0, 4, 116.70
1575116962, 0, 1540, 2077, 1889, 126, 12.06%, 0, 0, 4, 94.19
1575116972, 0, 1568, 2077, 1888, 125, 12.06%, 0, 0, 4, 93.44
1575116987, 0, 1578, 2078, 1888, 124, 12.06%, 0, 0, 4, 105.73
1575116993, 0, 1578, 2085, 1894, 123, 12.06%, 0, 0, 4, 92.32
1575116998, 0, 1584, 2101, 1910, 124, 12.08%, 0, 0, 4, 82.08
1575117003, 0, 1586, 2101, 1909, 123, 12.08%, 0, 0, 4, 94.12
1575117018, 0, 1588, 2101, 1908, 122, 12.08%, 0, 0, 4, 101.98
1575117028, 0, 1589, 2101, 1907, 121, 12.08%, 0, 0, 4, 97.87
1575117044, 0, 1592, 2101, 1906, 120, 12.08%, 0, 0, 4, 91.11
1575117054, 0, 1600, 2114, 1918, 118, 12.08%, 0, 0, 4, 84.45
1575117059, 0, 1600, 2115, 1919, 118, 12.08%, 0, 0, 4, 96.65
1575117064, 0, 1600, 2116, 1920, 118, 12.08%, 0, 0, 4, 84.31
1575117074, 0, 1600, 2117, 1921, 118, 12.08%, 0, 0, 4, 102.29
1575117094, 0, 1600, 2118, 1922, 118, 12.08%, 0, 0, 4, 88.53
1575117099, 0, 1615, 2118, 1921, 118, 12.08%, 0, 0, 4, 89.76
1575117109, 0, 1633, 2118, 1920, 117, 12.08%, 0, 0, 4, 95.05
1575117125, 0, 1644, 2118, 1919, 116, 12.08%, 0, 0, 4, 90.06
1575117130, 0, 1647, 2118, 1918, 115, 12.08%, 0, 0, 4, 95.73
1575117140, 0, 1647, 2119, 1919, 115, 12.08%, 0, 0, 4, 103.90
1575117145, 0, 1647, 2146, 1945, 114, 12.09%, 0, 0, 4, 88.03
1575117150, 0, 1657, 2151, 1950, 122, 12.10%, 0, 0, 4, 97.22
1575117160, 0, 1668, 2151, 1949, 121, 12.10%, 0, 0, 4, 88.25
1575117170, 0, 1668, 2152, 1950, 121, 12.10%, 0, 0, 4, 107.16
1575117176, 0, 1677, 2153, 1950, 120, 12.10%, 0, 0, 4, 102.71
1575117181, 0, 1678, 2153, 1949, 119, 12.10%, 0, 0, 4, 94.29
1575117186, 0, 1678, 2155, 1951, 119, 12.10%, 0, 0, 4, 92.41
1575117191, 0, 1678, 2156, 1952, 119, 12.10%, 0, 0, 4, 109.82
1575117196, 0, 1678, 2158, 1954, 119, 12.12%, 0, 0, 4, 104.30
1575117201, 0, 1678, 2159, 1955, 119, 12.12%, 0, 0, 4, 107.63
1575117221, 0, 1678, 2161, 1957, 119, 12.12%, 0, 0, 4, 89.57
1575117226, 0, 1678, 2162, 1958, 119, 12.12%, 0, 0, 4, 99.69
1575117242, 0, 1678, 2163, 1959, 119, 12.12%, 0, 0, 4, 94.70
1575117252, 0, 1678, 2164, 1960, 119, 12.12%, 0, 0, 4, 101.58
1575117257, 0, 1681, 2164, 1959, 122, 12.12%, 0, 0, 4, 109.06
1575117267, 0, 1681, 2185, 1979, 121, 12.14%, 0, 0, 4, 72.02
1575117272, 0, 1681, 2209, 2003, 121, 12.23%, 0, 0, 4, 64.91
1575117277, 0, 1681, 2223, 2017, 121, 12.23%, 0, 0, 4, 69.50
1575117282, 0, 1686, 2224, 2018, 130, 12.23%, 0, 0, 4, 86.47
1575117298, 0, 1687, 2224, 2017, 129, 12.23%, 0, 0, 4, 105.06
1575117303, 0, 1703, 2226, 2018, 128, 12.23%, 0, 0, 4, 95.81
1575117308, 0, 1703, 2229, 2021, 128, 12.23%, 0, 0, 4, 90.77
1575117313, 0, 1705, 2229, 2020, 127, 12.23%, 0, 0, 4, 103.48
1575117323, 0, 1706, 2233, 2022, 125, 12.23%, 0, 0, 4, 110.72
1575117328, 0, 1706, 2261, 2050, 125, 12.23%, 0, 0, 4, 70.65
1575117333, 0, 1731, 2266, 2055, 130, 12.23%, 0, 0, 4, 87.48
1575117344, 0, 1735, 2266, 2054, 129, 12.23%, 0, 0, 4, 87.46
1575117359, 0, 1751, 2266, 2053, 128, 12.23%, 0, 0, 4, 99.34
1575117364, 0, 1756, 2268, 2054, 129, 12.23%, 0, 0, 4, 90.86
1575117369, 0, 1756, 2270, 2056, 129, 12.23%, 0, 0, 4, 93.62
1575117379, 0, 1756, 2271, 2057, 129, 12.23%, 0, 0, 4, 105.34
1575117394, 0, 1756, 2273, 2059, 129, 12.24%, 0, 0, 4, 89.48
1575117415, 0, 1756, 2274, 2060, 129, 12.24%, 0, 0, 4, 93.12
1575117435, 0, 1762, 2274, 2059, 129, 12.24%, 0, 0, 4, 106.99
1575117440, 0, 1762, 2293, 2077, 128, 12.25%, 0, 0, 4, 68.77
1575117445, 0, 1762, 2315, 2099, 128, 12.26%, 0, 0, 4, 60.72
1575117450, 0, 1762, 2333, 2117, 128, 12.30%, 0, 0, 4, 65.64
1575117455, 0, 1763, 2345, 2129, 127, 12.31%, 0, 0, 4, 77.91
1575117471, 0, 1770, 2346, 2129, 126, 12.31%, 0, 0, 4, 108.17
1575117486, 0, 1784, 2346, 2128, 125, 12.31%, 0, 0, 4, 93.74
1575117491, 0, 1784, 2347, 2129, 125, 12.31%, 0, 0, 4, 97.06
1575117496, 0, 1785, 2347, 2128, 124, 12.31%, 0, 0, 4, 106.60
1575117501, 0, 1799, 2347, 2127, 123, 12.31%, 0, 0, 4, 96.58
1575117517, 0, 1799, 2378, 2157, 122, 12.38%, 0, 0, 4, 72.16
1575117522, 0, 1799, 2400, 2179, 122, 12.39%, 0, 0, 4, 67.38
1575117527, 0, 1799, 2409, 2188, 122, 12.40%, 0, 0, 4, 63.77
1575117532, 0, 1800, 2414, 2193, 120, 12.40%, 0, 0, 4, 78.75
1575117537, 0, 1800, 2422, 2201, 120, 12.40%, 0, 0, 4, 79.80
1575117542, 0, 1800, 2425, 2204, 120, 12.40%, 0, 0, 4, 84.91
1575117548, 0, 1800, 2427, 2206, 120, 12.40%, 0, 0, 4, 95.90
1575117553, 0, 1816, 2427, 2205, 120, 12.40%, 0, 0, 4, 92.30
1575117563, 0, 1823, 2427, 2204, 119, 12.40%, 0, 0, 4, 96.41
1575117568, 0, 1823, 2428, 2205, 119, 12.40%, 0, 0, 4, 90.04
1575117573, 0, 1824, 2428, 2204, 118, 12.40%, 0, 0, 4, 86.63
1575117588, 0, 1824, 2429, 2205, 118, 12.40%, 0, 0, 4, 87.92
1575117593, 0, 1826, 2429, 2204, 117, 12.40%, 0, 0, 4, 95.29
1575117599, 0, 1826, 2430, 2205, 117, 12.40%, 0, 0, 4, 95.40
1575117604, 0, 1826, 2436, 2210, 116, 12.41%, 0, 0, 4, 95.50
1575117609, 0, 1826, 2462, 2236, 116, 12.43%, 0, 0, 4, 70.49
1575117614, 0, 1832, 2476, 2250, 128, 12.44%, 0, 0, 4, 69.82
1575117629, 0, 1847, 2476, 2249, 127, 12.44%, 0, 0, 4, 93.41
1575117639, 0, 1858, 2476, 2248, 126, 12.44%, 0, 0, 4, 92.60
1575117649, 0, 1862, 2477, 2248, 126, 12.44%, 0, 0, 4, 94.08
1575117654, 0, 1862, 2478, 2249, 126, 12.44%, 0, 0, 4, 92.22
1575117665, 0, 1876, 2478, 2248, 125, 12.44%, 0, 0, 4, 100.69
1575117670, 0, 1876, 2497, 2266, 124, 12.45%, 0, 0, 4, 78.08
1575117675, 0, 1895, 2498, 2267, 125, 12.45%, 0, 0, 4, 78.55
1575117685, 0, 1897, 2498, 2266, 124, 12.45%, 0, 0, 4, 102.10
1575117695, 0, 1920, 2498, 2265, 123, 12.45%, 0, 0, 4, 93.90
1575117700, 0, 1920, 2499, 2266, 123, 12.45%, 0, 0, 4, 98.90
1575117705, 0, 1939, 2499, 2265, 123, 12.45%, 0, 0, 4, 92.68
1575117710, 0, 1940, 2499, 2264, 122, 12.45%, 0, 0, 4, 85.21
1575117715, 0, 1940, 2506, 2270, 121, 12.45%, 0, 0, 4, 80.16
1575117720, 0, 1942, 2521, 2285, 128, 12.46%, 0, 0, 4, 82.72
1575117725, 0, 1942, 2522, 2286, 128, 12.46%, 0, 0, 4, 102.78
1575117730, 0, 1950, 2522, 2284, 128, 12.46%, 0, 0, 4, 106.38
1575117736, 0, 1952, 2524, 2285, 127, 12.46%, 0, 0, 4, 100.70
1575117741, 0, 1956, 2524, 2284, 126, 12.46%, 0, 0, 4, 102.64
1575117746, 0, 1972, 2531, 2290, 126, 12.47%, 0, 0, 4, 90.46
1575117751, 0, 1972, 2532, 2291, 126, 12.47%, 0, 0, 4, 93.13
1575117756, 0, 1972, 2533, 2292, 126, 12.47%, 0, 0, 4, 86.62
1575117761, 0, 1972, 2535, 2294, 126, 12.47%, 0, 0, 4, 88.27
1575117822, 0, 1973, 2535, 2293, 127, 12.47%, 0, 0, 4, 105.91
1575117827, 0, 1979, 2536, 2293, 126, 12.47%, 0, 0, 4, 104.72
1575117832, 0, 1983, 2536, 2292, 125, 12.47%, 0, 0, 4, 96.72
1575117842, 0, 1991, 2536, 2291, 124, 12.47%, 0, 0, 4, 106.95
1575117847, 0, 1991, 2562, 2316, 123, 12.49%, 0, 0, 4, 74.11
1575117863, 0, 2000, 2566, 2320, 125, 12.49%, 0, 0, 4, 74.22
1575117868, 0, 2002, 2566, 2319, 124, 12.49%, 0, 0, 4, 82.49
1575117883, 0, 2005, 2566, 2318, 123, 12.49%, 0, 0, 4, 97.07
1575117888, 0, 2013, 2566, 2317, 122, 12.49%, 0, 0, 4, 97.84
1575117898, 0, 2017, 2566, 2316, 121, 12.49%, 0, 0, 4, 112.18
1575117903, 0, 2017, 2578, 2327, 120, 12.50%, 0, 0, 4, 90.00
1575117908, 0, 2019, 2578, 2327, 121, 12.50%, 0, 0, 4, 62.15
1575117913, 0, 2032, 2578, 2326, 120, 12.50%, 0, 0, 4, 72.20
1575117928, 0, 2039, 2579, 2326, 119, 12.50%, 0, 0, 4, 96.26
1575117934, 0, 2040, 2579, 2325, 118, 12.50%, 0, 0, 4, 103.31
1575117944, 0, 2040, 2580, 2326, 118, 12.50%, 0, 0, 4, 90.97
1575117949, 0, 2041, 2580, 2325, 117, 12.50%, 0, 0, 4, 96.62
1575117954, 0, 2041, 2581, 2326, 117, 12.50%, 0, 0, 4, 97.49
1575117959, 0, 2041, 2582, 2327, 117, 12.50%, 0, 0, 4, 89.64
1575117964, 0, 2041, 2608, 2352, 116, 12.52%, 0, 0, 4, 66.26
1575117969, 0, 2065, 2613, 2357, 122, 12.52%, 0, 0, 4, 81.95
1575117974, 0, 2065, 2614, 2358, 122, 12.52%, 0, 0, 4, 96.40
1575117979, 0, 2070, 2614, 2357, 121, 12.52%, 0, 0, 4, 93.67
1575117990, 0, 2072, 2614, 2356, 120, 12.52%, 0, 0, 4, 101.36
1575118000, 0, 2081, 2614, 2355, 119, 12.52%, 0, 0, 4, 90.18
1575118010, 0, 2091, 2614, 2354, 118, 12.52%, 0, 0, 4, 83.24
1575118025, 0, 2091, 2629, 2368, 117, 12.52%, 0, 0, 4, 67.90
1575118030, 0, 2092, 2641, 2380, 119, 12.52%, 0, 0, 4, 66.85
1575118035, 0, 2092, 2642, 2381, 119, 12.52%, 0, 0, 4, 85.02
1575118045, 0, 2101, 2642, 2380, 118, 12.52%, 0, 0, 4, 92.91
1575118055, 0, 2111, 2642, 2379, 117, 12.52%, 0, 0, 4, 97.35
1575118071, 0, 2120, 2642, 2378, 116, 12.52%, 0, 0, 4, 92.44
1575118076, 0, 2121, 2642, 2377, 115, 12.52%, 0, 0, 4, 102.49
1575118086, 0, 2124, 2655, 2389, 116, 12.53%, 0, 0, 4, 79.27
1575118096, 0, 2125, 2655, 2388, 115, 12.53%, 0, 0, 4, 107.97
1575118101, 0, 2131, 2655, 2387, 114, 12.53%, 0, 0, 4, 96.92
1575118116, 0, 2134, 2655, 2386, 113, 12.53%, 0, 0, 4, 101.45
1575118121, 0, 2134, 2657, 2388, 113, 12.53%, 0, 0, 4, 95.09
1575118126, 0, 2135, 2657, 2387, 111, 12.53%, 0, 0, 4, 95.70
1575118137, 0, 2135, 2664, 2393, 110, 12.54%, 0, 0, 4, 72.01
1575118142, 0, 2136, 2668, 2397, 112, 12.55%, 0, 0, 4, 93.16
1575118147, 0, 2143, 2668, 2396, 111, 12.55%, 0, 0, 4, 89.66
1575118157, 0, 2149, 2668, 2395, 110, 12.55%, 0, 0, 4, 96.86
1575118162, 0, 2149, 2669, 2396, 110, 12.55%, 0, 0, 4, 89.07
1575118172, 0, 2166, 2669, 2395, 109, 12.55%, 0, 0, 4, 87.64
1575118177, 0, 2183, 2669, 2394, 108, 12.55%, 0, 0, 4, 89.50
1575118187, 0, 2183, 2684, 2408, 107, 12.55%, 0, 0, 4, 66.35
1575118192, 0, 2195, 2688, 2412, 107, 12.55%, 0, 0, 4, 95.95
1575118198, 0, 2214, 2688, 2411, 106, 12.55%, 0, 0, 4, 97.75
1575118208, 0, 2258, 2688, 2410, 105, 12.55%, 0, 0, 4, 101.58
1575118218, 0, 2263, 2689, 2410, 104, 12.55%, 0, 0, 4, 99.01
1575118233, 0, 2297, 2689, 2409, 103, 12.55%, 0, 0, 4, 105.06
1575118238, 0, 2297, 2690, 2410, 103, 12.55%, 0, 0, 4, 96.88
1575118243, 0, 2297, 2703, 2422, 102, 12.60%, 0, 0, 4, 80.63
1575118248, 0, 2297, 2723, 2442, 102, 12.60%, 0, 0, 4, 30.74
1575118253, 0, 2302, 2731, 2450, 110, 12.60%, 0, 0, 4, 68.48
1575118258, 0, 2302, 2732, 2451, 110, 12.60%, 0, 0, 4, 87.96
1575118264, 0, 2302, 2733, 2452, 110, 12.60%, 0, 0, 4, 103.43
1575118269, 0, 2302, 2735, 2454, 110, 12.60%, 0, 0, 4, 100.70
1575118274, 0, 2302, 2736, 2455, 110, 12.60%, 0, 0, 4, 87.72
1575118279, 0, 2302, 2737, 2456, 110, 12.60%, 0, 0, 4, 89.44
1575118284, 0, 2302, 2738, 2457, 110, 12.60%, 0, 0, 4, 102.29
1575118299, 0, 2302, 2742, 2461, 110, 12.60%, 0, 0, 4, 93.15
1575118305, 0, 2302, 2744, 2463, 110, 12.60%, 0, 0, 4, 89.03
1575118315, 0, 2302, 2745, 2464, 110, 12.60%, 0, 0, 4, 88.26
1575118325, 0, 2302, 2749, 2468, 110, 12.60%, 0, 0, 4, 88.92
1575118330, 0, 2302, 2752, 2471, 110, 12.60%, 0, 0, 4, 98.42
1575118335, 0, 2302, 2753, 2472, 110, 12.60%, 0, 0, 4, 104.22
1575118340, 0, 2305, 2753, 2471, 109, 12.60%, 0, 0, 4, 93.54
1575118351, 0, 2309, 2753, 2470, 108, 12.60%, 0, 0, 4, 99.44
1575118361, 0, 2325, 2753, 2469, 107, 12.60%, 0, 0, 4, 90.50
1575118371, 0, 2326, 2753, 2468, 106, 12.60%, 0, 0, 4, 94.61
1575118376, 0, 2326, 2756, 2471, 106, 12.60%, 0, 0, 4, 100.54
1575118381, 0, 2326, 2757, 2472, 106, 12.60%, 0, 0, 4, 92.17
1575118386, 0, 2326, 2758, 2473, 106, 12.60%, 0, 0, 4, 95.06
1575118391, 0, 2326, 2761, 2476, 106, 12.61%, 0, 0, 4, 105.43
1575118397, 0, 2326, 2762, 2477, 106, 12.61%, 0, 0, 4, 98.32
1575118402, 0, 2326, 2763, 2478, 106, 12.61%, 0, 0, 4, 96.24
1575118407, 0, 2326, 2764, 2479, 106, 12.61%, 0, 0, 4, 90.19
1575118412, 0, 2326, 2765, 2480, 106, 12.61%, 0, 0, 4, 100.80
1575118417, 0, 2326, 2767, 2482, 106, 12.61%, 0, 0, 4, 101.89
1575118422, 0, 2326, 2769, 2484, 106, 12.61%, 0, 0, 4, 89.98
1575118427, 0, 2326, 2771, 2486, 106, 12.61%, 0, 0, 4, 89.00
1575118437, 0, 2326, 2772, 2487, 106, 12.61%, 0, 0, 4, 107.79
1575118442, 0, 2326, 2775, 2489, 105, 12.61%, 0, 0, 4, 88.58
1575118447, 0, 2326, 2799, 2513, 105, 12.62%, 0, 0, 4, 53.43
1575118453, 0, 2326, 2825, 2539, 105, 12.63%, 0, 0, 4, 49.98
1575118458, 0, 2326, 2852, 2566, 105, 12.63%, 0, 0, 4, 53.13
1575118463, 0, 2326, 2875, 2589, 105, 12.65%, 0, 0, 4, 50.51
1575118468, 0, 2326, 2888, 2602, 105, 12.65%, 0, 0, 4, 49.87
1575118473, 0, 2326, 2897, 2611, 105, 12.65%, 0, 0, 4, 50.98
1575118478, 0, 2326, 2906, 2620, 105, 12.65%, 0, 0, 4, 53.13
1575118483, 0, 2338, 2914, 2628, 119, 12.66%, 0, 0, 4, 73.83
1575118489, 0, 2338, 2916, 2630, 119, 12.66%, 0, 0, 4, 103.44
1575118499, 0, 2338, 2917, 2631, 119, 12.66%, 0, 0, 4, 84.58
1575118529, 0, 2338, 2918, 2632, 119, 12.66%, 0, 0, 4, 103.25
1575118555, 0, 2354, 2918, 2631, 118, 12.66%, 0, 0, 4, 85.98
1575118560, 0, 2354, 2920, 2633, 118, 12.66%, 0, 0, 4, 92.99
1575118565, 0, 2354, 2923, 2636, 118, 12.66%, 0, 0, 4, 97.93
1575118570, 0, 2354, 2927, 2640, 118, 12.66%, 0, 0, 4, 84.09
1575118575, 0, 2364, 2928, 2640, 119, 12.66%, 0, 0, 4, 90.18
1575118580, 0, 2370, 2928, 2639, 118, 12.66%, 0, 0, 4, 94.48
1575118590, 0, 2370, 2929, 2640, 118, 12.66%, 0, 0, 4, 97.51
1575118595, 0, 2379, 2929, 2639, 117, 12.66%, 0, 0, 4, 90.33
1575118605, 0, 2379, 2931, 2640, 116, 12.66%, 0, 0, 4, 83.40
1575118610, 0, 2379, 2953, 2662, 116, 12.69%, 0, 0, 4, 51.17
1575118616, 0, 2379, 2974, 2683, 116, 12.70%, 0, 0, 4, 42.96
1575118621, 0, 2379, 2997, 2706, 116, 12.73%, 0, 0, 4, 44.25
1575118626, 0, 2379, 3021, 2730, 116, 12.74%, 0, 0, 4, 42.67
1575118631, 0, 2379, 3037, 2746, 116, 12.77%, 0, 0, 4, 40.87
1575118636, 0, 2379, 3052, 2761, 116, 12.77%, 0, 0, 4, 44.79
1575118641, 0, 2379, 3061, 2770, 116, 12.77%, 0, 0, 4, 50.28
1575118646, 0, 2379, 3062, 2771, 116, 12.77%, 0, 0, 4, 50.75
1575118657, 0, 2385, 3063, 2772, 118, 12.77%, 0, 0, 4, 49.45
1575118672, 0, 2393, 3063, 2771, 117, 12.77%, 0, 0, 4, 94.26
1575118682, 0, 2393, 3067, 2775, 117, 12.77%, 0, 0, 4, 98.70
1575118687, 0, 2393, 3071, 2779, 117, 12.79%, 0, 0, 4, 85.95
1575118692, 0, 2395, 3074, 2781, 118, 12.79%, 0, 0, 4, 81.85
1575118697, 0, 2396, 3074, 2780, 118, 12.79%, 0, 0, 4, 87.17
1575118702, 0, 2396, 3075, 2781, 118, 12.79%, 0, 0, 4, 93.50
1575118707, 0, 2401, 3075, 2780, 117, 12.79%, 0, 0, 4, 95.71
1575118713, 0, 2401, 3079, 2784, 117, 12.79%, 0, 0, 4, 87.59
1575118718, 0, 2401, 3086, 2791, 117, 12.79%, 0, 0, 4, 78.44
1575118723, 0, 2401, 3090, 2795, 117, 12.79%, 0, 0, 4, 87.90
1575118728, 0, 2401, 3091, 2795, 116, 12.79%, 0, 0, 4, 90.80
1575118733, 0, 2401, 3116, 2820, 116, 12.79%, 0, 0, 4, 58.47
1575118738, 0, 2401, 3135, 2839, 116, 12.80%, 0, 0, 4, 55.34
1575118743, 0, 2435, 3138, 2842, 115, 12.80%, 0, 0, 4, 78.89
1575118748, 0, 2437, 3138, 2841, 114, 12.80%, 0, 0, 4, 99.72
1575118753, 0, 2440, 3138, 2840, 113, 12.80%, 0, 0, 4, 102.24
1575118763, 0, 2443, 3138, 2839, 112, 12.80%, 0, 0, 4, 111.13
1575118768, 0, 2451, 3138, 2838, 111, 12.80%, 0, 0, 4, 109.23
1575118773, 0, 2451, 3141, 2840, 110, 12.80%, 0, 0, 4, 95.14
1575118779, 0, 2451, 3147, 2846, 110, 12.80%, 0, 0, 4, 59.19
1575118784, 0, 2463, 3147, 2845, 110, 12.80%, 0, 0, 4, 83.67
1575118789, 0, 2463, 3148, 2846, 110, 12.80%, 0, 0, 4, 79.73
1575118794, 0, 2468, 3148, 2844, 107, 12.80%, 0, 0, 4, 84.87
1575118804, 0, 2472, 3148, 2843, 106, 12.80%, 0, 0, 4, 94.47
1575118809, 0, 2472, 3149, 2844, 106, 12.80%, 0, 0, 4, 97.55
1575118819, 0, 2472, 3153, 2847, 105, 12.80%, 0, 0, 4, 94.54
1575118824, 0, 2473, 3169, 2863, 106, 12.80%, 0, 0, 4, 90.45
1575118839, 0, 2479, 3170, 2863, 105, 12.80%, 0, 0, 4, 79.70
1575118844, 0, 2479, 3171, 2864, 105, 12.80%, 0, 0, 4, 88.86
1575118850, 0, 2479, 3172, 2865, 105, 12.80%, 0, 0, 4, 93.27
1575118860, 0, 2479, 3173, 2866, 105, 12.80%, 0, 0, 4, 92.92
1575118880, 0, 2479, 3174, 2867, 105, 12.80%, 0, 0, 4, 101.14
1575118890, 0, 2479, 3175, 2868, 105, 12.80%, 0, 0, 4, 92.80
1575118911, 0, 2486, 3175, 2867, 104, 12.80%, 0, 0, 4, 99.19
1575118921, 0, 2491, 3175, 2866, 103, 12.80%, 0, 0, 4, 91.23
1575118931, 0, 2497, 3176, 2866, 102, 12.80%, 0, 0, 4, 90.96
1575118936, 0, 2497, 3177, 2867, 102, 12.80%, 0, 0, 4, 90.12
1575118946, 0, 2497, 3200, 2889, 101, 12.81%, 0, 0, 4, 56.87
1575118951, 0, 2497, 3227, 2916, 101, 12.82%, 0, 0, 4, 51.55
1575118956, 0, 2497, 3239, 2928, 101, 12.82%, 0, 0, 4, 55.42
1575118961, 0, 2497, 3249, 2938, 101, 12.82%, 0, 0, 4, 52.16
1575118967, 0, 2503, 3252, 2941, 106, 12.82%, 0, 0, 4, 82.87
1575118972, 0, 2509, 3252, 2940, 105, 12.82%, 0, 0, 4, 95.82
1575118982, 0, 2511, 3253, 2940, 104, 12.82%, 0, 0, 4, 96.26
1575118987, 0, 2511, 3265, 2952, 104, 12.83%, 0, 0, 4, 64.25
1575118992, 0, 2511, 3274, 2961, 104, 12.84%, 0, 0, 4, 58.57
1575118997, 0, 2511, 3280, 2967, 104, 12.84%, 0, 0, 4, 65.82
1575119002, 0, 2511, 3286, 2973, 104, 12.85%, 0, 0, 4, 78.41
1575119007, 0, 2519, 3286, 2972, 101, 12.85%, 0, 0, 4, 92.09
1575119017, 0, 2532, 3287, 2972, 100, 12.85%, 0, 0, 4, 108.78
1575119028, 0, 2532, 3293, 2977, 99, 12.85%, 0, 0, 4, 61.64
1575119033, 0, 2532, 3304, 2988, 99, 12.87%, 0, 0, 4, 40.13
1575119038, 0, 2532, 3312, 2996, 99, 12.87%, 0, 0, 4, 35.85
1575119043, 0, 2534, 3313, 2997, 101, 12.87%, 0, 0, 4, 75.14
1575119053, 0, 2545, 3313, 2996, 100, 12.87%, 0, 0, 4, 85.93
1575119058, 0, 2551, 3313, 2995, 99, 12.87%, 0, 0, 4, 84.48
1575119063, 0, 2554, 3313, 2994, 98, 12.87%, 0, 0, 4, 90.79
1575119073, 0, 2557, 3313, 2993, 97, 12.87%, 0, 0, 4, 79.35
1575119089, 0, 2557, 3325, 3004, 96, 12.88%, 0, 0, 4, 26.58
1575119094, 0, 2560, 3326, 3005, 100, 12.88%, 0, 0, 4, 78.92
1575119109, 0, 2562, 3326, 3004, 100, 12.88%, 0, 0, 4, 96.33
1575119119, 0, 2569, 3326, 3003, 100, 12.88%, 0, 0, 4, 97.13
1575119134, 0, 2571, 3326, 3002, 99, 12.88%, 0, 0, 4, 94.41
1575119145, 0, 2582, 3326, 3001, 98, 12.88%, 0, 0, 4, 96.54
1575119155, 0, 2582, 3332, 3006, 97, 12.88%, 0, 0, 4, 88.16
1575119160, 0, 2584, 3335, 3009, 98, 12.88%, 0, 0, 4, 89.69
1575119165, 0, 2585, 3335, 3008, 97, 12.88%, 0, 0, 4, 98.43
1575119170, 0, 2588, 3335, 3007, 96, 12.88%, 0, 0, 4, 103.54
1575119175, 0, 2588, 3336, 3008, 96, 12.88%, 0, 0, 4, 84.51
1575119180, 0, 2602, 3336, 3007, 95, 12.88%, 0, 0, 4, 91.63
1575119185, 0, 2602, 3337, 3008, 95, 12.88%, 0, 0, 4, 100.06
1575119191, 0, 2644, 3338, 3008, 94, 12.88%, 0, 0, 4, 97.78
1575119196, 0, 2644, 3339, 3009, 94, 12.88%, 0, 0, 4, 89.64
1575119201, 0, 2644, 3342, 3011, 93, 12.88%, 0, 0, 4, 80.76
1575119206, 0, 2646, 3355, 3024, 93, 12.88%, 0, 0, 4, 71.14
1575119216, 0, 2649, 3355, 3023, 93, 12.88%, 0, 0, 4, 107.01
1575119226, 0, 2664, 3355, 3022, 92, 12.88%, 0, 0, 4, 106.66
1575119231, 0, 2664, 3362, 3029, 92, 12.88%, 0, 0, 4, 96.06
1575119236, 0, 2664, 3366, 3033, 92, 12.88%, 0, 0, 4, 85.10
1575119241, 0, 2664, 3367, 3034, 92, 12.88%, 0, 0, 4, 84.91
1575119246, 0, 2678, 3367, 3033, 93, 12.88%, 0, 0, 4, 74.01
1575119257, 0, 2694, 3368, 3033, 92, 12.88%, 0, 0, 4, 83.82
1575119262, 0, 2694, 3369, 3034, 92, 12.88%, 0, 0, 4, 90.49
1575119272, 0, 2694, 3382, 3046, 91, 12.88%, 0, 0, 4, 64.94
1575119277, 0, 2711, 3392, 3056, 93, 12.88%, 0, 0, 4, 53.38
1575119292, 0, 2732, 3393, 3056, 92, 12.88%, 0, 0, 4, 81.69
1575119302, 0, 2741, 3393, 3055, 91, 12.88%, 0, 0, 4, 100.49
1575119318, 0, 2751, 3393, 3054, 90, 12.88%, 0, 0, 4, 87.03
1575119323, 0, 2751, 3395, 3056, 90, 12.88%, 0, 0, 4, 58.64
1575119328, 0, 2765, 3396, 3056, 89, 12.88%, 0, 0, 4, 78.24
1575119343, 0, 2765, 3416, 3075, 88, 12.90%, 0, 0, 4, 54.71
1575119348, 0, 2765, 3419, 3078, 88, 12.90%, 0, 0, 4, 42.70
1575119353, 0, 2793, 3419, 3078, 89, 12.90%, 0, 0, 4, 74.86
1575119363, 0, 2804, 3419, 3077, 88, 12.90%, 0, 0, 4, 85.84
1575119373, 0, 2805, 3420, 3077, 87, 12.90%, 0, 0, 4, 95.39
1575119379, 0, 2846, 3420, 3076, 86, 12.90%, 0, 0, 4, 102.60
1575119389, 0, 2856, 3420, 3075, 85, 12.90%, 0, 0, 4, 88.67
1575119399, 0, 2856, 3422, 3076, 84, 12.90%, 0, 0, 4, 94.77
1575119404, 0, 2856, 3442, 3096, 84, 12.91%, 0, 0, 4, 54.52
1575119410, 0, 2874, 3446, 3100, 87, 12.92%, 0, 0, 4, 44.76
1575119425, 0, 2880, 3446, 3099, 86, 12.92%, 0, 0, 4, 77.74
1575119440, 0, 2896, 3446, 3098, 86, 12.92%, 0, 0, 4, 94.33
1575119450, 0, 2901, 3446, 3097, 86, 12.92%, 0, 0, 4, 96.22
1575119460, 0, 2912, 3446, 3096, 85, 12.92%, 0, 0, 4, 98.34
1575119470, 0, 2912, 3451, 3100, 84, 12.92%, 0, 0, 4, 74.17
1575119476, 0, 2912, 3467, 3116, 84, 12.93%, 0, 0, 4, 44.44
1575119481, 0, 2912, 3485, 3134, 84, 12.93%, 0, 0, 4, 37.17
1575119486, 0, 2912, 3494, 3143, 84, 12.93%, 0, 0, 4, 35.32
1575119491, 0, 2917, 3497, 3146, 92, 12.93%, 0, 0, 4, 67.98
1575119506, 0, 2920, 3497, 3145, 91, 12.93%, 0, 0, 4, 89.92
1575119516, 0, 2944, 3497, 3144, 90, 12.93%, 0, 0, 4, 76.73
1575119521, 0, 2944, 3499, 3146, 90, 12.93%, 0, 0, 4, 91.05
1575119531, 0, 2965, 3499, 3145, 90, 12.93%, 0, 0, 4, 107.84
1575119537, 0, 2967, 3499, 3144, 89, 12.93%, 0, 0, 4, 85.70
1575119542, 0, 2967, 3500, 3145, 89, 12.93%, 0, 0, 4, 77.02
1575119547, 0, 2967, 3503, 3147, 89, 12.93%, 0, 0, 4, 90.03
1575119552, 0, 2967, 3520, 3164, 89, 12.93%, 0, 0, 4, 46.03
1575119557, 0, 2967, 3537, 3181, 89, 12.93%, 0, 0, 4, 37.78
1575119562, 0, 2967, 3545, 3189, 89, 12.93%, 0, 0, 4, 32.30
1575119567, 0, 2976, 3552, 3196, 91, 12.93%, 0, 0, 4, 58.22
1575119583, 0, 2996, 3552, 3195, 90, 12.93%, 0, 0, 4, 75.89
1575119593, 0, 2996, 3558, 3201, 90, 12.94%, 0, 0, 4, 86.21
1575119598, 0, 2996, 3559, 3202, 90, 12.94%, 0, 0, 4, 82.27
1575119603, 0, 3009, 3559, 3201, 90, 12.94%, 0, 0, 4, 76.42
1575119618, 0, 3014, 3559, 3200, 89, 12.94%, 0, 0, 4, 91.82
1575119623, 0, 3024, 3559, 3199, 88, 12.94%, 0, 0, 4, 103.33
1575119628, 0, 3024, 3560, 3199, 87, 12.94%, 0, 0, 4, 99.62
1575119634, 0, 3024, 3580, 3219, 87, 12.94%, 0, 0, 4, 60.37
1575119639, 0, 3024, 3581, 3220, 87, 12.94%, 0, 0, 4, 44.18
1575119644, 0, 3026, 3581, 3220, 89, 12.94%, 0, 0, 4, 70.70
1575119649, 0, 3028, 3581, 3219, 88, 12.94%, 0, 0, 4, 79.91
1575119654, 0, 3028, 3585, 3223, 88, 12.94%, 0, 0, 4, 81.66
1575119685, 0, 3028, 3586, 3224, 88, 12.94%, 0, 0, 4, 106.19
1575119700, 0, 3028, 3587, 3225, 88, 12.94%, 0, 0, 4, 98.84
1575119720, 0, 3032, 3587, 3224, 88, 12.94%, 0, 0, 4, 91.69
1575119730, 0, 3040, 3587, 3223, 87, 12.94%, 0, 0, 4, 89.65
1575119735, 0, 3040, 3588, 3224, 87, 12.94%, 0, 0, 4, 97.65
1575119740, 0, 3051, 3588, 3223, 86, 12.94%, 0, 0, 4, 98.17
1575119755, 0, 3051, 3605, 3239, 85, 12.95%, 0, 0, 4, 48.29
1575119761, 0, 3051, 3620, 3254, 85, 12.96%, 0, 0, 4, 41.25
1575119766, 0, 3051, 3627, 3261, 85, 12.96%, 0, 0, 4, 39.71
1575119771, 0, 3052, 3631, 3265, 89, 13.00%, 0, 0, 4, 60.59
1575119781, 0, 3068, 3631, 3264, 89, 13.00%, 0, 0, 4, 69.30
1575119791, 0, 3089, 3631, 3262, 87, 13.00%, 0, 0, 4, 106.33
1575119796, 0, 3089, 3635, 3266, 87, 13.00%, 0, 0, 4, 94.82
1575119806, 0, 3089, 3636, 3267, 87, 13.00%, 0, 0, 4, 83.64
1575119811, 0, 3089, 3638, 3269, 87, 13.00%, 0, 0, 4, 82.85
1575119816, 0, 3089, 3639, 3270, 87, 13.00%, 0, 0, 4, 91.22
1575119822, 0, 3089, 3640, 3271, 87, 13.00%, 0, 0, 4, 103.44
1575119827, 0, 3089, 3643, 3274, 87, 13.00%, 0, 0, 4, 94.04
1575119832, 0, 3089, 3647, 3278, 87, 13.01%, 0, 0, 4, 81.97
1575119842, 0, 3089, 3649, 3280, 87, 13.01%, 0, 0, 4, 82.66
1575119847, 0, 3089, 3650, 3281, 87, 13.01%, 0, 0, 4, 23.50
1575119852, 0, 3089, 3652, 3283, 87, 13.01%, 0, 0, 4, 97.90
1575119862, 0, 3089, 3653, 3284, 87, 13.01%, 0, 0, 4, 94.36
1575119867, 0, 3089, 3654, 3285, 87, 13.01%, 0, 0, 4, 88.23
1575119872, 0, 3095, 3654, 3284, 88, 13.01%, 0, 0, 4, 101.49
1575119883, 0, 3095, 3671, 3300, 87, 13.01%, 0, 0, 4, 6.59
1575119888, 0, 3095, 3697, 3326, 87, 13.01%, 0, 0, 4, 52.12
1575119893, 0, 3095, 3703, 3332, 87, 13.01%, 0, 0, 4, 43.68
1575119898, 0, 3095, 3706, 3335, 87, 13.01%, 0, 0, 4, 39.86
1575119908, 0, 3095, 3707, 3336, 87, 13.01%, 0, 0, 4, 45.09
1575119914, 0, 3095, 3711, 3340, 87, 13.01%, 0, 0, 4, 5.24
1575119919, 0, 3116, 3711, 3340, 95, 13.01%, 0, 0, 4, 77.37
1575119934, 0, 3132, 3711, 3339, 94, 13.01%, 0, 0, 4, 92.18
1575119939, 0, 3142, 3711, 3338, 93, 13.01%, 0, 0, 4, 86.75
1575119954, 0, 3151, 3711, 3337, 92, 13.01%, 0, 0, 4, 96.09
1575119959, 0, 3153, 3711, 3336, 92, 13.01%, 0, 0, 4, 97.97
1575119969, 0, 3153, 3722, 3346, 91, 13.08%, 0, 0, 4, 72.01
1575119974, 0, 3153, 3727, 3351, 91, 13.08%, 0, 0, 4, 50.99
1575119979, 0, 3158, 3727, 3350, 94, 13.08%, 0, 0, 4, 86.15
1575119985, 0, 3158, 3728, 3351, 94, 13.08%, 0, 0, 4, 102.36
1575119990, 0, 3170, 3728, 3350, 93, 13.08%, 0, 0, 4, 87.79
1575120005, 0, 3173, 3728, 3349, 93, 13.08%, 0, 0, 4, 90.46
1575120010, 0, 3175, 3728, 3348, 93, 13.08%, 0, 0, 4, 83.78
1575120015, 0, 3175, 3737, 3356, 92, 13.08%, 0, 0, 4, 72.19
1575120021, 0, 3178, 3738, 3357, 94, 13.09%, 0, 0, 4, 66.10
1575120031, 0, 3182, 3738, 3356, 93, 13.09%, 0, 0, 4, 101.23
1575120041, 0, 3200, 3738, 3355, 92, 13.09%, 0, 0, 4, 72.47
1575120046, 0, 3200, 3740, 3357, 92, 13.09%, 0, 0, 4, 82.69
1575120066, 0, 3201, 3740, 3356, 91, 13.09%, 0, 0, 4, 80.09
1575120077, 0, 3204, 3740, 3355, 90, 13.09%, 0, 0, 4, 90.26
1575120092, 0, 3204, 3756, 3370, 89, 13.09%, 0, 0, 4, 55.01
1575120097, 0, 3204, 3769, 3383, 89, 13.10%, 0, 0, 4, 35.06
1575120102, 0, 3204, 3777, 3391, 89, 13.10%, 0, 0, 4, 33.41
1575120107, 0, 3213, 3781, 3395, 91, 13.10%, 0, 0, 4, 46.11
1575120117, 0, 3215, 3781, 3394, 91, 13.10%, 0, 0, 4, 77.52
1575120127, 0, 3229, 3781, 3393, 90, 13.10%, 0, 0, 4, 70.83
1575120138, 0, 3229, 3782, 3394, 90, 13.10%, 0, 0, 4, 76.19
1575120148, 0, 3277, 3782, 3393, 89, 13.10%, 0, 0, 4, 73.11
1575120153, 0, 3278, 3782, 3392, 88, 13.10%, 0, 0, 4, 71.20
1575120158, 0, 3278, 3783, 3393, 88, 13.10%, 0, 0, 4, 81.50
1575120163, 0, 3278, 3784, 3394, 88, 13.10%, 0, 0, 4, 82.23
1575120173, 0, 3278, 3785, 3395, 88, 13.10%, 0, 0, 4, 80.24
1575120178, 0, 3278, 3786, 3396, 88, 13.10%, 0, 0, 4, 84.95
1575120183, 0, 3278, 3787, 3397, 88, 13.10%, 0, 0, 4, 85.02
1575120188, 0, 3278, 3788, 3398, 88, 13.10%, 0, 0, 4, 82.75
1575120199, 0, 3278, 3789, 3399, 88, 13.10%, 0, 0, 4, 97.48
1575120214, 0, 3278, 3790, 3400, 88, 13.10%, 0, 0, 4, 85.52
1575120224, 0, 3278, 3791, 3401, 88, 13.11%, 0, 0, 4, 85.20
1575120229, 0, 3278, 3792, 3402, 88, 13.11%, 0, 0, 4, 91.94
1575120239, 0, 3278, 3806, 3415, 87, 13.11%, 0, 0, 4, 42.75
1575120244, 0, 3278, 3820, 3429, 87, 13.12%, 0, 0, 4, 29.87
1575120249, 0, 3278, 3833, 3442, 87, 13.12%, 0, 0, 4, 26.32
1575120254, 0, 3278, 3847, 3456, 87, 13.12%, 0, 0, 4, 28.09
1575120259, 0, 3278, 3855, 3464, 87, 13.12%, 0, 0, 4, 26.45
1575120264, 0, 3278, 3865, 3474, 87, 13.17%, 0, 0, 4, 24.97
1575120270, 0, 3278, 3870, 3479, 87, 13.17%, 0, 0, 4, 30.68
1575120275, 0, 3278, 3873, 3482, 87, 13.17%, 0, 0, 4, 34.25
1575120280, 0, 3284, 3873, 3482, 93, 13.17%, 0, 0, 4, 71.99
1575120290, 0, 3302, 3873, 3481, 92, 13.17%, 0, 0, 4, 84.21
1575120295, 0, 3302, 3874, 3482, 92, 13.17%, 0, 0, 4, 75.86
1575120300, 0, 3316, 3874, 3481, 91, 13.17%, 0, 0, 4, 79.43
1575120305, 0, 3316, 3875, 3482, 91, 13.17%, 0, 0, 4, 89.86
1575120310, 0, 3318, 3875, 3481, 90, 13.17%, 0, 0, 4, 93.14
1575120315, 0, 3323, 3875, 3480, 89, 13.17%, 0, 0, 4, 95.63
1575120320, 0, 3323, 3880, 3484, 88, 13.17%, 0, 0, 4, 78.98
1575120325, 0, 3323, 3889, 3493, 88, 13.18%, 0, 0, 4, 38.87
1575120331, 0, 3323, 3891, 3495, 88, 13.18%, 0, 0, 4, 32.92
1575120336, 0, 3325, 3891, 3495, 90, 13.18%, 0, 0, 4, 75.32
1575120341, 0, 3331, 3891, 3494, 89, 13.18%, 0, 0, 4, 85.86
1575120351, 0, 3334, 3891, 3493, 88, 13.18%, 0, 0, 4, 86.04
1575120356, 0, 3334, 3893, 3495, 88, 13.18%, 0, 0, 4, 98.14
1575120366, 0, 3336, 3893, 3494, 87, 13.18%, 0, 0, 4, 91.92
1575120372, 0, 3350, 3894, 3494, 86, 13.18%, 0, 0, 4, 88.56
1575120387, 0, 3352, 3903, 3502, 87, 13.18%, 0, 0, 4, 62.49
1575120402, 0, 3354, 3903, 3501, 86, 13.18%, 0, 0, 4, 101.15
1575120412, 0, 3385, 3903, 3500, 85, 13.18%, 0, 0, 4, 94.95
1575120417, 0, 3408, 3903, 3499, 84, 13.18%, 0, 0, 4, 82.60
1575120427, 0, 3409, 3903, 3498, 83, 13.18%, 0, 0, 4, 91.04
1575120437, 0, 3409, 3908, 3502, 82, 13.18%, 0, 0, 4, 82.42
1575120442, 0, 3414, 3910, 3504, 83, 13.18%, 0, 0, 4, 63.02
1575120453, 0, 3415, 3910, 3503, 82, 13.18%, 0, 0, 4, 85.18
1575120458, 0, 3415, 3914, 3507, 82, 13.18%, 0, 0, 4, 78.50
1575120463, 0, 3415, 3915, 3508, 82, 13.18%, 0, 0, 4, 77.48
1575120473, 0, 3433, 3915, 3507, 81, 13.18%, 0, 0, 4, 75.28
1575120478, 0, 3433, 3916, 3508, 81, 13.18%, 0, 0, 4, 88.30
1575120483, 0, 3445, 3916, 3507, 78, 13.18%, 0, 0, 4, 85.77
1575120493, 0, 3452, 3916, 3506, 77, 13.18%, 0, 0, 4, 87.45
1575120504, 0, 3452, 3928, 3517, 76, 13.18%, 0, 0, 4, 20.70
1575120509, 0, 3452, 3944, 3533, 76, 13.18%, 0, 0, 4, 32.22
1575120514, 0, 3464, 3949, 3538, 77, 13.18%, 0, 0, 4, 74.28
1575120524, 0, 3466, 3950, 3538, 76, 13.18%, 0, 0, 4, 78.92
1575120539, 0, 3469, 3950, 3537, 75, 13.18%, 0, 0, 4, 79.38
1575120550, 0, 3502, 3950, 3536, 74, 13.18%, 0, 0, 4, 87.47
1575120560, 0, 3506, 3950, 3535, 73, 13.18%, 0, 0, 4, 96.36
1575120565, 0, 3506, 3956, 3540, 72, 13.18%, 0, 0, 4, 79.73
1575120570, 0, 3506, 3967, 3551, 72, 13.18%, 0, 0, 4, 42.39
1575120575, 0, 3524, 3969, 3553, 73, 13.18%, 0, 0, 4, 38.96
1575120585, 0, 3533, 3969, 3552, 72, 13.18%, 0, 0, 4, 80.22
1575120590, 0, 3533, 3970, 3553, 72, 13.18%, 0, 0, 4, 81.18
1575120601, 0, 3535, 3970, 3552, 71, 13.18%, 0, 0, 4, 69.31
1575120606, 0, 3535, 3971, 3553, 71, 13.18%, 0, 0, 4, 60.96
1575120616, 0, 3535, 3972, 3554, 71, 13.18%, 0, 0, 4, 89.09
1575120621, 0, 3546, 3972, 3553, 71, 13.18%, 0, 0, 4, 92.80
1575120631, 0, 3547, 3972, 3552, 70, 13.18%, 0, 0, 4, 75.49
1575120641, 0, 3547, 3982, 3561, 69, 13.19%, 0, 0, 4, 46.57
1575120647, 0, 3557, 3986, 3565, 70, 13.19%, 0, 0, 4, 35.56
1575120657, 0, 3557, 3987, 3566, 70, 13.19%, 0, 0, 4, 96.91
1575120662, 0, 3557, 3989, 3568, 70, 13.19%, 0, 0, 4, 88.84
1575120667, 0, 3557, 3991, 3570, 70, 13.19%, 0, 0, 4, 88.22
1575120677, 0, 3557, 3992, 3571, 70, 13.19%, 0, 0, 4, 91.41
1575120708, 0, 3557, 3993, 3572, 70, 13.19%, 0, 0, 4, 83.62
1575120713, 0, 3557, 3994, 3573, 70, 13.19%, 0, 0, 4, 80.67
1575120718, 0, 3557, 3995, 3574, 70, 13.19%, 0, 0, 4, 87.64
1575120728, 0, 3565, 3995, 3573, 70, 13.19%, 0, 0, 4, 112.60
1575120733, 0, 3568, 3995, 3572, 69, 13.19%, 0, 0, 4, 106.39
1575120744, 0, 3568, 3996, 3573, 69, 13.19%, 0, 0, 4, 94.82
1575120749, 0, 3571, 3997, 3573, 68, 13.19%, 0, 0, 4, 89.87
1575120754, 0, 3572, 3998, 3573, 67, 13.19%, 0, 0, 4, 94.30
1575120769, 0, 3572, 4013, 3587, 66, 13.20%, 0, 0, 4, 59.48
1575120774, 0, 3572, 4024, 3598, 66, 13.20%, 0, 0, 4, 43.05
1575120779, 0, 3579, 4025, 3599, 67, 13.20%, 0, 0, 4, 73.10
1575120789, 0, 3584, 4025, 3598, 66, 13.20%, 0, 0, 4, 88.62
1575120800, 0, 3596, 4025, 3597, 65, 13.20%, 0, 0, 4, 80.56
1575120805, 0, 3596, 4026, 3598, 65, 13.20%, 0, 0, 4, 93.34
1575120815, 0, 3598, 4026, 3597, 64, 13.20%, 0, 0, 4, 92.81
1575120825, 0, 3613, 4026, 3596, 63, 13.20%, 0, 0, 4, 87.49
1575120835, 0, 3615, 4036, 3605, 63, 13.20%, 0, 0, 4, 56.73
1575120850, 0, 3623, 4036, 3604, 62, 13.20%, 0, 0, 4, 66.14
1575120860, 0, 3651, 4036, 3603, 62, 13.20%, 0, 0, 4, 69.92
1575120875, 0, 3667, 4037, 3603, 63, 13.20%, 0, 0, 4, 93.50
1575120880, 0, 3667, 4038, 3604, 63, 13.20%, 0, 0, 4, 104.92
1575120885, 0, 3668, 4038, 3603, 63, 13.20%, 0, 0, 4, 101.65
1575120896, 0, 3668, 4056, 3620, 62, 13.20%, 0, 0, 4, 59.54
1575120901, 0, 3676, 4060, 3624, 63, 13.20%, 0, 0, 4, 80.05
1575120906, 0, 3677, 4060, 3623, 62, 13.20%, 0, 0, 4, 87.99
1575120916, 0, 3678, 4061, 3623, 61, 13.20%, 0, 0, 4, 81.91
1575120931, 0, 3681, 4061, 3622, 60, 13.20%, 0, 0, 4, 88.06
1575120941, 0, 3709, 4061, 3621, 58, 13.20%, 0, 0, 4, 75.52
1575120946, 0, 3709, 4062, 3622, 58, 13.20%, 0, 0, 4, 74.95
1575120951, 0, 3709, 4064, 3624, 58, 13.20%, 0, 0, 4, 92.63
1575120956, 0, 3709, 4068, 3628, 58, 13.20%, 0, 0, 4, 72.57
1575120961, 0, 3709, 4069, 3629, 58, 13.20%, 0, 0, 4, 79.86
1575120967, 0, 3709, 4070, 3630, 58, 13.20%, 0, 0, 4, 107.63
1575120972, 0, 3709, 4071, 3631, 58, 13.20%, 0, 0, 4, 92.89
1575120977, 0, 3709, 4073, 3633, 58, 13.20%, 0, 0, 4, 86.84
1575120982, 0, 3709, 4074, 3634, 58, 13.20%, 0, 0, 4, 88.47
1575120987, 0, 3709, 4077, 3637, 58, 13.20%, 0, 0, 4, 77.63
1575120992, 0, 3709, 4078, 3638, 58, 13.20%, 0, 0, 4, 75.98
1575121007, 0, 3709, 4080, 3640, 58, 13.20%, 0, 0, 4, 80.17
1575121017, 0, 3709, 4081, 3641, 58, 13.20%, 0, 0, 4, 84.12
1575121028, 0, 3709, 4091, 3650, 57, 13.26%, 0, 0, 4, 70.60
1575121033, 0, 3709, 4104, 3663, 57, 13.28%, 0, 0, 4, 46.13
1575121038, 0, 3709, 4112, 3671, 57, 13.28%, 0, 0, 4, 30.09
1575121043, 0, 3715, 4117, 3676, 63, 13.28%, 0, 0, 4, 39.68
1575121048, 0, 3718, 4117, 3675, 61, 13.28%, 0, 0, 4, 74.57
1575121058, 0, 3720, 4117, 3674, 60, 13.28%, 0, 0, 4, 106.06
1575121064, 0, 3721, 4117, 3673, 59, 13.28%, 0, 0, 4, 83.88
1575121079, 0, 3722, 4117, 3672, 58, 13.28%, 0, 0, 4, 73.73
1575121089, 0, 3722, 4118, 3672, 58, 13.28%, 0, 0, 4, 14.85
1575121094, 0, 3722, 4128, 3682, 58, 13.28%, 0, 0, 4, 22.36
1575121099, 0, 3722, 4136, 3690, 58, 13.33%, 0, 0, 4, 23.10
1575121104, 0, 3730, 4141, 3695, 61, 13.33%, 0, 0, 4, 47.10
1575121114, 0, 3730, 4145, 3699, 61, 13.33%, 0, 0, 4, 99.40
1575121119, 0, 3730, 4146, 3700, 61, 13.33%, 0, 0, 4, 104.31
1575121125, 0, 3735, 4146, 3699, 61, 13.33%, 0, 0, 4, 98.31
1575121130, 0, 3739, 4146, 3698, 60, 13.33%, 0, 0, 4, 85.16
1575121135, 0, 3739, 4147, 3699, 60, 13.33%, 0, 0, 4, 72.74
1575121140, 0, 3739, 4149, 3701, 60, 13.33%, 0, 0, 4, 84.90
1575121145, 0, 3739, 4150, 3702, 60, 13.33%, 0, 0, 4, 97.41
1575121160, 0, 3739, 4151, 3703, 60, 13.33%, 0, 0, 4, 91.56
1575121165, 0, 3739, 4152, 3704, 60, 13.33%, 0, 0, 4, 83.86
1575121181, 0, 3739, 4153, 3705, 60, 13.33%, 0, 0, 4, 91.25
1575121191, 0, 3745, 4154, 3705, 61, 13.33%, 0, 0, 4, 86.29
1575121196, 0, 3745, 4155, 3706, 61, 13.33%, 0, 0, 4, 103.52
1575121201, 0, 3748, 4155, 3705, 60, 13.33%, 0, 0, 4, 87.41
1575121206, 0, 3748, 4156, 3706, 60, 13.33%, 0, 0, 4, 78.04
1575121217, 0, 3748, 4158, 3707, 59, 13.33%, 0, 0, 4, 75.48
1575121222, 0, 3748, 4168, 3717, 59, 13.36%, 0, 0, 4, 41.13
1575121227, 0, 3748, 4173, 3722, 59, 13.37%, 0, 0, 4, 30.86
1575121232, 0, 3748, 4174, 3723, 59, 13.37%, 0, 0, 4, 28.01
1575121237, 0, 3753, 4174, 3723, 60, 13.37%, 0, 0, 4, 73.36
1575121242, 0, 3755, 4174, 3722, 59, 13.37%, 0, 0, 4, 86.54
1575121257, 0, 3760, 4174, 3721, 58, 13.37%, 0, 0, 4, 81.35
1575121273, 0, 3771, 4174, 3720, 57, 13.37%, 0, 0, 4, 72.49
1575121278, 0, 3771, 4175, 3721, 57, 13.37%, 0, 0, 4, 88.31
1575121283, 0, 3771, 4176, 3722, 57, 13.37%, 0, 0, 4, 94.15
1575121288, 0, 3790, 4177, 3722, 56, 13.38%, 0, 0, 4, 62.47
1575121293, 0, 3790, 4179, 3724, 56, 13.39%, 0, 0, 4, 84.76
1575121298, 0, 3790, 4180, 3725, 56, 13.39%, 0, 0, 4, 82.55
1575121313, 0, 3790, 4181, 3726, 56, 13.39%, 0, 0, 4, 76.22
1575121329, 0, 3790, 4182, 3727, 56, 13.39%, 0, 0, 4, 79.85
1575121349, 0, 3790, 4183, 3728, 56, 13.39%, 0, 0, 4, 86.13
1575121369, 0, 3790, 4193, 3737, 55, 13.39%, 0, 0, 4, 50.87
1575121375, 0, 3790, 4208, 3752, 55, 13.39%, 0, 0, 4, 33.30
1575121380, 0, 3790, 4211, 3755, 55, 13.39%, 0, 0, 4, 37.28
1575121385, 0, 3790, 4215, 3759, 55, 13.39%, 0, 0, 4, 30.60
1575121390, 0, 3802, 4215, 3759, 59, 13.39%, 0, 0, 4, 55.26
1575121395, 0, 3806, 4215, 3758, 58, 13.39%, 0, 0, 4, 77.60
1575121411, 0, 3833, 4215, 3757, 57, 13.39%, 0, 0, 4, 82.01
1575121416, 0, 3833, 4216, 3758, 57, 13.39%, 0, 0, 4, 76.42
1575121421, 0, 3833, 4217, 3759, 57, 13.39%, 0, 0, 4, 75.66
1575121426, 0, 3833, 4218, 3760, 57, 13.39%, 0, 0, 4, 89.44
1575121431, 0, 3862, 4218, 3759, 57, 13.39%, 0, 0, 4, 88.27
1575121436, 0, 3871, 4218, 3758, 56, 13.39%, 0, 0, 4, 88.82
1575121446, 0, 3871, 4226, 3765, 55, 13.39%, 0, 0, 4, 56.13
1575121451, 0, 3871, 4227, 3766, 55, 13.39%, 0, 0, 4, 34.11
1575121456, 0, 3886, 4233, 3772, 55, 13.45%, 0, 0, 4, 39.93
1575121466, 0, 3893, 4233, 3771, 54, 13.45%, 0, 0, 4, 99.63
1575121471, 0, 3902, 4233, 3770, 53, 13.45%, 0, 0, 4, 95.83
1575121482, 0, 3904, 4233, 3769, 52, 13.45%, 0, 0, 4, 67.19
1575121492, 0, 3905, 4233, 3768, 52, 13.45%, 0, 0, 4, 79.14
1575121507, 0, 3905, 4242, 3776, 51, 13.45%, 0, 0, 4, 56.64
1575121512, 0, 3915, 4248, 3782, 51, 13.45%, 0, 0, 4, 41.53
1575121522, 0, 3930, 4248, 3781, 50, 13.45%, 0, 0, 4, 89.96
1575121538, 0, 3936, 4248, 3780, 49, 13.45%, 0, 0, 4, 83.78
1575121548, 0, 3937, 4248, 3779, 48, 13.45%, 0, 0, 4, 82.65
1575121563, 0, 3950, 4248, 3778, 47, 13.45%, 0, 0, 4, 71.56
1575121568, 0, 3950, 4249, 3779, 47, 13.45%, 0, 0, 4, 96.22
1575121573, 0, 3950, 4259, 3788, 47, 13.45%, 0, 0, 4, 70.20
1575121579, 0, 3950, 4275, 3804, 47, 13.46%, 0, 0, 4, 46.17
1575121584, 0, 3957, 4275, 3804, 51, 13.46%, 0, 0, 4, 75.48
1575121594, 0, 3958, 4275, 3803, 50, 13.46%, 0, 0, 4, 76.06
1575121599, 0, 3958, 4277, 3805, 50, 13.46%, 0, 0, 4, 80.07
1575121604, 0, 3958, 4278, 3806, 50, 13.46%, 0, 0, 4, 95.74
1575121609, 0, 3993, 4278, 3805, 49, 13.46%, 0, 0, 4, 78.55
1575121614, 0, 3993, 4278, 3805, 49, 13.46%, 1, 0, 4, 87.43
1575121625, 0, 4005, 4278, 3804, 48, 13.46%, 1, 0, 4, 82.71
1575121635, 0, 4006, 4278, 3803, 47, 13.46%, 1, 0, 4, 105.70
1575121640, 0, 4006, 4281, 3805, 46, 13.46%, 1, 0, 4, 85.77
1575121645, 0, 4006, 4288, 3812, 46, 13.46%, 1, 0, 4, 38.68
1575121650, 0, 4006, 4298, 3822, 46, 13.46%, 1, 0, 4, 27.72
1575121655, 0, 4019, 4298, 3822, 48, 13.46%, 1, 0, 4, 74.88
1575121660, 0, 4026, 4298, 3821, 48, 13.46%, 1, 0, 4, 80.77
1575121671, 0, 4029, 4298, 3820, 47, 13.46%, 1, 0, 4, 72.36
1575121686, 0, 4031, 4298, 3819, 46, 13.46%, 1, 0, 4, 101.35
1575121691, 0, 4034, 4298, 3818, 45, 13.46%, 1, 0, 4, 94.05
1575121706, 0, 4034, 4303, 3822, 44, 13.46%, 1, 0, 4, 17.97
1575121711, 0, 4037, 4306, 3825, 45, 13.46%, 1, 0, 4, 43.26
1575121722, 0, 4040, 4306, 3824, 43, 13.46%, 1, 0, 4, 59.84
1575121732, 0, 4090, 4306, 3823, 42, 13.46%, 1, 0, 4, 84.23
1575121742, 0, 4118, 4306, 3822, 41, 13.46%, 1, 0, 4, 59.83
1575121757, 0, 4140, 4307, 3822, 40, 13.46%, 1, 0, 4, 96.07
1575121762, 0, 4140, 4314, 3828, 39, 13.46%, 1, 0, 4, 69.70
1575121767, 0, 4140, 4337, 3851, 39, 13.54%, 1, 0, 4, 54.46
1575121772, 0, 4152, 4337, 3851, 45, 13.54%, 1, 0, 4, 63.46
1575121777, 0, 4152, 4339, 3853, 45, 13.54%, 1, 0, 4, 70.77
1575121803, 0, 4154, 4340, 3853, 44, 13.54%, 1, 0, 4, 98.09
1575121808, 0, 4154, 4341, 3854, 44, 13.54%, 1, 0, 4, 91.94
1575121813, 0, 4155, 4341, 3853, 43, 13.54%, 1, 0, 4, 64.38
1575121823, 0, 4158, 4341, 3852, 42, 13.54%, 1, 0, 4, 64.67
1575121833, 0, 4170, 4341, 3851, 41, 13.54%, 1, 0, 4, 87.09
1575121844, 0, 4170, 4347, 3856, 40, 13.54%, 1, 0, 4, 48.36
1575121849, 0, 4170, 4357, 3866, 40, 13.55%, 1, 0, 4, 31.24
1575121854, 0, 4170, 4361, 3870, 40, 13.55%, 1, 0, 4, 28.77
1575121859, 0, 4176, 4362, 3871, 42, 13.55%, 1, 0, 5, 34.00
1575121869, 0, 4176, 4363, 3872, 42, 13.55%, 1, 0, 5, 73.37
1575121874, 0, 4176, 4364, 3873, 42, 13.55%, 1, 0, 5, 81.86
1575121899, 0, 4176, 4366, 3875, 42, 13.55%, 1, 0, 5, 79.66
1575121930, 0, 4177, 4366, 3874, 42, 13.55%, 1, 0, 5, 77.22
1575121945, 0, 4177, 4367, 3875, 42, 13.55%, 1, 0, 5, 75.80
1575121950, 0, 4178, 4367, 3874, 41, 13.55%, 1, 0, 5, 70.56
1575121971, 0, 4181, 4367, 3873, 40, 13.55%, 1, 0, 5, 89.61
1575121981, 0, 4181, 4368, 3874, 40, 13.55%, 1, 0, 5, 84.30
1575121991, 0, 4181, 4369, 3875, 40, 13.55%, 1, 0, 5, 100.20
1575122001, 0, 4194, 4371, 3876, 40, 13.56%, 1, 0, 5, 93.27
1575122006, 0, 4194, 4372, 3877, 40, 13.56%, 1, 0, 5, 88.97
1575122027, 0, 4194, 4386, 3890, 39, 13.61%, 1, 0, 5, 65.33
1575122032, 0, 4194, 4404, 3908, 39, 13.62%, 1, 0, 5, 39.55
1575122037, 0, 4194, 4419, 3923, 39, 13.62%, 1, 0, 5, 41.02
1575122042, 0, 4194, 4424, 3928, 39, 13.62%, 1, 0, 5, 36.04
1575122047, 0, 4195, 4426, 3930, 49, 13.62%, 1, 0, 5, 43.11
1575122057, 0, 4196, 4426, 3929, 48, 13.62%, 1, 0, 5, 74.35
1575122067, 0, 4212, 4426, 3928, 47, 13.62%, 1, 0, 5, 91.27
1575122078, 0, 4218, 4426, 3927, 46, 13.62%, 1, 0, 5, 86.20
1575122088, 0, 4229, 4426, 3926, 46, 13.62%, 1, 0, 5, 96.91
1575122098, 0, 4229, 4435, 3934, 45, 13.63%, 1, 0, 5, 61.70
1575122103, 0, 4234, 4437, 3936, 47, 13.63%, 1, 0, 5, 65.24
1575122113, 0, 4248, 4437, 3935, 47, 13.63%, 1, 0, 5, 87.26
1575122129, 0, 4255, 4437, 3934, 46, 13.63%, 1, 0, 5, 64.31
1575122139, 0, 4256, 4437, 3933, 45, 13.63%, 1, 0, 5, 93.39
1575122149, 0, 4274, 4437, 3932, 44, 13.63%, 1, 0, 5, 62.35
1575122159, 0, 4274, 4454, 3948, 43, 13.71%, 1, 0, 5, 56.94
1575122164, 0, 4280, 4457, 3951, 46, 13.73%, 1, 0, 5, 71.75
1575122174, 0, 4302, 4457, 3950, 45, 13.73%, 1, 0, 5, 36.28
1575122185, 0, 4306, 4457, 3949, 44, 13.73%, 1, 0, 5, 80.37
1575122190, 0, 4313, 4457, 3948, 43, 13.73%, 1, 0, 5, 89.04
1575122200, 0, 4318, 4458, 3948, 42, 13.73%, 1, 0, 5, 85.45
1575122205, 0, 4318, 4459, 3949, 42, 13.73%, 1, 0, 5, 91.30
1575122210, 0, 4318, 4460, 3950, 42, 13.73%, 1, 0, 5, 93.03
1575122225, 0, 4318, 4471, 3960, 41, 13.74%, 1, 0, 5, 77.57
1575122230, 0, 4318, 4489, 3978, 41, 13.76%, 1, 0, 5, 48.62
1575122236, 0, 4323, 4497, 3986, 52, 13.77%, 1, 0, 5, 52.48
1575122251, 0, 4327, 4497, 3985, 51, 13.77%, 1, 0, 5, 77.49
1575122266, 0, 4330, 4497, 3984, 50, 13.77%, 1, 0, 5, 87.74
1575122271, 0, 4331, 4497, 3983, 49, 13.77%, 1, 0, 5, 90.41
1575122281, 0, 4353, 4497, 3982, 49, 13.77%, 1, 0, 5, 65.80
1575122291, 0, 4353, 4498, 3982, 49, 13.77%, 1, 0, 5, 90.95
1575122296, 0, 4353, 4517, 4001, 49, 13.85%, 1, 0, 5, 59.78
1575122302, 0, 4367, 4519, 4003, 53, 13.86%, 1, 0, 5, 71.84
1575122327, 0, 4369, 4520, 4003, 52, 13.86%, 1, 0, 5, 89.66
1575122337, 0, 4371, 4520, 4002, 52, 13.86%, 1, 0, 5, 93.40
1575122347, 0, 4382, 4520, 4001, 51, 13.86%, 1, 0, 5, 95.31
1575122352, 0, 4382, 4522, 4003, 51, 13.87%, 1, 0, 5, 93.72
1575122358, 0, 4382, 4526, 4007, 51, 13.87%, 1, 0, 5, 96.19
1575122368, 0, 4382, 4527, 4008, 51, 13.87%, 1, 0, 5, 88.16
1575122373, 0, 4382, 4529, 4010, 51, 13.87%, 1, 0, 5, 87.31
1575122378, 0, 4382, 4530, 4011, 51, 13.87%, 1, 0, 5, 89.77
1575122383, 0, 4382, 4532, 4013, 51, 13.87%, 1, 0, 5, 91.90
1575122388, 0, 4382, 4533, 4014, 51, 13.87%, 1, 0, 5, 88.39
1575122393, 0, 4382, 4534, 4015, 51, 13.87%, 1, 0, 5, 100.06
1575122414, 0, 4382, 4536, 4017, 51, 13.88%, 1, 0, 5, 88.35
1575122419, 0, 4382, 4537, 4018, 51, 13.88%, 1, 0, 5, 95.62
1575122429, 0, 4382, 4538, 4019, 51, 13.88%, 1, 0, 5, 80.76
1575122434, 0, 4382, 4539, 4020, 51, 13.88%, 1, 0, 5, 86.26
1575122444, 0, 4385, 4539, 4019, 56, 13.88%, 1, 0, 5, 73.32
1575122449, 0, 4385, 4540, 4020, 56, 13.88%, 1, 0, 5, 59.17
1575122459, 0, 4385, 4552, 4031, 56, 13.89%, 1, 0, 5, 59.14
1575122464, 0, 4385, 4570, 4049, 56, 13.92%, 1, 0, 5, 53.80
1575122469, 0, 4385, 4575, 4054, 56, 13.92%, 1, 0, 5, 44.84
1575122474, 0, 4390, 4575, 4054, 61, 13.92%, 1, 0, 5, 71.07
1575122480, 0, 4403, 4575, 4053, 60, 13.92%, 1, 0, 5, 74.55
1575122495, 0, 4408, 4575, 4052, 59, 13.92%, 1, 0, 5, 96.14
1575122500, 0, 4412, 4575, 4051, 58, 13.92%, 1, 0, 5, 81.91
1575122515, 0, 4413, 4575, 4050, 57, 13.92%, 1, 0, 5, 80.22
1575122525, 0, 4413, 4575, 4049, 56, 13.92%, 1, 0, 5, 92.33
1575122530, 0, 4416, 4578, 4052, 57, 13.92%, 1, 0, 5, 59.07
1575122546, 0, 4417, 4578, 4051, 56, 13.92%, 1, 0, 5, 92.03
1575122561, 0, 4419, 4578, 4050, 55, 13.92%, 1, 0, 5, 83.09
1575122566, 0, 4426, 4578, 4049, 54, 13.92%, 1, 0, 5, 87.40
1575122576, 0, 4431, 4578, 4048, 53, 13.92%, 1, 0, 5, 80.57
1575122586, 0, 4431, 4591, 4060, 52, 13.93%, 1, 0, 5, 75.67
1575122591, 0, 4451, 4600, 4069, 56, 13.95%, 1, 0, 5, 78.17
1575122602, 0, 4452, 4600, 4068, 55, 13.95%, 1, 0, 5, 83.40
1575122607, 0, 4452, 4602, 4070, 55, 13.95%, 1, 0, 5, 81.20
1575122632, 0, 4453, 4602, 4069, 54, 13.95%, 1, 0, 5, 96.11
1575122637, 0, 4455, 4604, 4070, 53, 13.95%, 1, 0, 5, 94.75
1575122642, 0, 4455, 4605, 4071, 53, 13.95%, 1, 0, 5, 93.71
1575122647, 0, 4455, 4607, 4073, 53, 13.95%, 1, 0, 5, 89.75
1575122688, 0, 4455, 4608, 4074, 53, 13.96%, 1, 0, 5, 93.20
1575122713, 0, 4462, 4611, 4075, 51, 13.96%, 1, 0, 5, 17.17
1575122718, 0, 4462, 4633, 4097, 51, 13.97%, 1, 0, 5, 45.53
1575122724, 0, 4462, 4643, 4107, 51, 13.97%, 1, 0, 5, 52.13
1575122729, 0, 4478, 4644, 4107, 59, 13.97%, 1, 0, 5, 82.56
1575122739, 0, 4480, 4644, 4106, 58, 13.97%, 1, 0, 5, 84.61
1575122744, 0, 4480, 4645, 4107, 58, 13.97%, 1, 0, 5, 97.00
1575122754, 0, 4484, 4645, 4106, 57, 13.97%, 1, 0, 5, 75.06
1575122764, 0, 4489, 4645, 4105, 56, 13.97%, 1, 0, 5, 84.15
1575122775, 0, 4489, 4647, 4106, 55, 13.98%, 1, 0, 5, 88.91
1575122780, 0, 4489, 4660, 4119, 55, 13.98%, 1, 0, 5, 52.88
1575122785, 0, 4497, 4662, 4121, 59, 13.98%, 1, 0, 5, 83.86
1575122795, 0, 4504, 4663, 4121, 58, 13.98%, 1, 0, 5, 78.85
1575122805, 0, 4507, 4663, 4120, 57, 13.98%, 1, 0, 5, 69.66
1575122820, 0, 4511, 4663, 4119, 57, 13.98%, 1, 0, 5, 66.49
1575122830, 0, 4513, 4664, 4119, 56, 13.98%, 1, 0, 5, 77.76
1575122836, 0, 4513, 4667, 4122, 56, 13.99%, 1, 0, 5, 83.09
1575122846, 0, 4513, 4669, 4124, 56, 13.99%, 1, 0, 5, 79.64
1575122851, 0, 4513, 4670, 4125, 56, 13.99%, 1, 0, 5, 90.01
1575122856, 0, 4513, 4671, 4126, 56, 13.99%, 1, 0, 5, 88.33
1575122866, 0, 4513, 4672, 4127, 56, 13.99%, 1, 0, 5, 92.45
1575122887, 0, 4513, 4674, 4129, 56, 13.99%, 1, 0, 5, 86.19
1575122892, 0, 4513, 4675, 4130, 56, 13.99%, 1, 0, 5, 83.60
1575122932, 0, 4513, 4686, 4140, 55, 13.99%, 1, 0, 5, 55.07
1575122937, 0, 4513, 4702, 4156, 55, 14.00%, 1, 0, 5, 46.25
1575122942, 0, 4513, 4705, 4159, 55, 14.01%, 1, 0, 5, 42.73
1575122947, 0, 4514, 4705, 4159, 64, 14.01%, 1, 0, 5, 75.95
1575122952, 0, 4517, 4705, 4158, 63, 14.01%, 1, 0, 5, 89.26
1575122963, 0, 4519, 4706, 4158, 62, 14.01%, 1, 0, 5, 88.05
1575122968, 0, 4519, 4707, 4159, 62, 14.01%, 1, 0, 5, 100.68
1575122988, 0, 4534, 4709, 4160, 61, 14.01%, 1, 0, 5, 91.07
1575122993, 0, 4534, 4711, 4162, 61, 14.01%, 1, 0, 5, 91.01
1575122998, 0, 4534, 4712, 4163, 61, 14.01%, 1, 0, 5, 103.47
1575123003, 0, 4534, 4713, 4164, 61, 14.01%, 1, 0, 5, 97.80
1575123009, 0, 4534, 4714, 4165, 61, 14.01%, 1, 0, 5, 95.31
1575123014, 0, 4534, 4715, 4166, 61, 14.01%, 1, 0, 5, 90.29
1575123034, 0, 4534, 4716, 4167, 61, 14.01%, 1, 0, 5, 103.94
1575123054, 0, 4534, 4717, 4168, 61, 14.01%, 1, 0, 5, 80.11
1575123065, 0, 4534, 4718, 4169, 61, 14.01%, 1, 0, 5, 90.56
1575123075, 0, 4534, 4719, 4170, 61, 14.01%, 1, 0, 5, 89.92
1575123080, 0, 4537, 4719, 4169, 62, 14.01%, 1, 0, 5, 83.25
1575123090, 0, 4537, 4731, 4180, 61, 14.01%, 1, 0, 5, 76.69
1575123095, 0, 4537, 4752, 4201, 61, 14.01%, 1, 0, 5, 56.95
1575123101, 0, 4541, 4757, 4206, 63, 14.01%, 1, 0, 5, 59.07
1575123116, 0, 4547, 4757, 4205, 62, 14.01%, 1, 0, 5, 78.46
1575123126, 0, 4551, 4757, 4204, 61, 14.01%, 1, 0, 5, 71.88
1575123141, 0, 4554, 4757, 4203, 60, 14.01%, 1, 0, 5, 96.87
1575123146, 0, 4555, 4757, 4202, 59, 14.01%, 1, 0, 5, 88.10
1575123161, 0, 4555, 4768, 4212, 58, 14.02%, 1, 0, 5, 67.11
1575123167, 0, 4556, 4770, 4214, 59, 14.02%, 1, 0, 5, 90.06
1575123172, 0, 4556, 4771, 4215, 59, 14.02%, 1, 0, 5, 98.40
1575123187, 0, 4556, 4773, 4217, 59, 14.02%, 1, 0, 5, 96.32
1575123192, 0, 4558, 4773, 4216, 58, 14.02%, 1, 0, 5, 96.77
1575123202, 0, 4562, 4773, 4215, 57, 14.02%, 1, 0, 5, 76.15
1575123212, 0, 4579, 4773, 4214, 56, 14.02%, 1, 0, 5, 65.71
1575123223, 0, 4581, 4773, 4213, 55, 14.02%, 1, 0, 5, 91.17
1575123233, 0, 4581, 4786, 4225, 54, 14.02%, 1, 0, 5, 68.51
1575123238, 0, 4583, 4788, 4227, 55, 14.02%, 1, 0, 5, 72.48
1575123248, 0, 4585, 4788, 4226, 54, 14.02%, 1, 0, 5, 85.49
1575123258, 0, 4586, 4788, 4225, 53, 14.02%, 1, 0, 5, 85.13
1575123263, 0, 4586, 4789, 4226, 53, 14.02%, 1, 0, 5, 87.79
1575123268, 0, 4595, 4789, 4225, 52, 14.02%, 1, 0, 5, 74.54
1575123284, 0, 4596, 4789, 4224, 51, 14.02%, 1, 0, 5, 68.80
1575123294, 0, 4596, 4793, 4227, 50, 14.02%, 1, 0, 5, 29.85
1575123299, 0, 4598, 4794, 4228, 50, 14.02%, 1, 0, 5, 63.71
1575123304, 0, 4598, 4795, 4229, 50, 14.02%, 1, 0, 5, 83.90
1575123314, 0, 4605, 4795, 4228, 50, 14.02%, 1, 0, 5, 85.00
1575123324, 0, 4607, 4795, 4227, 49, 14.02%, 1, 0, 5, 71.36
1575123334, 0, 4618, 4795, 4226, 48, 14.02%, 1, 0, 5, 91.97
1575123345, 0, 4622, 4795, 4225, 47, 14.02%, 1, 0, 5, 90.31
1575123355, 0, 4622, 4799, 4228, 46, 14.02%, 1, 0, 5, 77.86
1575123360, 0, 4628, 4812, 4241, 45, 14.02%, 1, 0, 5, 63.08
1575123370, 0, 4632, 4812, 4240, 44, 14.02%, 1, 0, 5, 98.36
1575123376, 0, 4639, 4812, 4239, 43, 14.02%, 1, 0, 5, 91.94
1575123381, 0, 4639, 4813, 4240, 43, 14.02%, 1, 0, 5, 92.27
1575123386, 0, 4639, 4814, 4241, 43, 14.02%, 1, 0, 5, 81.51
1575123391, 0, 4640, 4814, 4240, 42, 14.02%, 1, 0, 5, 82.69
1575123401, 0, 4645, 4814, 4239, 41, 14.02%, 1, 0, 5, 91.09
1575123406, 0, 4645, 4818, 4242, 40, 14.03%, 1, 0, 5, 83.13
1575123411, 0, 4651, 4830, 4254, 41, 14.08%, 1, 0, 5, 49.44
1575123427, 0, 4654, 4830, 4253, 40, 14.08%, 1, 0, 5, 101.82
1575123442, 0, 4666, 4830, 4252, 39, 14.08%, 1, 0, 5, 93.10
1575123447, 0, 4669, 4830, 4251, 38, 14.08%, 1, 0, 5, 97.64
1575123457, 0, 4678, 4830, 4250, 37, 14.08%, 1, 0, 5, 83.19
1575123467, 0, 4678, 4844, 4263, 36, 14.08%, 1, 0, 5, 56.44
1575123472, 0, 4678, 4853, 4272, 36, 14.08%, 1, 0, 5, 46.88
1575123477, 0, 4678, 4854, 4273, 36, 14.08%, 1, 0, 5, 43.27
1575123482, 0, 4680, 4856, 4275, 39, 14.09%, 1, 0, 5, 74.32
1575123487, 0, 4702, 4856, 4274, 38, 14.09%, 1, 0, 5, 86.81
1575123498, 0, 4725, 4856, 4273, 37, 14.09%, 1, 0, 5, 90.14
1575123503, 0, 4725, 4857, 4274, 37, 14.09%, 1, 0, 5, 95.43
1575123513, 0, 4727, 4857, 4273, 37, 14.09%, 1, 0, 5, 95.35
1575123518, 0, 4736, 4857, 4272, 36, 14.09%, 1, 0, 5, 83.79
1575123528, 0, 4736, 4859, 4273, 35, 14.09%, 1, 0, 5, 70.08
1575123533, 0, 4736, 4864, 4278, 35, 14.09%, 1, 0, 5, 25.38
1575123539, 0, 4743, 4865, 4279, 36, 14.09%, 1, 0, 5, 46.91
1575123559, 0, 4754, 4865, 4278, 35, 14.09%, 1, 0, 5, 56.30
1575123569, 0, 4758, 4865, 4277, 34, 14.09%, 1, 0, 5, 96.79
1575123579, 0, 4760, 4865, 4276, 33, 14.09%, 1, 0, 5, 83.30
1575123589, 0, 4765, 4865, 4275, 32, 14.09%, 1, 0, 5, 78.79
1575123599, 0, 4769, 4873, 4282, 35, 14.09%, 1, 0, 5, 65.14
1575123615, 0, 4773, 4873, 4281, 34, 14.09%, 1, 0, 5, 78.22
1575123625, 0, 4775, 4873, 4280, 33, 14.09%, 1, 0, 5, 82.01
1575123635, 0, 4781, 4873, 4279, 32, 14.09%, 1, 0, 5, 90.16
1575123640, 0, 4786, 4873, 4278, 31, 14.09%, 1, 0, 5, 82.24
1575123656, 0, 4786, 4880, 4284, 30, 14.09%, 1, 0, 5, 66.16
1575123661, 0, 4797, 4887, 4291, 32, 14.09%, 1, 0, 5, 45.43
1575123666, 0, 4797, 4889, 4293, 32, 14.09%, 1, 0, 5, 85.87
1575123671, 0, 4797, 4891, 4295, 32, 14.09%, 1, 0, 5, 102.56
1575123676, 0, 4797, 4892, 4296, 32, 14.09%, 1, 0, 5, 103.11
1575123681, 0, 4797, 4893, 4297, 32, 14.10%, 1, 0, 5, 98.82
1575123696, 0, 4797, 4895, 4299, 32, 14.10%, 1, 0, 5, 80.75
1575123717, 0, 4797, 4896, 4300, 32, 14.10%, 1, 0, 5, 94.84
1575123722, 0, 4797, 4897, 4301, 32, 14.10%, 1, 0, 5, 85.87
1575123737, 0, 4801, 4897, 4300, 35, 14.10%, 1, 0, 5, 78.20
1575123742, 0, 4801, 4898, 4301, 35, 14.10%, 1, 0, 5, 84.50
1575123752, 0, 4803, 4898, 4300, 34, 14.10%, 1, 0, 5, 85.37
1575123758, 0, 4804, 4898, 4299, 33, 14.10%, 1, 0, 5, 95.15
1575123763, 0, 4804, 4899, 4300, 33, 14.10%, 1, 0, 5, 90.18
1575123778, 0, 4806, 4899, 4299, 32, 14.10%, 1, 0, 5, 77.47
1575123793, 0, 4806, 4908, 4307, 31, 14.10%, 1, 0, 5, 63.03
1575123798, 0, 4807, 4915, 4314, 34, 14.10%, 1, 0, 5, 46.78
1575123808, 0, 4815, 4915, 4313, 33, 14.10%, 1, 0, 5, 80.96
1575123813, 0, 4815, 4916, 4314, 33, 14.10%, 1, 0, 5, 92.20
1575123818, 0, 4815, 4917, 4315, 33, 14.10%, 1, 0, 5, 100.52
1575123834, 0, 4820, 4917, 4314, 32, 14.10%, 1, 0, 5, 92.47
1575123844, 0, 4822, 4917, 4313, 31, 14.10%, 1, 0, 5, 64.22
1575123859, 0, 4824, 4917, 4312, 30, 14.10%, 1, 0, 5, 104.84
1575123864, 0, 4824, 4922, 4316, 29, 14.10%, 1, 0, 5, 85.63
1575123869, 0, 4838, 4922, 4316, 29, 14.10%, 1, 0, 5, 94.82
1575123874, 0, 4842, 4922, 4315, 29, 14.10%, 1, 0, 5, 105.90
1575123880, 0, 4852, 4923, 4315, 28, 14.10%, 1, 0, 5, 99.10
1575123895, 0, 4856, 4923, 4314, 27, 14.10%, 1, 0, 5, 82.98
1575123900, 0, 4860, 4923, 4313, 26, 14.10%, 1, 0, 5, 83.29
1575123915, 0, 4860, 4933, 4322, 25, 14.10%, 1, 0, 5, 59.89
1575123920, 0, 4866, 4938, 4327, 26, 14.10%, 1, 0, 5, 45.37
1575123935, 0, 4869, 4938, 4326, 25, 14.10%, 1, 0, 5, 98.27
1575123946, 0, 4885, 4939, 4326, 24, 14.10%, 1, 0, 5, 83.86
1575123951, 0, 4885, 4940, 4327, 24, 14.10%, 1, 0, 5, 84.27
1575123956, 0, 4885, 4941, 4328, 24, 14.10%, 1, 0, 5, 81.75
1575123976, 0, 4886, 4941, 4327, 23, 14.10%, 1, 0, 5, 87.79
1575123986, 0, 4889, 4944, 4329, 22, 14.10%, 1, 0, 5, 89.57
1575124007, 0, 4889, 4945, 4330, 22, 14.10%, 1, 0, 5, 91.34
1575124012, 0, 4889, 4947, 4332, 22, 14.11%, 1, 0, 5, 84.16
1575124017, 0, 4889, 4948, 4333, 22, 14.11%, 1, 0, 5, 83.24
1575124022, 0, 4889, 4949, 4334, 22, 14.11%, 1, 0, 5, 80.99
1575124027, 0, 4889, 4950, 4335, 22, 14.12%, 1, 0, 5, 88.89
1575124062, 0, 4889, 4955, 4339, 21, 14.12%, 1, 0, 5, 69.71
1575124067, 0, 4889, 4973, 4357, 21, 14.13%, 1, 0, 5, 47.12
1575124073, 0, 4890, 4973, 4357, 33, 14.13%, 1, 0, 5, 64.98
1575124083, 0, 4891, 4973, 4356, 32, 14.13%, 1, 0, 5, 93.38
1575124093, 0, 4907, 4973, 4355, 31, 14.13%, 1, 0, 5, 98.18
1575124103, 0, 4908, 4973, 4354, 30, 14.13%, 1, 0, 5, 92.32
1575124108, 0, 4912, 4973, 4353, 29, 14.13%, 1, 0, 5, 87.23
1575124114, 0, 4912, 4974, 4354, 29, 14.13%, 1, 0, 5, 74.01
1575124124, 0, 4912, 4978, 4357, 28, 14.13%, 1, 0, 5, 79.11
1575124129, 0, 4914, 4992, 4371, 30, 14.13%, 1, 0, 5, 50.31
1575124144, 0, 4923, 4992, 4370, 29, 14.13%, 1, 0, 5, 93.52
1575124149, 0, 4930, 4992, 4369, 29, 14.13%, 1, 0, 5, 88.93
1575124154, 0, 4930, 4995, 4372, 29, 14.13%, 1, 0, 5, 84.29
1575124159, 0, 4945, 4995, 4371, 29, 14.13%, 1, 0, 5, 80.34
1575124169, 0, 4949, 4995, 4370, 28, 14.13%, 1, 0, 5, 82.15
1575124180, 0, 4949, 5004, 4378, 27, 14.13%, 1, 0, 5, 51.31
1575124185, 0, 4949, 5020, 4394, 27, 14.13%, 1, 0, 5, 37.32
1575124190, 0, 4951, 5026, 4400, 30, 14.13%, 1, 0, 5, 62.88
1575124200, 0, 4953, 5026, 4399, 29, 14.13%, 1, 0, 5, 86.57
1575124210, 0, 4956, 5026, 4398, 29, 14.13%, 1, 0, 5, 73.70
1575124216, 0, 4956, 5027, 4399, 29, 14.13%, 1, 0, 5, 73.24
1575124231, 0, 4957, 5027, 4398, 28, 14.13%, 1, 0, 5, 81.98
1575124246, 0, 4959, 5027, 4397, 27, 14.13%, 1, 0, 5, 85.08
1575124257, 0, 4959, 5031, 4400, 26, 14.13%, 1, 0, 5, 81.44
1575124262, 0, 4959, 5038, 4407, 26, 14.14%, 1, 0, 5, 41.98
1575124267, 0, 4960, 5039, 4408, 28, 14.14%, 1, 0, 5, 55.38
1575124277, 0, 4960, 5040, 4409, 28, 14.14%, 1, 0, 5, 84.22
1575124282, 0, 4966, 5040, 4408, 27, 14.14%, 1, 0, 5, 89.47
1575124292, 0, 4968, 5040, 4407, 26, 14.14%, 1, 0, 5, 86.05
1575124308, 0, 4974, 5040, 4406, 25, 14.14%, 1, 0, 5, 107.28
1575124318, 0, 4978, 5040, 4405, 24, 14.14%, 1, 0, 5, 89.09
1575124323, 0, 4978, 5044, 4408, 23, 14.14%, 1, 0, 5, 92.65
1575124328, 0, 4978, 5059, 4423, 23, 14.15%, 1, 0, 5, 51.92
1575124333, 0, 4984, 5062, 4426, 32, 14.15%, 1, 0, 5, 67.07
1575124353, 0, 5000, 5062, 4425, 31, 14.15%, 1, 0, 5, 85.52
1575124359, 0, 5000, 5067, 4430, 31, 14.15%, 1, 0, 5, 71.55
1575124364, 0, 5000, 5068, 4431, 31, 14.15%, 1, 0, 5, 77.57
1575124374, 0, 5004, 5070, 4432, 30, 14.15%, 1, 0, 5, 73.33
1575124389, 0, 5007, 5070, 4431, 29, 14.15%, 1, 0, 5, 96.62
1575124399, 0, 5031, 5070, 4430, 28, 14.15%, 1, 0, 5, 105.87
1575124404, 0, 5031, 5072, 4432, 28, 14.15%, 1, 0, 5, 87.14
1575124425, 0, 5031, 5081, 4440, 27, 14.17%, 1, 0, 5, 77.74
1575124430, 0, 5031, 5095, 4454, 27, 14.17%, 1, 0, 5, 49.92
1575124435, 0, 5033, 5097, 4456, 30, 14.17%, 1, 0, 5, 70.57
1575124440, 0, 5033, 5099, 4458, 30, 14.17%, 1, 0, 5, 75.88
1575124455, 0, 5033, 5101, 4460, 30, 14.17%, 1, 0, 5, 15.87
1575124460, 0, 5033, 5102, 4461, 30, 14.17%, 1, 0, 5, 86.17
1575124496, 0, 5033, 5104, 4463, 30, 14.18%, 1, 0, 5, 68.81
1575124526, 0, 5035, 5105, 4463, 32, 14.18%, 1, 0, 5, 83.16
1575124537, 0, 5041, 5105, 4462, 31, 14.18%, 1, 0, 5, 93.62
1575124542, 0, 5042, 5105, 4461, 30, 14.18%, 1, 0, 5, 92.25
1575124552, 0, 5043, 5106, 4461, 29, 14.18%, 1, 0, 5, 74.11
1575124557, 0, 5043, 5109, 4464, 29, 14.18%, 1, 0, 5, 80.53
1575124562, 0, 5043, 5114, 4469, 29, 14.18%, 1, 0, 5, 81.27
1575124567, 0, 5043, 5120, 4475, 29, 14.18%, 1, 0, 5, 80.13
1575124572, 0, 5043, 5122, 4477, 29, 14.18%, 1, 0, 5, 84.13
1575124577, 0, 5043, 5124, 4479, 29, 14.18%, 1, 0, 5, 84.17
1575124583, 0, 5043, 5125, 4480, 29, 14.18%, 1, 0, 5, 85.34
1575124588, 0, 5043, 5126, 4481, 29, 14.18%, 1, 0, 5, 74.54
1575124593, 0, 5043, 5129, 4484, 29, 14.18%, 1, 0, 5, 73.62
1575124608, 0, 5043, 5130, 4485, 29, 14.18%, 1, 0, 5, 84.93
1575124613, 0, 5043, 5132, 4487, 29, 14.18%, 1, 0, 5, 76.31
1575124618, 0, 5043, 5133, 4488, 29, 14.18%, 1, 0, 5, 87.72
1575124633, 0, 5043, 5134, 4489, 29, 14.18%, 1, 0, 5, 81.13
1575124638, 0, 5043, 5136, 4491, 29, 14.18%, 1, 0, 5, 76.84
1575124644, 0, 5043, 5151, 4505, 28, 14.19%, 1, 0, 5, 50.36
1575124649, 0, 5043, 5168, 4522, 28, 14.19%, 1, 0, 5, 41.78
1575124654, 0, 5043, 5176, 4530, 28, 14.20%, 1, 0, 5, 35.66
1575124659, 0, 5043, 5187, 4541, 28, 14.21%, 1, 0, 5, 37.37
1575124664, 0, 5043, 5188, 4542, 28, 14.21%, 1, 0, 5, 35.17
1575124669, 0, 5044, 5189, 4543, 41, 14.21%, 1, 0, 5, 59.58
1575124679, 0, 5045, 5190, 4543, 40, 14.21%, 1, 0, 5, 102.22
1575124689, 0, 5047, 5190, 4542, 40, 14.21%, 1, 0, 5, 64.57
1575124699, 0, 5053, 5190, 4541, 39, 14.21%, 1, 0, 5, 88.88
1575124704, 0, 5053, 5191, 4542, 39, 14.21%, 1, 0, 5, 92.64
1575124715, 0, 5059, 5192, 4542, 38, 14.21%, 1, 0, 5, 97.52
1575124725, 0, 5059, 5194, 4543, 37, 14.21%, 1, 0, 5, 76.89
1575124730, 0, 5059, 5207, 4556, 37, 14.21%, 1, 0, 5, 46.94
1575124735, 0, 5071, 5208, 4557, 39, 14.21%, 1, 0, 5, 72.64
1575124740, 0, 5071, 5209, 4558, 39, 14.21%, 1, 0, 5, 79.71
1575124745, 0, 5072, 5210, 4558, 38, 14.21%, 1, 0, 5, 79.12
1575124761, 0, 5073, 5210, 4557, 37, 14.21%, 1, 0, 5, 93.04
1575124766, 0, 5082, 5210, 4556, 36, 14.21%, 1, 0, 5, 95.78
1575124776, 0, 5085, 5210, 4555, 35, 14.21%, 1, 0, 5, 105.88
1575124781, 0, 5085, 5211, 4556, 35, 14.21%, 1, 0, 5, 106.05
1575124786, 0, 5085, 5216, 4560, 34, 14.21%, 1, 0, 5, 73.39
1575124791, 0, 5085, 5230, 4574, 34, 14.22%, 1, 0, 5, 42.38
1575124796, 0, 5102, 5233, 4577, 42, 14.22%, 1, 0, 5, 41.95
1575124806, 0, 5104, 5233, 4576, 41, 14.22%, 1, 0, 5, 66.79
1575124817, 0, 5111, 5233, 4575, 40, 14.22%, 1, 0, 5, 15.48
1575124822, 0, 5111, 5234, 4576, 40, 14.22%, 1, 0, 5, 59.09
1575124827, 0, 5111, 5236, 4578, 40, 14.22%, 1, 0, 5, 68.75
1575124837, 0, 5111, 5238, 4580, 40, 14.22%, 1, 0, 5, 78.31
1575124852, 0, 5111, 5239, 4581, 40, 14.22%, 1, 0, 5, 89.41
1575124888, 0, 5111, 5240, 4582, 40, 14.22%, 1, 0, 5, 93.26
1575124893, 0, 5111, 5242, 4584, 40, 14.22%, 1, 0, 5, 86.51
1575124903, 0, 5116, 5242, 4583, 41, 14.22%, 1, 0, 5, 94.68
1575124908, 0, 5128, 5242, 4582, 40, 14.22%, 1, 0, 5, 84.90
1575124919, 0, 5128, 5243, 4582, 39, 14.22%, 1, 0, 5, 77.19
1575124924, 0, 5128, 5256, 4595, 39, 14.23%, 1, 0, 5, 42.29
1575124929, 0, 5128, 5262, 4601, 39, 14.23%, 1, 0, 5, 30.94
1575124934, 0, 5147, 5264, 4603, 41, 14.24%, 1, 0, 5, 29.80
1575124949, 0, 5153, 5264, 4602, 40, 14.24%, 1, 0, 5, 90.28
1575124954, 0, 5154, 5264, 4601, 39, 14.24%, 1, 0, 5, 88.66
1575124965, 0, 5157, 5264, 4600, 38, 14.24%, 1, 0, 5, 87.25
1575124975, 0, 5168, 5264, 4599, 37, 14.24%, 1, 0, 5, 110.54
1575124980, 0, 5168, 5273, 4607, 36, 14.24%, 1, 0, 5, 65.07
1575124985, 0, 5171, 5276, 4610, 37, 14.24%, 1, 0, 5, 48.72
1575124990, 0, 5171, 5277, 4611, 37, 14.24%, 1, 0, 5, 83.09
1575124995, 0, 5173, 5277, 4610, 36, 14.24%, 1, 0, 5, 95.82
1575125011, 0, 5176, 5277, 4609, 35, 14.24%, 1, 0, 5, 94.91
1575125021, 0, 5189, 5277, 4608, 34, 14.24%, 1, 0, 5, 98.51
1575125026, 0, 5198, 5277, 4607, 33, 14.24%, 1, 0, 5, 79.21
1575125031, 0, 5198, 5278, 4608, 33, 14.24%, 1, 0, 5, 74.60
1575125041, 0, 5198, 5281, 4611, 33, 14.24%, 1, 0, 5, 68.22
1575125052, 0, 5198, 5289, 4618, 32, 14.24%, 1, 0, 5, 61.62
1575125057, 0, 5200, 5291, 4620, 38, 14.24%, 1, 0, 5, 59.05
1575125072, 0, 5209, 5291, 4619, 38, 14.24%, 1, 0, 5, 82.16
1575125082, 0, 5211, 5291, 4618, 37, 14.24%, 1, 0, 5, 98.28
1575125087, 0, 5211, 5292, 4619, 37, 14.24%, 1, 0, 5, 36.37
1575125097, 0, 5212, 5292, 4618, 36, 14.24%, 1, 0, 5, 77.36
1575125112, 0, 5218, 5292, 4617, 35, 14.24%, 1, 0, 5, 66.89
1575125118, 0, 5218, 5293, 4618, 35, 14.24%, 1, 0, 5, 72.46
1575125123, 0, 5218, 5295, 4619, 34, 14.24%, 1, 0, 5, 75.82
1575125128, 0, 5218, 5306, 4630, 34, 14.25%, 1, 0, 5, 40.99
1575125133, 0, 5220, 5306, 4630, 38, 14.25%, 1, 0, 5, 77.52
1575125138, 0, 5221, 5306, 4629, 37, 14.25%, 1, 0, 5, 73.43
1575125148, 0, 5229, 5307, 4629, 36, 14.25%, 1, 0, 5, 76.43
1575125158, 0, 5235, 5307, 4628, 34, 14.25%, 1, 0, 5, 76.68
1575125164, 0, 5239, 5307, 4627, 33, 14.25%, 1, 0, 5, 67.26
1575125169, 0, 5239, 5312, 4632, 33, 14.25%, 1, 0, 5, 64.96
1575125174, 0, 5239, 5316, 4636, 33, 14.25%, 1, 0, 5, 66.61
1575125189, 0, 5239, 5317, 4637, 33, 14.25%, 1, 0, 5, 88.70
1575125194, 0, 5239, 5319, 4639, 33, 14.25%, 1, 0, 5, 85.39
1575125199, 0, 5239, 5320, 4640, 33, 14.25%, 1, 0, 5, 67.09
1575125235, 0, 5239, 5321, 4641, 33, 14.25%, 1, 0, 5, 84.37
1575125245, 0, 5239, 5325, 4644, 32, 14.25%, 1, 0, 5, 74.00
1575125250, 0, 5239, 5339, 4658, 32, 14.26%, 1, 0, 5, 40.30
1575125255, 0, 5239, 5342, 4661, 32, 14.27%, 1, 0, 5, 38.50
1575125266, 0, 5263, 5346, 4665, 35, 14.27%, 1, 0, 5, 33.79
1575125281, 0, 5265, 5347, 4665, 34, 14.27%, 1, 0, 5, 69.34
1575125286, 0, 5265, 5348, 4666, 34, 14.27%, 1, 0, 5, 68.39
1575125301, 0, 5265, 5351, 4669, 34, 14.27%, 1, 0, 5, 71.80
1575125306, 0, 5268, 5351, 4668, 34, 14.27%, 1, 0, 5, 80.64
1575125316, 0, 5281, 5351, 4667, 33, 14.27%, 1, 0, 5, 95.89
1575125322, 0, 5281, 5352, 4668, 33, 14.27%, 1, 0, 5, 73.87
1575125327, 0, 5282, 5354, 4669, 33, 14.27%, 1, 0, 5, 71.55
1575125347, 0, 5282, 5366, 4680, 32, 14.27%, 1, 0, 5, 50.65
1575125352, 0, 5283, 5368, 4682, 36, 14.27%, 1, 0, 5, 56.82
1575125363, 0, 5284, 5368, 4681, 35, 14.27%, 1, 0, 5, 70.48
1575125373, 0, 5288, 5368, 4680, 34, 14.27%, 1, 0, 5, 70.10
1575125378, 0, 5288, 5369, 4681, 34, 14.27%, 1, 0, 5, 77.79
1575125383, 0, 5300, 5369, 4680, 33, 14.27%, 1, 0, 5, 63.01
1575125393, 0, 5304, 5369, 4679, 32, 14.27%, 1, 0, 5, 76.25
1575125398, 0, 5304, 5370, 4680, 32, 14.27%, 1, 0, 5, 85.04
1575125403, 0, 5304, 5374, 4683, 31, 14.27%, 1, 0, 5, 18.12
1575125408, 0, 5307, 5379, 4688, 33, 14.27%, 1, 0, 5, 26.93
1575125429, 0, 5307, 5381, 4690, 33, 14.27%, 1, 0, 5, 75.74
1575125444, 0, 5322, 5381, 4689, 32, 14.27%, 1, 0, 5, 55.54
1575125460, 0, 5323, 5381, 4688, 31, 14.27%, 1, 0, 5, 74.08
1575125470, 0, 5329, 5381, 4687, 30, 14.27%, 1, 0, 5, 57.11
1575125475, 0, 5329, 5382, 4688, 30, 14.27%, 1, 0, 5, 64.06
1575125480, 0, 5329, 5383, 4689, 30, 14.27%, 1, 0, 5, 78.20
1575125485, 0, 5335, 5383, 4688, 29, 14.27%, 1, 0, 5, 75.68
1575125495, 0, 5335, 5389, 4693, 28, 14.27%, 1, 0, 5, 60.97
1575125500, 0, 5335, 5400, 4704, 28, 14.27%, 1, 0, 5, 37.56
1575125505, 0, 5337, 5400, 4704, 31, 14.27%, 1, 0, 5, 32.75
1575125520, 0, 5339, 5400, 4703, 30, 14.27%, 1, 0, 5, 82.88
1575125525, 0, 5339, 5403, 4706, 30, 14.27%, 1, 0, 5, 93.00
1575125531, 0, 5343, 5403, 4705, 29, 14.27%, 1, 0, 5, 85.54
1575125541, 0, 5347, 5403, 4704, 29, 14.27%, 1, 0, 5, 70.63
1575125551, 0, 5356, 5403, 4703, 28, 14.27%, 1, 0, 5, 65.81
1575125556, 0, 5356, 5404, 4704, 28, 14.27%, 1, 0, 5, 73.79
1575125567, 0, 5356, 5411, 4710, 27, 14.27%, 1, 0, 5, 63.36
1575125572, 0, 5363, 5412, 4711, 28, 14.27%, 1, 0, 5, 70.94
1575125582, 0, 5365, 5412, 4710, 27, 14.27%, 1, 0, 5, 91.81
1575125587, 0, 5366, 5412, 4709, 26, 14.27%, 1, 0, 5, 94.05
1575125602, 0, 5374, 5412, 4707, 24, 14.27%, 1, 0, 5, 77.57
1575125612, 0, 5374, 5416, 4710, 23, 14.28%, 1, 0, 5, 58.20
1575125617, 0, 5374, 5427, 4721, 23, 14.28%, 1, 0, 5, 31.58
1575125622, 0, 5390, 5432, 4726, 26, 14.28%, 1, 0, 5, 65.95
1575125627, 0, 5394, 5432, 4725, 25, 14.28%, 1, 0, 5, 75.69
1575125638, 0, 5404, 5432, 4724, 24, 14.28%, 1, 0, 5, 57.46
