# unix_time, cycles_done, cur_path, paths_total, pending_total, pending_favs, map_size, unique_crashes, unique_hangs, max_depth, execs_per_sec
1575114211, 0, 0, 1, 1, 1, 7.00%, 0, 0, 1, 100.00
1575114217, 0, 0, 78, 78, 1, 8.08%, 0, 0, 2, 148.44
1575114222, 0, 0, 134, 134, 1, 8.56%, 0, 0, 2, 153.34
1575114227, 0, 0, 168, 168, 1, 8.71%, 0, 0, 2, 153.46
1575114232, 0, 0, 190, 190, 1, 8.87%, 0, 0, 2, 155.65
1575114237, 0, 0, 210, 210, 1, 8.94%, 0, 0, 2, 157.79
1575114242, 0, 0, 232, 232, 1, 9.18%, 0, 0, 2, 159.17
1575114247, 0, 0, 246, 246, 1, 9.21%, 0, 0, 2, 153.02
1575114252, 0, 0, 259, 259, 1, 9.23%, 0, 0, 2, 154.12
1575114257, 0, 0, 274, 274, 1, 9.25%, 0, 0, 2, 150.37
1575114262, 0, 0, 283, 283, 1, 9.26%, 0, 0, 2, 150.06
1575114267, 0, 0, 297, 297, 1, 9.31%, 0, 0, 2, 148.87
1575114272, 0, 0, 305, 305, 1, 9.34%, 0, 0, 2, 150.78
1575114278, 0, 0, 311, 311, 1, 9.36%, 0, 0, 2, 146.85
1575114283, 0, 0, 317, 317, 1, 9.38%, 0, 0, 2, 144.12
1575114288, 0, 0, 326, 326, 1, 9.38%, 0, 0, 2, 145.19
1575114293, 0, 0, 334, 334, 1, 9.39%, 0, 0, 2, 149.02
1575114298, 0, 0, 380, 379, 0, 9.81%, 0, 0, 2, 133.82
1575114303, 0, 0, 415, 414, 0, 9.83%, 0, 0, 2, 129.74
1575114308, 0, 0, 451, 450, 0, 9.90%, 0, 0, 2, 115.13
1575114313, 0, 0, 482, 481, 0, 9.93%, 0, 0, 2, 118.89
1575114319, 0, 35, 505, 504, 120, 9.95%, 0, 0, 3, 127.69
1575114324, 0, 47, 506, 504, 119, 9.96%, 0, 0, 3, 139.76
1575114329, 0, 60, 510, 507, 118, 9.96%, 0, 0, 3, 140.01
1575114334, 0, 60, 515, 512, 118, 9.97%, 0, 0, 3, 135.57
1575114339, 0, 60, 516, 513, 118, 9.97%, 0, 0, 3, 128.70
1575114344, 0, 60, 518, 515, 118, 9.97%, 0, 0, 3, 120.19
1575114349, 0, 60, 523, 520, 118, 9.98%, 0, 0, 3, 113.12
1575114354, 0, 60, 526, 523, 118, 9.98%, 0, 0, 3, 128.32
1575114360, 0, 60, 530, 527, 118, 9.99%, 0, 0, 3, 135.18
1575114365, 0, 60, 533, 530, 118, 9.99%, 0, 0, 3, 116.20
1575114370, 0, 60, 536, 533, 118, 10.00%, 0, 0, 3, 116.24
1575114380, 0, 60, 541, 538, 118, 10.00%, 0, 0, 3, 104.34
1575114385, 0, 60, 544, 541, 118, 10.01%, 0, 0, 3, 98.06
1575114390, 0, 60, 552, 549, 118, 10.04%, 0, 0, 3, 110.56
1575114395, 0, 60, 559, 556, 118, 10.08%, 0, 0, 3, 119.89
1575114400, 0, 91, 561, 557, 122, 10.08%, 0, 0, 3, 100.99
1575114405, 0, 91, 567, 563, 122, 10.08%, 0, 0, 3, 96.41
1575114411, 0, 91, 572, 568, 122, 10.09%, 0, 0, 3, 109.84
1575114416, 0, 91, 581, 577, 122, 10.09%, 0, 0, 3, 109.52
1575114421, 0, 91, 588, 584, 122, 10.14%, 0, 0, 3, 97.94
1575114426, 0, 91, 595, 591, 122, 10.14%, 0, 0, 3, 97.80
1575114431, 0, 107, 602, 597, 123, 10.14%, 0, 0, 3, 107.19
1575114436, 0, 107, 604, 599, 123, 10.14%, 0, 0, 3, 113.68
1575114441, 0, 107, 606, 601, 123, 10.15%, 0, 0, 3, 97.88
1575114446, 0, 107, 611, 606, 123, 10.15%, 0, 0, 3, 100.74
1575114451, 0, 107, 623, 617, 122, 10.15%, 0, 0, 3, 109.04
1575114456, 0, 107, 669, 663, 122, 10.30%, 0, 0, 3, 95.42
1575114461, 0, 107, 706, 700, 122, 10.45%, 0, 0, 3, 79.07
1575114466, 0, 107, 721, 715, 122, 10.49%, 0, 0, 3, 78.82
1575114472, 0, 107, 725, 719, 122, 10.49%, 0, 0, 3, 96.44
1575114477, 0, 107, 731, 725, 122, 10.50%, 0, 0, 3, 96.96
1575114482, 0, 107, 738, 732, 122, 10.50%, 0, 0, 3, 85.28
1575114487, 0, 107, 742, 736, 122, 10.50%, 0, 0, 3, 87.17
1575114492, 0, 107, 750, 744, 122, 10.50%, 0, 0, 3, 81.32
1575114497, 0, 107, 761, 755, 122, 10.50%, 0, 0, 3, 85.92
1575114502, 0, 114, 763, 756, 146, 10.50%, 0, 0, 3, 94.53
1575114507, 0, 114, 766, 759, 146, 10.50%, 0, 0, 3, 104.13
1575114532, 0, 114, 767, 760, 146, 10.50%, 0, 0, 3, 104.13
1575114538, 0, 114, 768, 761, 146, 10.50%, 0, 0, 3, 111.41
1575114543, 0, 114, 769, 762, 146, 10.50%, 0, 0, 3, 104.91
1575114553, 0, 114, 770, 763, 146, 10.50%, 0, 0, 3, 87.38
1575114558, 0, 114, 771, 764, 146, 10.50%, 0, 0, 3, 95.23
1575114568, 0, 114, 776, 769, 146, 10.50%, 0, 0, 3, 105.48
1575114573, 0, 114, 782, 775, 146, 10.53%, 0, 0, 3, 117.05
1575114578, 0, 114, 786, 779, 146, 10.53%, 0, 0, 3, 98.45
1575114583, 0, 114, 788, 781, 146, 10.54%, 0, 0, 3, 96.90
1575114588, 0, 116, 788, 780, 145, 10.54%, 0, 0, 3, 108.76
1575114593, 0, 132, 791, 782, 145, 10.54%, 0, 0, 3, 117.77
1575114599, 0, 148, 793, 783, 144, 10.55%, 0, 0, 3, 109.47
1575114604, 0, 148, 794, 784, 144, 10.55%, 0, 0, 3, 96.56
1575114619, 0, 148, 795, 785, 144, 10.55%, 0, 0, 3, 107.98
1575114624, 0, 148, 796, 786, 144, 10.55%, 0, 0, 3, 104.63
1575114634, 0, 148, 798, 788, 144, 10.55%, 0, 0, 3, 114.00
1575114655, 0, 148, 799, 789, 144, 10.55%, 0, 0, 3, 93.27
1575114660, 0, 148, 803, 793, 144, 10.56%, 0, 0, 3, 100.41
1575114665, 0, 148, 804, 794, 144, 10.56%, 0, 0, 3, 106.15
1575114670, 0, 148, 818, 807, 143, 10.56%, 0, 0, 3, 97.25
1575114675, 0, 148, 866, 855, 143, 10.61%, 0, 0, 3, 94.68
1575114680, 0, 148, 905, 894, 143, 10.66%, 0, 0, 3, 87.58
1575114685, 0, 148, 915, 904, 143, 10.67%, 0, 0, 3, 85.56
1575114690, 0, 148, 924, 913, 143, 10.68%, 0, 0, 3, 88.46
1575114695, 0, 149, 932, 921, 164, 10.70%, 0, 0, 3, 101.85
1575114700, 0, 151, 932, 920, 163, 10.70%, 0, 0, 3, 103.22
1575114705, 0, 155, 933, 920, 162, 10.70%, 0, 0, 3, 102.29
1575114711, 0, 158, 933, 919, 161, 10.70%, 0, 0, 3, 110.30
1575114716, 0, 172, 933, 918, 160, 10.70%, 0, 0, 3, 102.57
1575114721, 0, 172, 948, 932, 159, 10.77%, 0, 0, 3, 82.03
1575114726, 0, 173, 958, 942, 161, 10.78%, 0, 0, 3, 88.77
1575114736, 0, 176, 958, 941, 160, 10.78%, 0, 0, 3, 116.90
1575114741, 0, 182, 959, 941, 159, 10.78%, 0, 0, 3, 122.82
1575114746, 0, 187, 959, 940, 158, 10.78%, 0, 0, 3, 108.76
1575114756, 0, 187, 960, 941, 158, 10.79%, 0, 0, 3, 104.56
1575114762, 0, 216, 960, 940, 157, 10.79%, 0, 0, 3, 107.60
1575114767, 0, 216, 989, 968, 156, 10.83%, 0, 0, 3, 96.39
1575114772, 0, 216, 995, 974, 156, 10.84%, 0, 0, 3, 89.40
1575114777, 0, 224, 995, 973, 157, 10.84%, 0, 0, 3, 107.88
1575114782, 0, 239, 995, 972, 156, 10.84%, 0, 0, 3, 112.88
1575114787, 0, 251, 995, 971, 155, 10.84%, 0, 0, 3, 102.97
1575114792, 0, 254, 996, 971, 154, 10.84%, 0, 0, 3, 99.08
1575114797, 0, 285, 1009, 983, 155, 10.84%, 0, 0, 3, 85.90
1575114803, 0, 288, 1009, 982, 154, 10.84%, 0, 0, 3, 113.03
1575114808, 0, 288, 1010, 983, 154, 10.84%, 0, 0, 3, 104.48
1575114813, 0, 298, 1010, 982, 153, 10.84%, 0, 0, 3, 92.60
1575114818, 0, 298, 1011, 983, 153, 10.84%, 0, 0, 3, 101.68
1575114823, 0, 300, 1011, 982, 153, 10.84%, 0, 0, 3, 113.09
1575114828, 0, 303, 1011, 981, 152, 10.84%, 0, 0, 3, 117.64
1575114833, 0, 303, 1021, 990, 151, 10.85%, 0, 0, 3, 90.56
1575114838, 0, 304, 1040, 1009, 155, 10.87%, 0, 0, 3, 85.35
1575114843, 0, 306, 1043, 1011, 154, 10.87%, 0, 0, 3, 106.33
1575114848, 0, 315, 1043, 1010, 153, 10.87%, 0, 0, 3, 105.09
1575114853, 0, 315, 1044, 1011, 153, 10.87%, 0, 0, 3, 107.41
1575114859, 0, 315, 1045, 1012, 153, 10.87%, 0, 0, 3, 93.90
1575114864, 0, 340, 1045, 1011, 152, 10.87%, 0, 0, 3, 99.27
1575114874, 0, 344, 1045, 1010, 151, 10.87%, 0, 0, 3, 93.40
1575114879, 0, 344, 1046, 1011, 151, 10.87%, 0, 0, 3, 97.08
1575114884, 0, 344, 1051, 1016, 151, 10.87%, 0, 0, 3, 88.65
1575114889, 0, 344, 1055, 1020, 151, 10.87%, 0, 0, 3, 80.78
1575114894, 0, 344, 1069, 1033, 150, 10.88%, 0, 0, 3, 75.24
1575114899, 0, 344, 1092, 1056, 150, 10.89%, 0, 0, 3, 73.60
1575114904, 0, 347, 1095, 1059, 157, 10.92%, 0, 0, 3, 88.77
1575114915, 0, 347, 1096, 1060, 157, 10.93%, 0, 0, 3, 102.10
1575114920, 0, 349, 1096, 1059, 158, 10.93%, 0, 0, 3, 107.10
1575114930, 0, 352, 1096, 1058, 157, 10.93%, 0, 0, 3, 108.45
1575114935, 0, 358, 1096, 1057, 156, 10.93%, 0, 0, 3, 93.49
1575114940, 0, 358, 1097, 1058, 156, 10.93%, 0, 0, 3, 97.14
1575114945, 0, 362, 1098, 1058, 155, 10.93%, 0, 0, 3, 96.44
1575114950, 0, 362, 1099, 1059, 155, 10.94%, 0, 0, 3, 92.66
1575114955, 0, 362, 1117, 1076, 154, 10.94%, 0, 0, 3, 93.68
1575114961, 0, 362, 1148, 1107, 154, 10.97%, 0, 0, 3, 76.88
1575114966, 0, 366, 1155, 1114, 154, 11.02%, 0, 0, 3, 87.68
1575114971, 0, 375, 1155, 1113, 153, 11.02%, 0, 0, 3, 81.56
1575114976, 0, 375, 1160, 1118, 153, 11.04%, 0, 0, 3, 89.35
1575114981, 0, 375, 1161, 1119, 153, 11.04%, 0, 0, 3, 98.31
1575114986, 0, 413, 1161, 1118, 152, 11.04%, 0, 0, 3, 101.79
1575115001, 0, 419, 1161, 1117, 151, 11.04%, 0, 0, 3, 78.14
1575115012, 0, 432, 1161, 1116, 150, 11.04%, 0, 0, 3, 92.15
1575115017, 0, 432, 1162, 1117, 150, 11.04%, 0, 0, 3, 96.76
1575115027, 0, 432, 1184, 1138, 149, 11.04%, 0, 0, 3, 88.20
1575115032, 0, 434, 1201, 1155, 158, 11.06%, 0, 0, 3, 77.92
1575115037, 0, 434, 1203, 1157, 158, 11.06%, 0, 0, 3, 102.70
1575115042, 0, 434, 1204, 1158, 158, 11.06%, 0, 0, 3, 107.38
1575115047, 0, 435, 1204, 1157, 158, 11.06%, 0, 0, 3, 92.85
1575115052, 0, 435, 1205, 1158, 158, 11.07%, 0, 0, 3, 94.78
1575115062, 0, 444, 1206, 1158, 158, 11.07%, 0, 0, 3, 109.53
1575115068, 0, 444, 1207, 1159, 158, 11.07%, 0, 0, 3, 112.00
1575115073, 0, 444, 1208, 1160, 158, 11.07%, 0, 0, 3, 114.04
1575115078, 0, 445, 1208, 1159, 157, 11.07%, 0, 0, 3, 124.02
1575115088, 0, 446, 1208, 1158, 156, 11.07%, 0, 0, 3, 101.63
1575115103, 0, 446, 1237, 1186, 155, 11.21%, 0, 0, 3, 77.90
1575115108, 0, 446, 1248, 1197, 155, 11.22%, 0, 0, 3, 72.69
1575115113, 0, 448, 1248, 1197, 156, 11.22%, 0, 0, 3, 99.46
1575115123, 0, 449, 1248, 1196, 155, 11.22%, 0, 0, 3, 110.86
1575115128, 0, 455, 1248, 1195, 154, 11.22%, 0, 0, 3, 98.42
1575115139, 0, 455, 1251, 1198, 154, 11.22%, 0, 0, 3, 103.07
1575115144, 0, 458, 1251, 1197, 153, 11.22%, 0, 0, 3, 105.83
1575115154, 0, 471, 1251, 1196, 152, 11.22%, 0, 0, 3, 95.18
1575115164, 0, 471, 1262, 1206, 151, 11.23%, 0, 0, 3, 102.39
1575115169, 0, 483, 1279, 1223, 155, 11.25%, 0, 0, 3, 78.45
1575115174, 0, 483, 1283, 1227, 155, 11.25%, 0, 0, 3, 89.46
1575115180, 0, 483, 1288, 1232, 155, 11.25%, 0, 0, 3, 95.26
1575115185, 0, 483, 1290, 1234, 155, 11.25%, 0, 0, 3, 105.69
1575115190, 0, 490, 1290, 1233, 155, 11.25%, 0, 0, 3, 95.28
1575115200, 0, 490, 1291, 1234, 155, 11.25%, 0, 0, 3, 104.00
1575115205, 0, 507, 1294, 1236, 154, 11.25%, 0, 0, 4, 111.91
1575115210, 0, 507, 1295, 1237, 154, 11.25%, 0, 0, 4, 100.70
1575115215, 0, 518, 1296, 1237, 154, 11.25%, 0, 0, 4, 94.80
1575115220, 0, 520, 1296, 1236, 153, 11.25%, 0, 0, 4, 103.39
1575115225, 0, 520, 1318, 1257, 152, 11.29%, 0, 0, 4, 84.07
1575115230, 0, 525, 1318, 1257, 155, 11.29%, 0, 0, 4, 93.29
1575115235, 0, 527, 1319, 1257, 155, 11.29%, 0, 0, 4, 89.12
1575115240, 0, 527, 1320, 1258, 155, 11.29%, 0, 0, 4, 103.45
1575115246, 0, 528, 1320, 1257, 154, 11.29%, 0, 0, 4, 103.32
1575115251, 0, 528, 1321, 1258, 154, 11.29%, 0, 0, 4, 92.38
1575115256, 0, 528, 1322, 1259, 154, 11.29%, 0, 0, 4, 89.99
1575115261, 0, 529, 1322, 1258, 154, 11.29%, 0, 0, 4, 90.32
1575115271, 0, 550, 1323, 1258, 154, 11.29%, 0, 0, 4, 101.56
1575115281, 0, 550, 1329, 1264, 154, 11.29%, 0, 0, 4, 97.90
1575115286, 0, 550, 1335, 1270, 154, 11.29%, 0, 0, 4, 88.78
1575115291, 0, 550, 1340, 1274, 153, 11.29%, 0, 0, 4, 102.42
1575115296, 0, 550, 1380, 1314, 153, 11.29%, 0, 0, 4, 83.93
1575115302, 0, 550, 1398, 1332, 153, 11.30%, 0, 0, 4, 62.64
1575115307, 0, 576, 1400, 1334, 155, 11.30%, 0, 0, 4, 86.14
1575115312, 0, 603, 1401, 1334, 154, 11.30%, 0, 0, 4, 108.87
1575115317, 0, 616, 1401, 1333, 153, 11.30%, 0, 0, 4, 107.10
1575115322, 0, 621, 1401, 1332, 152, 11.30%, 0, 0, 4, 112.70
1575115327, 0, 641, 1403, 1332, 150, 11.30%, 0, 0, 4, 104.81
1575115332, 0, 651, 1411, 1340, 151, 11.32%, 0, 0, 4, 91.16
1575115342, 0, 656, 1411, 1339, 150, 11.32%, 0, 0, 4, 95.50
1575115352, 0, 656, 1413, 1341, 150, 11.33%, 0, 0, 4, 101.67
1575115357, 0, 656, 1418, 1346, 150, 11.33%, 0, 0, 4, 100.43
1575115363, 0, 656, 1424, 1352, 150, 11.33%, 0, 0, 4, 88.35
1575115368, 0, 667, 1426, 1353, 151, 11.33%, 0, 0, 4, 82.48
1575115373, 0, 673, 1427, 1353, 150, 11.33%, 0, 0, 4, 86.27
1575115378, 0, 677, 1427, 1352, 149, 11.33%, 0, 0, 4, 89.00
1575115388, 0, 677, 1454, 1378, 148, 11.34%, 0, 0, 4, 82.45
1575115393, 0, 679, 1456, 1380, 149, 11.34%, 0, 0, 4, 102.23
1575115398, 0, 690, 1457, 1380, 148, 11.34%, 0, 0, 4, 100.86
1575115414, 0, 694, 1457, 1379, 148, 11.34%, 0, 0, 4, 92.78
1575115419, 0, 698, 1458, 1379, 148, 11.35%, 0, 0, 4, 99.23
1575115424, 0, 707, 1458, 1378, 147, 11.35%, 0, 0, 4, 98.90
1575115429, 0, 707, 1469, 1388, 146, 11.35%, 0, 0, 4, 87.45
1575115434, 0, 728, 1470, 1389, 146, 11.35%, 0, 0, 4, 106.67
1575115444, 0, 731, 1470, 1388, 145, 11.35%, 0, 0, 4, 89.30
1575115449, 0, 731, 1471, 1389, 145, 11.35%, 0, 0, 4, 99.28
1575115454, 0, 748, 1471, 1388, 145, 11.35%, 0, 0, 4, 109.12
1575115459, 0, 748, 1474, 1391, 145, 11.36%, 0, 0, 4, 95.60
1575115464, 0, 754, 1474, 1390, 143, 11.36%, 0, 0, 4, 90.98
1575115475, 0, 767, 1474, 1389, 142, 11.36%, 0, 0, 4, 103.91
1575115485, 0, 767, 1477, 1391, 141, 11.36%, 0, 0, 4, 89.66
1575115490, 0, 767, 1503, 1417, 141, 11.38%, 0, 0, 4, 75.28
1575115495, 0, 777, 1503, 1417, 145, 11.38%, 0, 0, 4, 95.49
1575115505, 0, 778, 1503, 1416, 144, 11.38%, 0, 0, 4, 111.10
1575115515, 0, 790, 1505, 1417, 143, 11.38%, 0, 0, 4, 111.89
1575115526, 0, 791, 1505, 1416, 143, 11.38%, 0, 0, 4, 86.46
1575115531, 0, 792, 1505, 1415, 142, 11.38%, 0, 0, 4, 95.16
1575115541, 0, 792, 1506, 1416, 142, 11.38%, 0, 0, 4, 118.58
1575115546, 0, 799, 1523, 1432, 144, 11.40%, 0, 0, 4, 89.11
1575115551, 0, 799, 1526, 1435, 144, 11.40%, 0, 0, 4, 96.34
1575115561, 0, 799, 1527, 1436, 144, 11.40%, 0, 0, 4, 102.64
1575115566, 0, 799, 1528, 1437, 144, 11.40%, 0, 0, 4, 94.43
1575115592, 0, 802, 1528, 1436, 143, 11.40%, 0, 0, 4, 98.00
1575115597, 0, 810, 1528, 1435, 142, 11.40%, 0, 0, 4, 102.71
1575115607, 0, 812, 1528, 1434, 141, 11.40%, 0, 0, 4, 112.67
1575115612, 0, 828, 1528, 1433, 140, 11.40%, 0, 0, 4, 110.60
1575115617, 0, 828, 1545, 1449, 139, 11.40%, 0, 0, 4, 96.91
1575115622, 0, 828, 1569, 1473, 139, 11.41%, 0, 0, 4, 70.52
1575115628, 0, 848, 1570, 1474, 142, 11.41%, 0, 0, 4, 75.83
1575115638, 0, 848, 1572, 1476, 142, 11.42%, 0, 0, 4, 109.55
1575115643, 0, 852, 1572, 1474, 141, 11.42%, 0, 0, 4, 96.37
1575115658, 0, 856, 1572, 1473, 140, 11.42%, 0, 0, 4, 78.80
1575115668, 0, 901, 1572, 1472, 139, 11.42%, 0, 0, 4, 71.74
1575115684, 0, 901, 1593, 1492, 138, 11.42%, 0, 0, 4, 70.12
1575115689, 0, 914, 1600, 1499, 141, 11.43%, 0, 0, 4, 79.15
1575115699, 0, 916, 1600, 1498, 140, 11.43%, 0, 0, 4, 93.78
1575115704, 0, 916, 1601, 1499, 140, 11.43%, 0, 0, 4, 96.09
1575115719, 0, 931, 1603, 1500, 139, 11.43%, 0, 0, 4, 103.86
1575115744, 0, 940, 1604, 1500, 138, 11.43%, 0, 0, 4, 93.59
1575115755, 0, 941, 1604, 1499, 138, 11.43%, 0, 0, 4, 92.71
1575115760, 0, 941, 1605, 1500, 138, 11.43%, 0, 0, 4, 108.58
1575115765, 0, 941, 1608, 1503, 138, 11.49%, 0, 0, 4, 103.75
1575115770, 0, 941, 1613, 1507, 137, 11.50%, 0, 0, 4, 84.61
1575115775, 0, 941, 1637, 1531, 137, 11.50%, 0, 0, 4, 74.87
1575115780, 0, 953, 1640, 1534, 140, 11.50%, 0, 0, 4, 100.68
1575115785, 0, 957, 1640, 1532, 138, 11.50%, 0, 0, 4, 121.79
1575115791, 0, 959, 1641, 1532, 138, 11.50%, 0, 0, 4, 104.73
1575115801, 0, 959, 1643, 1534, 138, 11.50%, 0, 0, 4, 87.81
1575115806, 0, 962, 1643, 1533, 139, 11.50%, 0, 0, 4, 94.51
1575115821, 0, 962, 1658, 1547, 138, 11.56%, 0, 0, 4, 84.13
1575115826, 0, 964, 1659, 1548, 137, 11.56%, 0, 0, 4, 92.11
1575115841, 0, 965, 1659, 1547, 136, 11.56%, 0, 0, 4, 117.26
1575115846, 0, 967, 1659, 1546, 135, 11.56%, 0, 0, 4, 96.97
1575115857, 0, 979, 1659, 1545, 134, 11.56%, 0, 0, 4, 94.81
1575115872, 0, 988, 1659, 1544, 133, 11.56%, 0, 0, 4, 98.93
1575115877, 0, 988, 1682, 1566, 132, 11.61%, 0, 0, 4, 73.71
1575115882, 0, 992, 1683, 1566, 129, 11.61%, 0, 0, 4, 95.94
1575115887, 0, 992, 1684, 1567, 129, 11.61%, 0, 0, 4, 104.17
1575115892, 0, 1000, 1684, 1566, 128, 11.61%, 0, 0, 4, 103.56
1575115897, 0, 1000, 1685, 1567, 128, 11.61%, 0, 0, 4, 103.48
1575115902, 0, 1000, 1686, 1568, 128, 11.61%, 0, 0, 4, 107.94
1575115908, 0, 1000, 1687, 1569, 128, 11.62%, 0, 0, 4, 92.88
1575115913, 0, 1000, 1688, 1570, 128, 11.62%, 0, 0, 4, 90.89
1575115938, 0, 1000, 1689, 1571, 128, 11.62%, 0, 0, 4, 88.21
1575115958, 0, 1000, 1690, 1572, 128, 11.62%, 0, 0, 4, 110.18
1575115963, 0, 1005, 1690, 1571, 129, 11.62%, 0, 0, 4, 92.69
1575115979, 0, 1020, 1690, 1570, 128, 11.62%, 0, 0, 4, 97.70
1575115984, 0, 1020, 1695, 1574, 128, 11.62%, 0, 0, 4, 100.50
1575115989, 0, 1020, 1724, 1603, 128, 11.65%, 0, 0, 4, 80.81
1575115994, 0, 1027, 1725, 1604, 133, 11.65%, 0, 0, 4, 69.19
1575116004, 0, 1047, 1725, 1603, 132, 11.65%, 0, 0, 4, 87.66
1575116014, 0, 1056, 1726, 1603, 131, 11.65%, 0, 0, 4, 102.68
1575116030, 0, 1063, 1726, 1602, 131, 11.65%, 0, 0, 4, 100.21
1575116040, 0, 1072, 1726, 1601, 130, 11.65%, 0, 0, 4, 90.61
1575116045, 0, 1072, 1729, 1603, 129, 11.65%, 0, 0, 4, 83.43
1575116050, 0, 1077, 1743, 1617, 130, 11.66%, 0, 0, 4, 65.10
1575116065, 0, 1079, 1743, 1616, 129, 11.66%, 0, 0, 4, 86.25
1575116070, 0, 1079, 1745, 1618, 129, 11.66%, 0, 0, 4, 95.60
1575116075, 0, 1087, 1745, 1616, 127, 11.66%, 0, 0, 4, 98.96
1575116091, 0, 1112, 1745, 1615, 126, 11.66%, 0, 0, 4, 104.67
1575116096, 0, 1112, 1746, 1616, 126, 11.66%, 0, 0, 4, 110.86
1575116101, 0, 1112, 1757, 1626, 125, 11.67%, 0, 0, 4, 79.52
1575116111, 0, 1113, 1766, 1635, 129, 11.67%, 0, 0, 4, 82.51
1575116121, 0, 1124, 1766, 1634, 128, 11.67%, 0, 0, 4, 96.63
1575116132, 0, 1125, 1766, 1633, 127, 11.67%, 0, 0, 4, 115.13
1575116142, 0, 1127, 1768, 1634, 127, 11.67%, 0, 0, 4, 96.22
1575116152, 0, 1131, 1768, 1633, 127, 11.67%, 0, 0, 4, 89.16
1575116162, 0, 1131, 1769, 1633, 126, 11.70%, 0, 0, 4, 100.64
1575116168, 0, 1131, 1802, 1666, 126, 11.79%, 0, 0, 4, 68.56
1575116173, 0, 1131, 1821, 1685, 126, 11.79%, 0, 0, 4, 61.30
1575116178, 0, 1137, 1827, 1691, 140, 11.79%, 0, 0, 4, 82.71
1575116188, 0, 1140, 1827, 1690, 139, 11.79%, 0, 0, 4, 100.28
1575116193, 0, 1140, 1828, 1691, 139, 11.79%, 0, 0, 4, 99.83
1575116203, 0, 1178, 1828, 1689, 137, 11.79%, 0, 0, 4, 106.55
1575116208, 0, 1182, 1828, 1688, 136, 11.79%, 0, 0, 4, 99.35
1575116218, 0, 1182, 1830, 1689, 135, 11.79%, 0, 0, 4, 95.59
1575116223, 0, 1196, 1844, 1703, 133, 11.80%, 0, 0, 4, 65.54
1575116239, 0, 1202, 1844, 1702, 132, 11.80%, 0, 0, 4, 93.48
1575116244, 0, 1204, 1844, 1700, 130, 11.80%, 0, 0, 4, 104.67
1575116254, 0, 1209, 1844, 1699, 129, 11.80%, 0, 0, 4, 109.78
1575116259, 0, 1209, 1849, 1703, 129, 11.80%, 0, 0, 4, 92.71
1575116264, 0, 1252, 1851, 1705, 130, 11.80%, 0, 0, 4, 90.65
1575116269, 0, 1269, 1851, 1704, 129, 11.80%, 0, 0, 4, 93.06
1575116280, 0, 1273, 1851, 1703, 128, 11.80%, 0, 0, 4, 100.94
1575116285, 0, 1273, 1852, 1704, 128, 11.80%, 0, 0, 4, 98.44
1575116295, 0, 1274, 1852, 1703, 127, 11.80%, 0, 0, 4, 105.89
1575116300, 0, 1274, 1853, 1704, 127, 11.80%, 0, 0, 4, 101.71
1575116305, 0, 1277, 1854, 1704, 126, 11.80%, 0, 0, 4, 88.39
1575116315, 0, 1277, 1869, 1718, 126, 11.81%, 0, 0, 4, 71.68
1575116320, 0, 1299, 1882, 1731, 128, 11.84%, 0, 0, 4, 64.80
1575116331, 0, 1306, 1882, 1730, 127, 11.84%, 0, 0, 4, 107.13
1575116346, 0, 1307, 1882, 1729, 126, 11.84%, 0, 0, 4, 107.83
1575116356, 0, 1308, 1882, 1728, 125, 11.84%, 0, 0, 4, 97.46
1575116367, 0, 1318, 1882, 1727, 124, 11.84%, 0, 0, 4, 81.11
1575116387, 0, 1318, 1884, 1729, 124, 11.84%, 0, 0, 5, 106.30
1575116392, 0, 1318, 1886, 1730, 123, 11.84%, 0, 0, 5, 105.59
1575116397, 0, 1318, 1907, 1751, 123, 11.85%, 0, 0, 5, 64.17
1575116402, 0, 1336, 1912, 1756, 121, 11.85%, 0, 0, 5, 80.61
1575116407, 0, 1340, 1913, 1756, 120, 11.85%, 0, 0, 5, 105.11
1575116413, 0, 1344, 1914, 1756, 119, 11.85%, 0, 0, 5, 116.94
1575116418, 0, 1353, 1914, 1755, 118, 11.85%, 0, 0, 5, 116.37
1575116423, 0, 1372, 1914, 1754, 117, 11.85%, 0, 0, 5, 94.92
1575116428, 0, 1372, 1920, 1759, 116, 11.85%, 0, 0, 5, 98.23
1575116433, 0, 1386, 1940, 1779, 120, 11.87%, 0, 0, 5, 74.71
1575116438, 0, 1398, 1940, 1778, 120, 11.87%, 0, 0, 5, 87.33
1575116448, 0, 1401, 1940, 1777, 119, 11.87%, 0, 0, 5, 73.40
1575116463, 0, 1405, 1940, 1776, 118, 11.87%, 0, 0, 5, 88.22
1575116468, 0, 1407, 1941, 1776, 118, 11.87%, 0, 0, 5, 90.96
1575116473, 0, 1407, 1942, 1777, 118, 11.88%, 0, 0, 5, 96.19
1575116483, 0, 1407, 1943, 1778, 118, 11.88%, 0, 0, 5, 96.61
1575116489, 0, 1407, 1957, 1791, 117, 11.90%, 0, 0, 5, 70.29
1575116494, 0, 1411, 1958, 1792, 121, 11.90%, 0, 0, 5, 91.88
1575116509, 0, 1413, 1958, 1791, 120, 11.90%, 0, 0, 5, 86.84
1575116514, 0, 1413, 1959, 1792, 120, 11.90%, 0, 0, 5, 83.85
1575116524, 0, 1414, 1959, 1791, 119, 11.90%, 0, 0, 5, 89.70
1575116534, 0, 1446, 1959, 1790, 118, 11.90%, 0, 0, 5, 96.02
1575116550, 0, 1453, 1959, 1789, 117, 11.90%, 0, 0, 5, 86.20
1575116555, 0, 1453, 1960, 1790, 117, 11.90%, 0, 0, 5, 86.61
1575116560, 0, 1454, 1974, 1803, 119, 11.90%, 0, 0, 5, 83.67
1575116565, 0, 1463, 1974, 1802, 118, 11.90%, 0, 0, 5, 89.23
1575116575, 0, 1467, 1974, 1801, 117, 11.90%, 0, 0, 5, 101.44
1575116585, 0, 1467, 1978, 1805, 117, 11.90%, 0, 0, 5, 92.37
1575116590, 0, 1467, 1982, 1809, 117, 11.91%, 0, 0, 5, 105.22
1575116595, 0, 1473, 1983, 1809, 117, 11.91%, 0, 0, 5, 95.67
1575116611, 0, 1475, 1983, 1808, 116, 11.91%, 0, 0, 5, 86.83
1575116616, 0, 1475, 1989, 1814, 116, 11.92%, 0, 0, 5, 90.21
1575116621, 0, 1475, 1993, 1818, 116, 11.93%, 0, 0, 5, 105.82
1575116626, 0, 1475, 1994, 1819, 116, 11.93%, 0, 0, 5, 102.68
1575116631, 0, 1475, 2003, 1827, 115, 11.93%, 0, 0, 5, 77.38
1575116636, 0, 1478, 2003, 1827, 119, 11.93%, 0, 0, 5, 94.94
1575116641, 0, 1483, 2003, 1826, 118, 11.93%, 0, 0, 5, 107.47
1575116646, 0, 1484, 2003, 1825, 117, 11.93%, 0, 0, 5, 102.54
1575116651, 0, 1484, 2005, 1827, 117, 11.93%, 0, 0, 5, 92.51
1575116656, 0, 1484, 2006, 1828, 117, 11.93%, 0, 0, 5, 100.98
1575116687, 0, 1486, 2014, 1835, 116, 11.93%, 0, 0, 5, 101.68
1575116692, 0, 1486, 2019, 1840, 116, 11.93%, 0, 0, 5, 112.17
1575116702, 0, 1486, 2020, 1841, 116, 11.93%, 0, 0, 5, 99.13
1575116707, 0, 1486, 2021, 1842, 116, 11.93%, 0, 0, 5, 104.25
1575116712, 0, 1486, 2022, 1843, 116, 11.93%, 0, 0, 5, 100.05
1575116717, 0, 1486, 2023, 1844, 116, 11.93%, 0, 0, 5, 109.56
1575116768, 0, 1487, 2023, 1843, 117, 11.93%, 0, 0, 5, 99.04
1575116773, 0, 1487, 2033, 1852, 116, 12.01%, 0, 0, 5, 93.27
1575116778, 0, 1487, 2063, 1882, 116, 12.03%, 0, 0, 5, 75.44
1575116784, 0, 1496, 2064, 1883, 126, 12.03%, 0, 0, 5, 94.79
1575116794, 0, 1499, 2064, 1882, 126, 12.03%, 0, 0, 5, 89.40
1575116799, 0, 1499, 2067, 1885, 126, 12.03%, 0, 0, 5, 86.83
1575116804, 0, 1499, 2073, 1891, 126, 12.04%, 0, 0, 5, 94.16
1575116809, 0, 1499, 2074, 1892, 126, 12.04%, 0, 0, 5, 104.97
1575116814, 0, 1504, 2074, 1891, 126, 12.04%, 0, 0, 5, 99.55
1575116830, 0, 1508, 2074, 1890, 125, 12.04%, 0, 0, 5, 92.57
1575116835, 0, 1516, 2074, 1889, 124, 12.04%, 0, 0, 5, 89.71
1575116845, 0, 1516, 2092, 1906, 123, 12.04%, 0, 0, 5, 81.18
1575116850, 0, 1516, 2106, 1920, 123, 12.05%, 0, 0, 5, 57.97
1575116855, 0, 1519, 2107, 1921, 131, 12.05%, 0, 0, 5, 95.56
1575116860, 0, 1519, 2108, 1922, 131, 12.05%, 0, 0, 5, 102.23
1575116865, 0, 1525, 2108, 1921, 131, 12.05%, 0, 0, 5, 111.22
1575116870, 0, 1533, 2109, 1921, 130, 12.05%, 0, 0, 5, 98.80
1575116886, 0, 1535, 2109, 1920, 129, 12.05%, 0, 0, 5, 86.80
1575116891, 0, 1545, 2109, 1919, 128, 12.05%, 0, 0, 5, 84.29
1575116901, 0, 1563, 2113, 1922, 127, 12.05%, 0, 0, 5, 79.62
1575116911, 0, 1564, 2113, 1921, 126, 12.05%, 0, 0, 5, 92.88
1575116922, 0, 1572, 2113, 1920, 125, 12.05%, 0, 0, 5, 104.06
1575116932, 0, 1577, 2113, 1919, 124, 12.05%, 0, 0, 5, 85.63
1575116942, 0, 1610, 2113, 1918, 123, 12.05%, 0, 0, 5, 103.91
1575116952, 0, 1610, 2120, 1924, 122, 12.06%, 0, 0, 5, 108.88
1575116957, 0, 1619, 2130, 1934, 120, 12.06%, 0, 0, 5, 101.44
1575116963, 0, 1621, 2130, 1933, 120, 12.06%, 0, 0, 5, 94.84
1575116968, 0, 1624, 2131, 1933, 120, 12.06%, 0, 0, 5, 97.10
1575116973, 0, 1630, 2131, 1932, 120, 12.06%, 0, 0, 5, 89.90
1575116988, 0, 1633, 2131, 1931, 119, 12.06%, 0, 0, 5, 98.49
1575116993, 0, 1633, 2142, 1941, 118, 12.06%, 0, 0, 5, 83.20
1575116998, 0, 1635, 2148, 1947, 122, 12.07%, 0, 0, 5, 85.60
1575117003, 0, 1636, 2148, 1946, 121, 12.07%, 0, 0, 5, 94.25
1575117008, 0, 1642, 2148, 1945, 120, 12.07%, 0, 0, 5, 93.62
1575117034, 0, 1652, 2148, 1944, 119, 12.07%, 0, 0, 5, 95.51
1575117044, 0, 1665, 2148, 1943, 118, 12.07%, 0, 0, 5, 96.09
1575117059, 0, 1669, 2164, 1958, 119, 12.08%, 0, 0, 5, 82.34
1575117074, 0, 1693, 2164, 1957, 118, 12.08%, 0, 0, 5, 106.76
1575117084, 0, 1699, 2165, 1957, 117, 12.08%, 0, 0, 5, 95.26
1575117089, 0, 1706, 2165, 1956, 116, 12.08%, 0, 0, 5, 83.90
1575117100, 0, 1710, 2167, 1957, 115, 12.08%, 0, 0, 5, 88.01
1575117105, 0, 1710, 2169, 1959, 115, 12.09%, 0, 0, 5, 99.96
1575117115, 0, 1710, 2170, 1960, 115, 12.09%, 0, 0, 5, 97.46
1575117120, 0, 1710, 2171, 1961, 115, 12.09%, 0, 0, 5, 93.26
1575117150, 0, 1710, 2176, 1966, 115, 12.09%, 0, 0, 5, 109.50
1575117156, 0, 1710, 2184, 1973, 114, 12.09%, 0, 0, 5, 93.27
1575117161, 0, 1710, 2207, 1996, 114, 12.09%, 0, 0, 5, 64.54
1575117166, 0, 1713, 2214, 2003, 120, 12.11%, 0, 0, 5, 72.48
1575117171, 0, 1725, 2214, 2002, 119, 12.11%, 0, 0, 5, 100.86
1575117181, 0, 1726, 2214, 2001, 118, 12.11%, 0, 0, 5, 89.38
1575117191, 0, 1732, 2214, 1999, 117, 12.11%, 0, 0, 5, 109.59
1575117196, 0, 1732, 2215, 2000, 117, 12.11%, 0, 0, 5, 111.42
1575117201, 0, 1733, 2230, 2014, 120, 12.13%, 0, 0, 5, 93.73
1575117211, 0, 1733, 2231, 2015, 120, 12.13%, 0, 0, 5, 94.02
1575117216, 0, 1746, 2232, 2015, 119, 12.13%, 0, 0, 5, 89.59
1575117222, 0, 1747, 2232, 2014, 119, 12.13%, 0, 0, 5, 88.11
1575117232, 0, 1750, 2232, 2013, 118, 12.13%, 0, 0, 5, 102.00
1575117237, 0, 1767, 2233, 2013, 118, 12.13%, 0, 0, 5, 109.59
1575117247, 0, 1767, 2245, 2024, 117, 12.14%, 0, 0, 5, 72.28
1575117252, 0, 1768, 2252, 2031, 122, 12.15%, 0, 0, 5, 80.83
1575117257, 0, 1768, 2253, 2032, 122, 12.15%, 0, 0, 5, 99.82
1575117262, 0, 1780, 2254, 2032, 122, 12.15%, 0, 0, 5, 89.51
1575117267, 0, 1780, 2255, 2033, 122, 12.15%, 0, 0, 5, 86.02
1575117278, 0, 1784, 2256, 2033, 121, 12.15%, 0, 0, 5, 106.63
1575117288, 0, 1787, 2256, 2032, 121, 12.15%, 0, 0, 5, 89.40
1575117293, 0, 1787, 2257, 2033, 121, 12.15%, 0, 0, 5, 103.30
1575117298, 0, 1787, 2259, 2035, 121, 12.15%, 0, 0, 5, 106.01
1575117313, 0, 1787, 2260, 2036, 121, 12.15%, 0, 0, 5, 105.94
1575117319, 0, 1787, 2263, 2039, 121, 12.15%, 0, 0, 5, 116.52
1575117329, 0, 1787, 2264, 2040, 121, 12.15%, 0, 0, 5, 98.01
1575117344, 0, 1787, 2266, 2042, 121, 12.15%, 0, 0, 5, 87.69
1575117349, 0, 1787, 2268, 2044, 121, 12.15%, 0, 0, 5, 91.41
1575117359, 0, 1793, 2268, 2043, 122, 12.15%, 0, 0, 5, 88.56
1575117364, 0, 1793, 2269, 2044, 122, 12.16%, 0, 0, 5, 88.09
1575117370, 0, 1793, 2274, 2048, 121, 12.23%, 0, 0, 5, 80.92
1575117375, 0, 1793, 2308, 2082, 121, 12.23%, 0, 0, 5, 71.69
1575117380, 0, 1793, 2331, 2105, 121, 12.26%, 0, 0, 5, 66.45
1575117385, 0, 1827, 2335, 2109, 121, 12.26%, 0, 0, 5, 86.48
1575117395, 0, 1839, 2335, 2108, 120, 12.26%, 0, 0, 5, 87.94
1575117400, 0, 1844, 2336, 2108, 119, 12.26%, 0, 0, 5, 93.70
1575117410, 0, 1859, 2336, 2107, 118, 12.26%, 0, 0, 5, 97.03
1575117415, 0, 1859, 2339, 2110, 118, 12.26%, 0, 0, 5, 87.90
1575117420, 0, 1859, 2347, 2118, 118, 12.26%, 0, 0, 5, 87.93
1575117425, 0, 1859, 2349, 2120, 118, 12.26%, 0, 0, 5, 105.69
1575117430, 0, 1859, 2356, 2127, 118, 12.26%, 0, 0, 5, 103.93
1575117435, 0, 1859, 2359, 2130, 118, 12.26%, 0, 0, 5, 100.27
1575117440, 0, 1868, 2359, 2129, 116, 12.26%, 0, 0, 5, 90.39
1575117451, 0, 1868, 2370, 2139, 115, 12.27%, 0, 0, 5, 85.18
1575117456, 0, 1868, 2398, 2167, 115, 12.31%, 0, 0, 5, 63.50
1575117461, 0, 1868, 2410, 2179, 115, 12.31%, 0, 0, 5, 54.22
1575117466, 0, 1874, 2412, 2181, 124, 12.31%, 0, 0, 5, 82.91
1575117471, 0, 1892, 2412, 2180, 124, 12.31%, 0, 0, 5, 107.29
1575117476, 0, 1905, 2412, 2179, 123, 12.31%, 0, 0, 5, 102.09
1575117486, 0, 1905, 2417, 2184, 123, 12.32%, 0, 0, 5, 91.32
1575117491, 0, 1905, 2418, 2185, 123, 12.32%, 0, 0, 5, 95.20
1575117496, 0, 1917, 2420, 2185, 121, 12.32%, 0, 0, 5, 106.90
1575117502, 0, 1917, 2421, 2186, 121, 12.32%, 0, 0, 5, 100.84
1575117507, 0, 1917, 2430, 2194, 120, 12.32%, 0, 0, 5, 75.56
1575117512, 0, 1917, 2448, 2212, 120, 12.39%, 0, 0, 5, 62.15
1575117517, 0, 1921, 2459, 2223, 121, 12.40%, 0, 0, 5, 54.41
1575117522, 0, 1929, 2459, 2222, 120, 12.40%, 0, 0, 5, 83.08
1575117527, 0, 1939, 2461, 2223, 120, 12.40%, 0, 0, 5, 100.20
1575117532, 0, 1939, 2463, 2225, 120, 12.41%, 0, 0, 5, 89.84
1575117547, 0, 1939, 2464, 2226, 120, 12.41%, 0, 0, 5, 99.54
1575117558, 0, 1939, 2465, 2227, 120, 12.41%, 0, 0, 5, 96.24
1575117563, 0, 1939, 2467, 2229, 120, 12.42%, 0, 0, 5, 95.08
1575117568, 0, 1939, 2469, 2231, 120, 12.42%, 0, 0, 5, 81.02
1575117573, 0, 1939, 2470, 2232, 120, 12.42%, 0, 0, 5, 81.96
1575117578, 0, 1939, 2471, 2233, 120, 12.42%, 0, 0, 5, 78.18
1575117593, 0, 1939, 2472, 2234, 120, 12.42%, 0, 0, 5, 97.00
1575117619, 0, 1939, 2473, 2235, 120, 12.43%, 0, 0, 5, 92.20
1575117624, 0, 1948, 2473, 2234, 127, 12.43%, 0, 0, 5, 83.75
1575117629, 0, 1949, 2474, 2234, 128, 12.43%, 0, 0, 5, 82.18
1575117634, 0, 1949, 2475, 2235, 128, 12.43%, 0, 0, 5, 85.76
1575117639, 0, 1949, 2489, 2248, 127, 12.43%, 0, 0, 5, 83.83
1575117644, 0, 1949, 2519, 2278, 127, 12.44%, 0, 0, 5, 66.43
1575117649, 0, 1949, 2536, 2295, 127, 12.45%, 0, 0, 5, 65.37
1575117654, 0, 1949, 2540, 2299, 127, 12.45%, 0, 0, 5, 61.98
1575117659, 0, 1955, 2541, 2300, 133, 12.45%, 0, 0, 5, 78.35
1575117669, 0, 1959, 2541, 2299, 132, 12.45%, 0, 0, 5, 105.14
1575117674, 0, 1967, 2541, 2298, 131, 12.45%, 0, 0, 5, 93.52
1575117679, 0, 1972, 2542, 2298, 130, 12.45%, 0, 0, 5, 91.20
1575117684, 0, 1972, 2544, 2300, 130, 12.45%, 0, 0, 5, 103.10
1575117689, 0, 1980, 2546, 2301, 130, 12.45%, 0, 0, 5, 93.89
1575117695, 0, 1980, 2548, 2303, 130, 12.45%, 0, 0, 5, 96.36
1575117705, 0, 1980, 2549, 2304, 130, 12.45%, 0, 0, 5, 90.86
1575117715, 0, 1980, 2551, 2306, 130, 12.45%, 0, 0, 5, 83.93
1575117735, 0, 1980, 2552, 2307, 130, 12.45%, 0, 0, 5, 93.55
1575117761, 0, 1980, 2564, 2318, 129, 12.46%, 0, 0, 5, 71.18
1575117766, 0, 1980, 2582, 2336, 129, 12.47%, 0, 0, 5, 64.30
1575117771, 0, 1990, 2585, 2339, 132, 12.47%, 0, 0, 5, 69.85
1575117776, 0, 1990, 2586, 2340, 132, 12.47%, 0, 0, 5, 89.16
1575117781, 0, 1994, 2586, 2339, 132, 12.47%, 0, 0, 5, 87.53
1575117791, 0, 2000, 2586, 2338, 131, 12.47%, 0, 0, 5, 95.51
1575117801, 0, 2018, 2586, 2336, 129, 12.47%, 0, 0, 5, 102.58
1575117807, 0, 2018, 2592, 2341, 128, 12.48%, 0, 0, 5, 81.99
1575117812, 0, 2019, 2592, 2341, 130, 12.48%, 0, 0, 5, 82.63
1575117817, 0, 2027, 2592, 2340, 129, 12.48%, 0, 0, 5, 90.89
1575117827, 0, 2038, 2593, 2339, 128, 12.48%, 0, 0, 5, 105.55
1575117832, 0, 2043, 2593, 2338, 127, 12.48%, 0, 0, 5, 92.14
1575117837, 0, 2043, 2602, 2346, 126, 12.49%, 0, 0, 5, 77.31
1575117842, 0, 2049, 2607, 2351, 127, 12.49%, 0, 0, 5, 81.43
1575117852, 0, 2052, 2607, 2350, 126, 12.49%, 0, 0, 5, 91.68
1575117862, 0, 2053, 2607, 2349, 125, 12.49%, 0, 0, 5, 84.57
1575117877, 0, 2054, 2607, 2348, 125, 12.49%, 0, 0, 5, 86.15
1575117888, 0, 2055, 2607, 2347, 124, 12.49%, 0, 0, 5, 99.06
1575117903, 0, 2055, 2625, 2364, 123, 12.50%, 0, 0, 5, 76.91
1575117908, 0, 2063, 2625, 2364, 127, 12.50%, 0, 0, 5, 89.67
1575117918, 0, 2076, 2625, 2363, 126, 12.50%, 0, 0, 5, 80.53
1575117928, 0, 2095, 2625, 2362, 125, 12.50%, 0, 0, 5, 71.05
1575117933, 0, 2096, 2626, 2362, 124, 12.50%, 0, 0, 5, 82.84
1575117943, 0, 2102, 2626, 2361, 123, 12.50%, 0, 0, 5, 94.61
1575117948, 0, 2102, 2627, 2362, 123, 12.50%, 0, 0, 5, 96.93
1575117954, 0, 2102, 2648, 2382, 122, 12.51%, 0, 0, 5, 75.53
1575117959, 0, 2107, 2651, 2385, 127, 12.51%, 0, 0, 5, 82.59
1575117964, 0, 2107, 2653, 2387, 127, 12.52%, 0, 0, 5, 81.62
1575117974, 0, 2107, 2654, 2388, 127, 12.52%, 0, 0, 5, 97.00
1575118004, 0, 2107, 2655, 2389, 127, 12.52%, 0, 0, 5, 88.27
1575118030, 0, 2107, 2656, 2390, 127, 12.52%, 0, 0, 5, 85.22
1575118046, 0, 2107, 2659, 2393, 127, 12.52%, 0, 0, 5, 87.42
1575118051, 0, 2113, 2659, 2392, 127, 12.52%, 0, 0, 5, 96.40
1575118061, 0, 2115, 2659, 2391, 126, 12.52%, 0, 0, 5, 93.35
1575118066, 0, 2115, 2660, 2392, 126, 12.52%, 0, 0, 5, 87.70
1575118071, 0, 2124, 2660, 2391, 125, 12.52%, 0, 0, 5, 83.84
1575118081, 0, 2128, 2660, 2390, 124, 12.52%, 0, 0, 5, 87.48
1575118096, 0, 2128, 2685, 2414, 123, 12.53%, 0, 0, 5, 79.38
1575118102, 0, 2128, 2706, 2435, 123, 12.53%, 0, 0, 5, 68.88
1575118107, 0, 2151, 2708, 2437, 127, 12.54%, 0, 0, 5, 59.74
1575118122, 0, 2154, 2708, 2436, 126, 12.54%, 0, 0, 5, 89.06
1575118132, 0, 2164, 2708, 2435, 125, 12.54%, 0, 0, 5, 91.59
1575118137, 0, 2167, 2708, 2434, 124, 12.54%, 0, 0, 5, 94.07
1575118142, 0, 2185, 2708, 2433, 123, 12.54%, 0, 0, 5, 94.63
1575118158, 0, 2216, 2722, 2446, 123, 12.55%, 0, 0, 5, 86.54
1575118163, 0, 2231, 2722, 2445, 122, 12.55%, 0, 0, 5, 88.61
1575118168, 0, 2233, 2722, 2444, 121, 12.55%, 0, 0, 5, 74.90
1575118183, 0, 2255, 2722, 2443, 120, 12.55%, 0, 0, 5, 86.80
1575118188, 0, 2255, 2723, 2444, 120, 12.55%, 0, 0, 5, 96.80
1575118193, 0, 2263, 2723, 2443, 119, 12.55%, 0, 0, 5, 107.11
1575118203, 0, 2263, 2739, 2458, 118, 12.55%, 0, 0, 5, 74.79
1575118208, 0, 2272, 2747, 2466, 120, 12.60%, 0, 0, 5, 86.93
1575118214, 0, 2274, 2747, 2465, 119, 12.60%, 0, 0, 5, 81.10
1575118229, 0, 2275, 2747, 2464, 119, 12.60%, 0, 0, 5, 111.14
1575118234, 0, 2275, 2748, 2465, 119, 12.60%, 0, 0, 5, 104.97
1575118239, 0, 2295, 2749, 2465, 118, 12.60%, 0, 0, 5, 88.46
1575118249, 0, 2316, 2749, 2464, 118, 12.60%, 0, 0, 5, 90.93
1575118254, 0, 2316, 2752, 2467, 118, 12.60%, 0, 0, 5, 103.05
1575118259, 0, 2316, 2754, 2469, 118, 12.60%, 0, 0, 5, 103.33
1575118295, 0, 2316, 2771, 2485, 117, 12.60%, 0, 0, 5, 67.62
1575118300, 0, 2316, 2797, 2511, 117, 12.60%, 0, 0, 5, 54.05
1575118305, 0, 2316, 2816, 2530, 117, 12.61%, 0, 0, 5, 52.69
1575118310, 0, 2320, 2821, 2535, 125, 12.61%, 0, 0, 5, 48.50
1575118320, 0, 2320, 2826, 2540, 125, 12.62%, 0, 0, 5, 87.04
1575118325, 0, 2320, 2834, 2548, 125, 12.62%, 0, 0, 5, 81.52
1575118330, 0, 2320, 2838, 2552, 125, 12.62%, 0, 0, 5, 96.25
1575118335, 0, 2322, 2838, 2551, 127, 12.62%, 0, 0, 5, 101.52
1575118346, 0, 2330, 2838, 2550, 126, 12.62%, 0, 0, 5, 81.55
1575118361, 0, 2347, 2838, 2549, 125, 12.62%, 0, 0, 5, 87.39
1575118371, 0, 2354, 2838, 2548, 125, 12.62%, 0, 0, 5, 99.66
1575118376, 0, 2354, 2839, 2549, 125, 12.62%, 0, 0, 5, 104.40
1575118382, 0, 2354, 2851, 2560, 124, 12.62%, 0, 0, 5, 69.56
1575118387, 0, 2354, 2876, 2585, 124, 12.63%, 0, 0, 5, 56.03
1575118392, 0, 2354, 2893, 2602, 124, 12.63%, 0, 0, 5, 57.54
1575118397, 0, 2359, 2895, 2604, 127, 12.64%, 0, 0, 5, 93.27
1575118402, 0, 2367, 2895, 2603, 126, 12.64%, 0, 0, 5, 85.92
1575118417, 0, 2373, 2898, 2605, 125, 12.64%, 0, 0, 5, 101.58
1575118422, 0, 2373, 2901, 2608, 125, 12.64%, 0, 0, 5, 89.52
1575118427, 0, 2373, 2903, 2610, 125, 12.64%, 0, 0, 5, 93.64
1575118432, 0, 2373, 2905, 2612, 125, 12.64%, 0, 0, 5, 96.51
1575118437, 0, 2373, 2907, 2614, 125, 12.64%, 0, 0, 5, 102.02
1575118447, 0, 2373, 2908, 2615, 125, 12.64%, 0, 0, 5, 88.11
1575118458, 0, 2373, 2910, 2617, 125, 12.64%, 0, 0, 5, 85.48
1575118468, 0, 2373, 2912, 2619, 125, 12.64%, 0, 0, 5, 88.45
1575118473, 0, 2373, 2914, 2621, 125, 12.64%, 0, 0, 5, 96.21
1575118478, 0, 2373, 2915, 2622, 125, 12.64%, 0, 0, 5, 94.34
1575118489, 0, 2378, 2915, 2621, 125, 12.64%, 0, 0, 5, 92.74
1575118494, 0, 2378, 2916, 2622, 125, 12.64%, 0, 0, 5, 88.39
1575118504, 0, 2382, 2917, 2622, 125, 12.64%, 0, 0, 5, 73.67
1575118514, 0, 2382, 2920, 2625, 125, 12.64%, 0, 0, 5, 92.68
1575118519, 0, 2382, 2922, 2627, 125, 12.64%, 0, 0, 5, 92.33
1575118524, 0, 2382, 2923, 2628, 125, 12.64%, 0, 0, 5, 101.81
1575118540, 0, 2382, 2924, 2629, 125, 12.64%, 0, 0, 5, 83.78
1575118565, 0, 2382, 2925, 2630, 125, 12.64%, 0, 0, 5, 104.44
1575118570, 0, 2382, 2926, 2631, 125, 12.64%, 0, 0, 5, 91.95
1575118580, 0, 2382, 2948, 2652, 124, 12.66%, 0, 0, 5, 58.87
1575118585, 0, 2382, 2973, 2677, 124, 12.67%, 0, 0, 5, 50.26
1575118590, 0, 2382, 2999, 2703, 124, 12.69%, 0, 0, 5, 48.90
1575118596, 0, 2382, 3021, 2725, 124, 12.70%, 0, 0, 5, 43.65
1575118601, 0, 2382, 3035, 2739, 124, 12.73%, 0, 0, 5, 41.50
1575118606, 0, 2382, 3055, 2759, 124, 12.73%, 0, 0, 5, 42.26
1575118611, 0, 2382, 3071, 2775, 124, 12.77%, 0, 0, 5, 38.87
1575118616, 0, 2382, 3086, 2790, 124, 12.77%, 0, 0, 5, 38.24
1575118621, 0, 2382, 3101, 2805, 124, 12.77%, 0, 0, 5, 44.21
1575118627, 0, 2382, 3105, 2809, 124, 12.77%, 0, 0, 5, 46.09
1575118632, 0, 2382, 3108, 2812, 124, 12.77%, 0, 0, 5, 42.74
1575118637, 0, 2382, 3113, 2817, 124, 12.77%, 0, 0, 5, 46.92
1575118642, 0, 2382, 3115, 2819, 124, 12.77%, 0, 0, 5, 50.47
1575118647, 0, 2393, 3115, 2819, 127, 12.77%, 0, 0, 5, 88.55
1575118652, 0, 2400, 3115, 2818, 127, 12.77%, 0, 0, 5, 92.70
1575118657, 0, 2400, 3116, 2819, 127, 12.77%, 0, 0, 5, 94.29
1575118667, 0, 2400, 3124, 2827, 127, 12.77%, 0, 0, 5, 75.21
1575118672, 0, 2400, 3127, 2830, 127, 12.77%, 0, 0, 5, 76.39
1575118677, 0, 2418, 3127, 2829, 127, 12.77%, 0, 0, 5, 90.24
1575118682, 0, 2423, 3127, 2828, 126, 12.77%, 0, 0, 5, 97.08
1575118698, 0, 2435, 3127, 2827, 125, 12.77%, 0, 0, 5, 89.39
1575118708, 0, 2435, 3131, 2830, 124, 12.77%, 0, 0, 5, 88.67
1575118713, 0, 2435, 3147, 2846, 124, 12.78%, 0, 0, 5, 62.71
1575118718, 0, 2435, 3169, 2868, 124, 12.79%, 0, 0, 5, 50.42
1575118723, 0, 2435, 3187, 2886, 124, 12.79%, 0, 0, 5, 45.80
1575118728, 0, 2438, 3190, 2889, 123, 12.80%, 0, 0, 5, 81.41
1575118733, 0, 2444, 3192, 2890, 122, 12.80%, 0, 0, 5, 83.72
1575118749, 0, 2445, 3192, 2889, 121, 12.80%, 0, 0, 5, 102.45
1575118759, 0, 2460, 3192, 2888, 120, 12.80%, 0, 0, 5, 108.48
1575118764, 0, 2461, 3192, 2887, 120, 12.80%, 0, 0, 5, 108.56
1575118774, 0, 2461, 3202, 2896, 119, 12.80%, 0, 0, 5, 67.56
1575118779, 0, 2474, 3205, 2899, 120, 12.80%, 0, 0, 5, 61.79
1575118789, 0, 2488, 3205, 2898, 119, 12.80%, 0, 0, 5, 86.71
1575118794, 0, 2492, 3206, 2898, 118, 12.80%, 0, 0, 5, 88.77
1575118805, 0, 2497, 3206, 2897, 117, 12.80%, 0, 0, 5, 99.91
1575118810, 0, 2525, 3206, 2896, 116, 12.80%, 0, 0, 5, 95.79
1575118825, 0, 2525, 3227, 2916, 115, 12.80%, 0, 0, 5, 74.06
1575118830, 0, 2536, 3230, 2919, 116, 12.80%, 0, 0, 5, 82.76
1575118835, 0, 2536, 3232, 2921, 116, 12.80%, 0, 0, 5, 81.97
1575118840, 0, 2547, 3232, 2920, 116, 12.80%, 0, 0, 5, 84.10
1575118850, 0, 2551, 3233, 2920, 115, 12.80%, 0, 0, 5, 92.24
1575118861, 0, 2551, 3234, 2921, 115, 12.81%, 0, 0, 5, 92.97
1575118876, 0, 2557, 3234, 2920, 115, 12.81%, 0, 0, 5, 89.80
1575118886, 0, 2561, 3234, 2919, 114, 12.81%, 0, 0, 5, 99.67
1575118891, 0, 2561, 3237, 2922, 114, 12.81%, 0, 0, 5, 89.49
1575118896, 0, 2561, 3239, 2924, 114, 12.81%, 0, 0, 5, 90.83
1575118901, 0, 2561, 3254, 2938, 113, 12.81%, 0, 0, 5, 63.47
1575118906, 0, 2561, 3270, 2954, 113, 12.82%, 0, 0, 5, 49.25
1575118911, 0, 2577, 3273, 2957, 114, 12.82%, 0, 0, 5, 78.85
1575118917, 0, 2577, 3279, 2963, 114, 12.82%, 0, 0, 5, 70.01
1575118922, 0, 2577, 3284, 2968, 114, 12.82%, 0, 0, 5, 77.40
1575118927, 0, 2577, 3289, 2973, 114, 12.82%, 0, 0, 5, 78.96
1575118932, 0, 2577, 3291, 2975, 114, 12.82%, 0, 0, 5, 89.64
1575118937, 0, 2583, 3293, 2976, 114, 12.82%, 0, 0, 5, 97.75
1575118942, 0, 2584, 3293, 2975, 113, 12.82%, 0, 0, 5, 86.88
1575118947, 0, 2584, 3294, 2976, 113, 12.82%, 0, 0, 5, 91.79
1575118952, 0, 2584, 3295, 2977, 113, 12.82%, 0, 0, 5, 95.10
1575118957, 0, 2585, 3295, 2976, 113, 12.82%, 0, 0, 5, 110.69
1575118963, 0, 2588, 3295, 2975, 112, 12.82%, 0, 0, 5, 103.47
1575118973, 0, 2588, 3307, 2986, 111, 12.82%, 0, 0, 5, 62.46
1575118978, 0, 2588, 3316, 2995, 111, 12.82%, 0, 0, 5, 46.40
1575118983, 0, 2592, 3316, 2995, 111, 12.82%, 0, 0, 5, 69.18
1575118993, 0, 2603, 3316, 2994, 110, 12.82%, 0, 0, 5, 85.59
1575119003, 0, 2604, 3316, 2993, 109, 12.82%, 0, 0, 5, 100.20
1575119009, 0, 2608, 3317, 2993, 108, 12.82%, 0, 0, 5, 104.20
1575119014, 0, 2610, 3317, 2992, 107, 12.82%, 0, 0, 5, 109.95
1575119019, 0, 2610, 3324, 2998, 106, 12.84%, 0, 0, 5, 14.55
1575119024, 0, 2610, 3341, 3015, 106, 12.84%, 0, 0, 5, 30.14
1575119029, 0, 2610, 3357, 3031, 106, 12.87%, 0, 0, 5, 30.79
1575119034, 0, 2610, 3369, 3043, 106, 12.87%, 0, 0, 5, 28.16
1575119039, 0, 2614, 3371, 3045, 110, 12.87%, 0, 0, 5, 80.79
1575119044, 0, 2614, 3372, 3046, 110, 12.87%, 0, 0, 5, 106.67
1575119065, 0, 2620, 3372, 3045, 109, 12.87%, 0, 0, 5, 86.58
1575119070, 0, 2630, 3372, 3044, 108, 12.87%, 0, 0, 5, 83.27
1575119080, 0, 2632, 3372, 3043, 107, 12.87%, 0, 0, 5, 97.39
1575119090, 0, 2639, 3374, 3044, 106, 12.88%, 0, 0, 5, 86.47
1575119095, 0, 2639, 3375, 3045, 106, 12.88%, 0, 0, 5, 94.71
1575119121, 0, 2639, 3376, 3046, 106, 12.88%, 0, 0, 5, 96.26
1575119161, 0, 2639, 3381, 3050, 105, 12.88%, 0, 0, 5, 84.46
1575119166, 0, 2639, 3393, 3062, 105, 12.88%, 0, 0, 5, 57.56
1575119172, 0, 2640, 3395, 3064, 108, 12.88%, 0, 0, 5, 65.38
1575119177, 0, 2640, 3396, 3065, 108, 12.88%, 0, 0, 5, 78.47
1575119182, 0, 2648, 3396, 3064, 107, 12.88%, 0, 0, 5, 94.34
1575119187, 0, 2668, 3396, 3063, 107, 12.88%, 0, 0, 5, 103.45
1575119197, 0, 2668, 3398, 3065, 107, 12.88%, 0, 0, 5, 85.94
1575119202, 0, 2674, 3398, 3064, 105, 12.88%, 0, 0, 5, 89.48
1575119212, 0, 2674, 3399, 3065, 105, 12.88%, 0, 0, 5, 97.85
1575119217, 0, 2679, 3399, 3064, 104, 12.88%, 0, 0, 5, 106.38
1575119222, 0, 2679, 3400, 3065, 104, 12.88%, 0, 0, 5, 106.29
1575119227, 0, 2679, 3421, 3085, 103, 12.88%, 0, 0, 5, 71.27
1575119232, 0, 2694, 3429, 3093, 105, 12.88%, 0, 0, 5, 75.37
1575119248, 0, 2712, 3429, 3092, 104, 12.88%, 0, 0, 5, 72.80
1575119258, 0, 2716, 3429, 3091, 103, 12.88%, 0, 0, 5, 92.98
1575119263, 0, 2719, 3429, 3090, 102, 12.88%, 0, 0, 5, 91.18
1575119268, 0, 2719, 3432, 3093, 102, 12.88%, 0, 0, 5, 88.48
1575119273, 0, 2719, 3435, 3096, 102, 12.88%, 0, 0, 5, 96.60
1575119278, 0, 2719, 3436, 3097, 102, 12.90%, 0, 0, 5, 95.88
1575119283, 0, 2724, 3437, 3097, 101, 12.90%, 0, 0, 5, 84.67
1575119294, 0, 2724, 3438, 3098, 101, 12.90%, 0, 0, 5, 96.62
1575119299, 0, 2724, 3447, 3106, 100, 12.90%, 0, 0, 5, 81.28
1575119304, 0, 2724, 3463, 3122, 100, 12.90%, 0, 0, 5, 48.71
1575119309, 0, 2731, 3468, 3127, 100, 12.90%, 0, 0, 5, 45.99
1575119314, 0, 2731, 3470, 3129, 100, 12.90%, 0, 0, 5, 79.34
1575119319, 0, 2731, 3473, 3132, 100, 12.90%, 0, 0, 5, 75.10
1575119324, 0, 2731, 3475, 3134, 100, 12.90%, 0, 0, 5, 93.29
1575119335, 0, 2742, 3475, 3133, 99, 12.90%, 0, 0, 5, 92.28
1575119345, 0, 2745, 3475, 3132, 98, 12.90%, 0, 0, 5, 91.13
1575119355, 0, 2745, 3476, 3133, 98, 12.90%, 0, 0, 5, 83.49
1575119360, 0, 2746, 3477, 3133, 97, 12.90%, 0, 0, 5, 93.28
1575119365, 0, 2766, 3478, 3133, 96, 12.90%, 0, 0, 5, 81.95
1575119375, 0, 2766, 3483, 3137, 95, 12.90%, 0, 0, 5, 62.99
1575119380, 0, 2778, 3488, 3142, 95, 12.90%, 0, 0, 5, 59.37
1575119391, 0, 2797, 3488, 3141, 94, 12.90%, 0, 0, 5, 85.23
1575119401, 0, 2797, 3489, 3142, 94, 12.91%, 0, 0, 5, 108.11
1575119406, 0, 2799, 3489, 3141, 94, 12.91%, 0, 0, 5, 102.50
1575119411, 0, 2803, 3489, 3140, 94, 12.91%, 0, 0, 5, 83.92
1575119426, 0, 2803, 3494, 3145, 94, 12.91%, 0, 0, 5, 73.14
1575119431, 0, 2803, 3500, 3151, 94, 12.91%, 0, 0, 5, 72.44
1575119436, 0, 2816, 3501, 3151, 94, 12.91%, 0, 0, 5, 79.85
1575119441, 0, 2816, 3503, 3153, 94, 12.91%, 0, 0, 5, 79.80
1575119451, 0, 2816, 3504, 3154, 94, 12.91%, 0, 0, 5, 100.74
1575119472, 0, 2816, 3523, 3172, 94, 12.92%, 0, 0, 5, 48.97
1575119477, 0, 2816, 3538, 3187, 94, 12.93%, 0, 0, 5, 35.49
1575119482, 0, 2816, 3551, 3200, 94, 12.93%, 0, 0, 5, 41.68
1575119488, 0, 2816, 3555, 3204, 94, 12.93%, 0, 0, 5, 34.85
1575119493, 0, 2862, 3557, 3206, 96, 12.93%, 0, 0, 5, 69.33
1575119503, 0, 2880, 3557, 3205, 95, 12.93%, 0, 0, 5, 80.97
1575119508, 0, 2881, 3557, 3204, 94, 12.93%, 0, 0, 5, 89.64
1575119513, 0, 2894, 3557, 3203, 93, 12.93%, 0, 0, 5, 86.06
1575119528, 0, 2904, 3557, 3202, 92, 12.93%, 0, 0, 5, 95.51
1575119534, 0, 2904, 3559, 3203, 91, 12.93%, 0, 0, 5, 91.62
1575119539, 0, 2904, 3573, 3217, 91, 12.93%, 0, 0, 5, 44.73
1575119544, 0, 2904, 3586, 3230, 91, 12.93%, 0, 0, 5, 32.61
1575119549, 0, 2928, 3597, 3241, 95, 12.93%, 0, 0, 5, 48.17
1575119564, 0, 2966, 3597, 3240, 95, 12.93%, 0, 0, 5, 93.86
1575119574, 0, 2966, 3601, 3244, 95, 12.93%, 0, 0, 5, 91.05
1575119584, 0, 2976, 3602, 3244, 94, 12.93%, 0, 0, 5, 86.16
1575119600, 0, 2993, 3602, 3243, 94, 12.93%, 0, 0, 5, 88.44
1575119605, 0, 2993, 3603, 3244, 94, 12.93%, 0, 0, 5, 84.81
1575119610, 0, 3028, 3603, 3243, 93, 12.93%, 0, 0, 5, 86.71
1575119620, 0, 3028, 3616, 3255, 92, 12.94%, 0, 0, 5, 60.48
1575119625, 0, 3028, 3634, 3273, 92, 12.94%, 0, 0, 5, 46.78
1575119630, 0, 3028, 3638, 3277, 92, 12.94%, 0, 0, 5, 43.67
1575119635, 0, 3032, 3639, 3278, 98, 12.94%, 0, 0, 5, 85.10
1575119640, 0, 3055, 3639, 3277, 97, 12.94%, 0, 0, 5, 86.21
1575119651, 0, 3077, 3639, 3276, 96, 12.94%, 0, 0, 5, 71.95
1575119656, 0, 3077, 3640, 3277, 96, 12.94%, 0, 0, 5, 70.06
1575119666, 0, 3086, 3640, 3276, 96, 12.94%, 0, 0, 5, 83.54
1575119681, 0, 3107, 3640, 3275, 95, 12.94%, 0, 0, 5, 98.41
1575119686, 0, 3107, 3641, 3276, 95, 12.95%, 0, 0, 5, 103.69
1575119691, 0, 3107, 3655, 3289, 94, 12.95%, 0, 0, 5, 68.81
1575119696, 0, 3121, 3660, 3294, 97, 12.95%, 0, 0, 5, 49.14
1575119712, 0, 3127, 3660, 3293, 96, 12.95%, 0, 0, 5, 101.46
1575119722, 0, 3128, 3660, 3292, 96, 12.95%, 0, 0, 5, 87.85
1575119732, 0, 3131, 3660, 3291, 95, 12.95%, 0, 0, 5, 91.88
1575119737, 0, 3136, 3660, 3290, 94, 12.95%, 0, 0, 5, 91.45
1575119742, 0, 3136, 3661, 3291, 94, 12.95%, 0, 0, 5, 102.90
1575119747, 0, 3136, 3662, 3291, 93, 12.95%, 0, 0, 5, 85.93
1575119752, 0, 3136, 3675, 3304, 93, 12.96%, 0, 0, 5, 45.75
1575119758, 0, 3141, 3681, 3310, 95, 13.00%, 0, 0, 5, 57.42
1575119768, 0, 3144, 3681, 3309, 94, 13.00%, 0, 0, 5, 96.14
1575119778, 0, 3145, 3682, 3309, 93, 13.00%, 0, 0, 5, 100.07
1575119788, 0, 3161, 3682, 3308, 92, 13.00%, 0, 0, 5, 105.33
1575119793, 0, 3170, 3682, 3307, 91, 13.00%, 0, 0, 5, 126.32
1575119798, 0, 3170, 3691, 3315, 90, 13.00%, 0, 0, 5, 79.19
1575119808, 0, 3170, 3703, 3327, 90, 13.00%, 0, 0, 5, 33.82
1575119813, 0, 3188, 3713, 3337, 92, 13.00%, 0, 0, 5, 42.23
1575119824, 0, 3193, 3713, 3336, 91, 13.00%, 0, 0, 5, 97.47
1575119834, 0, 3194, 3714, 3336, 90, 13.00%, 0, 0, 5, 91.00
1575119839, 0, 3194, 3720, 3342, 90, 13.00%, 0, 0, 5, 90.40
1575119844, 0, 3194, 3721, 3343, 90, 13.00%, 0, 0, 5, 93.36
1575119849, 0, 3194, 3723, 3345, 90, 13.00%, 0, 0, 5, 79.30
1575119854, 0, 3194, 3728, 3350, 90, 13.00%, 0, 0, 5, 98.90
1575119859, 0, 3194, 3729, 3351, 90, 13.00%, 0, 0, 5, 100.75
1575119865, 0, 3211, 3729, 3350, 88, 13.00%, 0, 0, 5, 91.03
1575119870, 0, 3220, 3729, 3349, 87, 13.00%, 0, 0, 5, 85.85
1575119880, 0, 3220, 3738, 3357, 87, 13.01%, 0, 0, 5, 15.16
1575119885, 0, 3220, 3754, 3373, 87, 13.01%, 0, 0, 5, 36.23
1575119890, 0, 3220, 3761, 3380, 87, 13.01%, 0, 0, 5, 41.59
1575119900, 0, 3220, 3763, 3382, 87, 13.01%, 0, 0, 5, 43.38
1575119905, 0, 3227, 3763, 3382, 91, 13.01%, 0, 0, 5, 68.63
1575119916, 0, 3230, 3764, 3382, 90, 13.01%, 0, 0, 5, 60.82
1575119926, 0, 3231, 3764, 3381, 89, 13.01%, 0, 0, 5, 76.69
1575119936, 0, 3233, 3764, 3380, 88, 13.01%, 0, 0, 5, 74.07
1575119956, 0, 3267, 3765, 3380, 87, 13.01%, 0, 0, 5, 86.36
1575119966, 0, 3267, 3773, 3387, 86, 13.08%, 0, 0, 5, 23.24
1575119971, 0, 3267, 3782, 3396, 86, 13.08%, 0, 0, 5, 37.07
1575119976, 0, 3270, 3783, 3397, 89, 13.08%, 0, 0, 5, 78.39
1575119981, 0, 3273, 3783, 3396, 88, 13.08%, 0, 0, 5, 85.51
1575119992, 0, 3287, 3783, 3395, 87, 13.08%, 0, 0, 5, 82.61
1575120007, 0, 3287, 3784, 3396, 87, 13.08%, 0, 0, 5, 78.87
1575120012, 0, 3294, 3784, 3395, 86, 13.08%, 0, 0, 5, 84.58
1575120017, 0, 3294, 3785, 3396, 86, 13.08%, 0, 0, 5, 87.05
1575120022, 0, 3296, 3785, 3395, 85, 13.08%, 0, 0, 5, 99.99
1575120032, 0, 3311, 3796, 3405, 88, 13.09%, 0, 0, 5, 65.95
1575120047, 0, 3319, 3796, 3404, 87, 13.09%, 0, 0, 5, 68.21
1575120053, 0, 3319, 3797, 3405, 87, 13.09%, 0, 0, 5, 72.93
1575120058, 0, 3319, 3798, 3406, 87, 13.09%, 0, 0, 5, 72.23
1575120063, 0, 3319, 3800, 3408, 87, 13.09%, 0, 0, 5, 70.89
1575120068, 0, 3319, 3802, 3410, 87, 13.09%, 0, 0, 5, 76.54
1575120093, 0, 3319, 3804, 3412, 87, 13.09%, 0, 0, 5, 96.33
1575120098, 0, 3319, 3805, 3413, 87, 13.09%, 0, 0, 5, 84.94
1575120113, 0, 3321, 3805, 3412, 87, 13.09%, 0, 0, 5, 82.94
1575120119, 0, 3321, 3806, 3413, 87, 13.09%, 0, 0, 5, 79.65
1575120124, 0, 3337, 3806, 3412, 86, 13.09%, 0, 0, 5, 10.42
1575120129, 0, 3337, 3807, 3413, 86, 13.09%, 0, 0, 5, 82.51
1575120134, 0, 3337, 3808, 3414, 86, 13.09%, 0, 0, 5, 72.46
1575120139, 0, 3337, 3809, 3415, 86, 13.09%, 0, 0, 5, 74.20
1575120144, 0, 3337, 3810, 3416, 86, 13.09%, 0, 0, 5, 76.65
1575120164, 0, 3337, 3811, 3417, 86, 13.09%, 0, 0, 5, 76.65
1575120170, 0, 3337, 3813, 3419, 86, 13.09%, 0, 0, 5, 76.26
1575120175, 0, 3337, 3814, 3420, 86, 13.09%, 0, 0, 5, 77.61
1575120180, 0, 3337, 3816, 3422, 86, 13.10%, 0, 0, 5, 79.39
1575120190, 0, 3341, 3816, 3421, 86, 13.10%, 0, 0, 5, 87.28
1575120200, 0, 3341, 3825, 3429, 85, 13.10%, 0, 0, 5, 26.14
1575120205, 0, 3341, 3840, 3444, 85, 13.10%, 0, 0, 5, 27.78
1575120210, 0, 3341, 3852, 3456, 85, 13.10%, 0, 0, 5, 24.43
1575120216, 0, 3341, 3868, 3472, 85, 13.10%, 0, 0, 5, 29.62
1575120221, 0, 3341, 3882, 3486, 85, 13.12%, 0, 0, 5, 30.03
1575120226, 0, 3341, 3892, 3496, 85, 13.12%, 0, 0, 5, 30.70
1575120231, 0, 3341, 3901, 3505, 85, 13.12%, 0, 0, 5, 26.91
1575120236, 0, 3341, 3910, 3514, 85, 13.12%, 0, 0, 5, 28.33
1575120241, 0, 3341, 3916, 3520, 85, 13.12%, 0, 0, 5, 24.96
1575120246, 0, 3346, 3920, 3524, 94, 13.12%, 0, 0, 5, 35.72
1575120256, 0, 3346, 3924, 3528, 94, 13.12%, 0, 0, 5, 65.91
1575120261, 0, 3346, 3926, 3530, 94, 13.12%, 0, 0, 5, 71.49
1575120267, 0, 3346, 3927, 3531, 94, 13.12%, 0, 0, 5, 78.24
1575120272, 0, 3372, 3927, 3530, 93, 13.12%, 0, 0, 5, 96.10
1575120282, 0, 3373, 3927, 3529, 92, 13.12%, 0, 0, 5, 93.08
1575120287, 0, 3374, 3928, 3529, 91, 13.12%, 0, 0, 5, 87.57
1575120297, 0, 3379, 3928, 3528, 90, 13.12%, 0, 0, 5, 83.18
1575120307, 0, 3379, 3936, 3535, 89, 13.17%, 0, 0, 5, 58.00
1575120313, 0, 3379, 3948, 3547, 89, 13.18%, 0, 0, 5, 37.63
1575120318, 0, 3379, 3953, 3552, 89, 13.18%, 0, 0, 5, 33.85
1575120328, 0, 3388, 3954, 3553, 92, 13.18%, 0, 0, 5, 33.18
1575120338, 0, 3389, 3954, 3552, 92, 13.18%, 0, 0, 5, 82.09
1575120348, 0, 3391, 3954, 3551, 91, 13.18%, 0, 0, 5, 93.22
1575120358, 0, 3392, 3954, 3550, 90, 13.18%, 0, 0, 5, 103.79
1575120364, 0, 3392, 3955, 3551, 90, 13.18%, 0, 0, 5, 91.55
1575120369, 0, 3408, 3955, 3550, 89, 13.18%, 0, 0, 5, 90.68
1575120374, 0, 3408, 3960, 3554, 88, 13.18%, 0, 0, 5, 82.07
1575120379, 0, 3413, 3964, 3558, 89, 13.18%, 0, 0, 5, 81.32
1575120389, 0, 3421, 3964, 3557, 88, 13.18%, 0, 0, 5, 80.92
1575120399, 0, 3423, 3964, 3556, 87, 13.18%, 0, 0, 5, 79.61
1575120409, 0, 3427, 3964, 3555, 87, 13.18%, 0, 0, 5, 87.75
1575120419, 0, 3434, 3964, 3554, 86, 13.18%, 0, 0, 5, 72.33
1575120424, 0, 3434, 3965, 3555, 86, 13.18%, 0, 0, 5, 84.94
1575120434, 0, 3434, 3971, 3560, 85, 13.18%, 0, 0, 5, 60.92
1575120439, 0, 3439, 3972, 3561, 85, 13.18%, 0, 0, 5, 80.94
1575120450, 0, 3442, 3972, 3560, 84, 13.18%, 0, 0, 5, 80.18
1575120455, 0, 3442, 3975, 3563, 84, 13.18%, 0, 0, 5, 77.29
1575120460, 0, 3442, 3976, 3564, 84, 13.18%, 0, 0, 5, 75.22
1575120475, 0, 3442, 3977, 3565, 84, 13.18%, 0, 0, 5, 69.58
1575120480, 0, 3442, 3978, 3566, 84, 13.18%, 0, 0, 5, 73.72
1575120485, 0, 3442, 3979, 3567, 84, 13.18%, 0, 0, 5, 71.06
1575120490, 0, 3442, 3983, 3571, 84, 13.18%, 0, 0, 5, 71.55
1575120495, 0, 3442, 3984, 3572, 84, 13.18%, 0, 0, 5, 70.34
1575120501, 0, 3442, 3986, 3574, 84, 13.18%, 0, 0, 5, 78.95
1575120506, 0, 3442, 3987, 3575, 84, 13.18%, 0, 0, 5, 91.22
1575120511, 0, 3442, 3989, 3577, 84, 13.18%, 0, 0, 5, 81.84
1575120516, 0, 3442, 3990, 3578, 84, 13.18%, 0, 0, 5, 88.50
1575120521, 0, 3442, 3991, 3579, 84, 13.18%, 0, 0, 5, 93.12
1575120536, 0, 3448, 3991, 3578, 84, 13.18%, 0, 0, 5, 76.05
1575120541, 0, 3448, 3993, 3580, 84, 13.18%, 0, 0, 5, 86.27
1575120562, 0, 3448, 3994, 3581, 84, 13.18%, 0, 0, 5, 103.75
1575120567, 0, 3454, 3994, 3580, 83, 13.18%, 0, 0, 5, 103.21
1575120572, 0, 3459, 3994, 3579, 83, 13.18%, 0, 0, 5, 79.94
1575120582, 0, 3459, 3996, 3580, 82, 13.18%, 0, 0, 5, 17.25
1575120587, 0, 3459, 4014, 3598, 82, 13.18%, 0, 0, 5, 29.33
1575120592, 0, 3459, 4028, 3612, 82, 13.18%, 0, 0, 5, 32.04
1575120597, 0, 3459, 4033, 3617, 82, 13.18%, 0, 0, 5, 27.20
1575120607, 0, 3478, 4033, 3617, 83, 13.18%, 0, 0, 5, 57.88
1575120618, 0, 3487, 4033, 3616, 83, 13.18%, 0, 0, 5, 60.48
1575120628, 0, 3488, 4033, 3615, 83, 13.18%, 0, 0, 5, 80.58
1575120638, 0, 3491, 4033, 3614, 82, 13.18%, 0, 0, 5, 78.78
1575120643, 0, 3491, 4034, 3615, 82, 13.18%, 0, 0, 5, 84.79
1575120653, 0, 3504, 4034, 3614, 82, 13.18%, 0, 0, 5, 86.96
1575120658, 0, 3504, 4036, 3615, 81, 13.18%, 0, 0, 5, 91.32
1575120664, 0, 3504, 4050, 3629, 81, 13.20%, 0, 0, 5, 45.62
1575120669, 0, 3514, 4055, 3634, 82, 13.20%, 0, 0, 5, 42.72
1575120679, 0, 3516, 4055, 3633, 81, 13.20%, 0, 0, 5, 87.29
1575120689, 0, 3524, 4056, 3633, 80, 13.20%, 0, 0, 5, 82.14
1575120699, 0, 3527, 4056, 3632, 79, 13.20%, 0, 0, 5, 104.39
1575120714, 0, 3549, 4056, 3631, 78, 13.20%, 0, 0, 5, 80.68
1575120725, 0, 3549, 4065, 3639, 77, 13.20%, 0, 0, 5, 71.97
1575120730, 0, 3564, 4070, 3644, 77, 13.20%, 0, 0, 5, 64.61
1575120740, 0, 3576, 4070, 3643, 77, 13.20%, 0, 0, 5, 79.88
1575120745, 0, 3576, 4071, 3644, 77, 13.20%, 0, 0, 5, 82.10
1575120755, 0, 3581, 4071, 3643, 77, 13.20%, 0, 0, 5, 89.55
1575120760, 0, 3588, 4071, 3642, 76, 13.20%, 0, 0, 5, 96.04
1575120775, 0, 3600, 4071, 3641, 75, 13.20%, 0, 0, 5, 84.55
1575120785, 0, 3600, 4071, 3640, 74, 13.20%, 0, 0, 5, 88.07
1575120791, 0, 3600, 4088, 3657, 74, 13.20%, 0, 0, 5, 52.83
1575120796, 0, 3606, 4088, 3657, 76, 13.20%, 0, 0, 5, 75.90
1575120801, 0, 3621, 4088, 3656, 75, 13.20%, 0, 0, 5, 95.92
1575120811, 0, 3630, 4088, 3655, 74, 13.20%, 0, 0, 5, 109.97
1575120816, 0, 3635, 4088, 3654, 73, 13.20%, 0, 0, 5, 87.32
1575120821, 0, 3635, 4089, 3655, 73, 13.20%, 0, 0, 5, 77.27
1575120827, 0, 3638, 4089, 3654, 72, 13.20%, 0, 0, 5, 69.57
1575120842, 0, 3638, 4098, 3662, 71, 13.20%, 0, 0, 5, 70.31
1575120847, 0, 3639, 4098, 3662, 75, 13.20%, 0, 0, 5, 78.58
1575120852, 0, 3640, 4098, 3661, 74, 13.20%, 0, 0, 5, 72.92
1575120862, 0, 3642, 4098, 3660, 73, 13.20%, 0, 0, 5, 77.72
1575120872, 0, 3642, 4099, 3661, 73, 13.20%, 0, 0, 5, 92.08
1575120878, 0, 3646, 4099, 3660, 72, 13.20%, 0, 0, 5, 91.42
1575120883, 0, 3659, 4099, 3659, 71, 13.20%, 0, 0, 5, 98.07
1575120898, 0, 3659, 4110, 3669, 70, 13.20%, 0, 0, 5, 74.29
1575120903, 0, 3679, 4121, 3680, 70, 13.20%, 0, 0, 5, 76.12
1575120913, 0, 3711, 4121, 3679, 69, 13.20%, 0, 0, 5, 91.73
1575120918, 0, 3725, 4121, 3678, 68, 13.20%, 0, 0, 5, 87.76
1575120928, 0, 3731, 4122, 3678, 67, 13.20%, 0, 0, 5, 76.35
1575120933, 0, 3731, 4123, 3679, 67, 13.20%, 0, 0, 5, 74.46
1575120944, 0, 3732, 4123, 3678, 67, 13.20%, 0, 0, 5, 78.30
1575120954, 0, 3732, 4130, 3684, 66, 13.28%, 0, 0, 5, 92.84
1575120959, 0, 3738, 4141, 3695, 68, 13.28%, 0, 0, 5, 51.62
1575120969, 0, 3744, 4141, 3694, 67, 13.28%, 0, 0, 5, 81.47
1575120974, 0, 3744, 4142, 3695, 67, 13.28%, 0, 0, 5, 92.59
1575120990, 0, 3755, 4142, 3694, 67, 13.28%, 0, 0, 5, 76.72
1575120995, 0, 3755, 4143, 3695, 67, 13.28%, 0, 0, 5, 80.37
1575121000, 0, 3755, 4145, 3697, 67, 13.28%, 0, 0, 5, 76.02
1575121005, 0, 3755, 4146, 3698, 67, 13.28%, 0, 0, 5, 76.99
1575121010, 0, 3757, 4147, 3698, 67, 13.28%, 0, 0, 5, 64.84
1575121015, 0, 3757, 4148, 3699, 67, 13.28%, 0, 0, 5, 73.17
1575121025, 0, 3757, 4149, 3700, 67, 13.28%, 0, 0, 5, 91.15
1575121031, 0, 3758, 4149, 3699, 66, 13.28%, 0, 0, 5, 55.83
1575121041, 0, 3758, 4154, 3703, 65, 13.28%, 0, 0, 5, 71.82
1575121046, 0, 3758, 4165, 3714, 65, 13.28%, 0, 0, 5, 35.57
1575121051, 0, 3758, 4174, 3723, 65, 13.28%, 0, 0, 5, 26.52
1575121056, 0, 3758, 4182, 3731, 65, 13.28%, 0, 0, 5, 28.19
1575121062, 0, 3768, 4188, 3737, 70, 13.28%, 0, 0, 5, 28.47
1575121072, 0, 3770, 4188, 3736, 69, 13.28%, 0, 0, 5, 86.11
1575121077, 0, 3773, 4188, 3735, 68, 13.28%, 0, 0, 5, 82.35
1575121082, 0, 3773, 4189, 3736, 68, 13.28%, 0, 0, 5, 77.43
1575121087, 0, 3773, 4190, 3737, 68, 13.28%, 0, 0, 5, 79.79
1575121102, 0, 3790, 4191, 3737, 67, 13.28%, 0, 0, 5, 100.73
1575121107, 0, 3792, 4191, 3736, 66, 13.28%, 0, 0, 5, 95.55
1575121118, 0, 3792, 4200, 3744, 65, 13.33%, 0, 0, 5, 50.48
1575121123, 0, 3792, 4212, 3756, 65, 13.33%, 0, 0, 5, 33.78
1575121128, 0, 3792, 4219, 3763, 65, 13.33%, 0, 0, 5, 30.28
1575121133, 0, 3793, 4220, 3764, 67, 13.33%, 0, 0, 5, 79.83
1575121143, 0, 3794, 4220, 3763, 67, 13.33%, 0, 0, 5, 98.34
1575121148, 0, 3795, 4220, 3762, 66, 13.33%, 0, 0, 5, 67.79
1575121153, 0, 3795, 4222, 3764, 66, 13.33%, 0, 0, 5, 67.01
1575121158, 0, 3800, 4222, 3763, 64, 13.33%, 0, 0, 5, 64.92
1575121168, 0, 3808, 4222, 3762, 63, 13.33%, 0, 0, 5, 87.05
1575121178, 0, 3808, 4229, 3768, 62, 13.36%, 0, 0, 5, 65.99
1575121184, 0, 3811, 4231, 3770, 63, 13.36%, 0, 0, 5, 66.90
1575121189, 0, 3814, 4231, 3769, 63, 13.36%, 0, 0, 5, 78.25
1575121204, 0, 3837, 4231, 3768, 62, 13.36%, 0, 0, 5, 67.57
1575121214, 0, 3852, 4231, 3767, 61, 13.36%, 0, 0, 5, 73.82
1575121229, 0, 3870, 4232, 3767, 60, 13.37%, 0, 0, 5, 69.33
1575121245, 0, 3870, 4234, 3768, 59, 13.37%, 0, 0, 5, 97.48
1575121250, 0, 3870, 4242, 3776, 59, 13.37%, 0, 0, 5, 15.51
1575121255, 0, 3886, 4245, 3779, 62, 13.37%, 0, 0, 5, 68.82
1575121265, 0, 3925, 4245, 3778, 62, 13.37%, 0, 0, 5, 56.96
1575121275, 0, 3928, 4245, 3777, 62, 13.37%, 0, 0, 5, 72.01
1575121280, 0, 3931, 4245, 3776, 61, 13.37%, 0, 0, 5, 69.33
1575121285, 0, 3931, 4246, 3777, 61, 13.37%, 0, 0, 5, 82.18
1575121290, 0, 3932, 4248, 3778, 60, 13.37%, 0, 0, 5, 74.21
1575121295, 0, 3932, 4250, 3780, 60, 13.37%, 0, 0, 5, 81.64
1575121311, 0, 3932, 4251, 3781, 60, 13.37%, 0, 0, 5, 73.89
1575121316, 0, 3932, 4253, 3783, 60, 13.37%, 0, 0, 5, 74.48
1575121321, 0, 3932, 4255, 3785, 60, 13.37%, 0, 0, 5, 77.51
1575121326, 0, 3932, 4256, 3786, 60, 13.37%, 0, 0, 5, 73.05
1575121347, 0, 3932, 4257, 3787, 60, 13.37%, 0, 0, 5, 81.90
1575121357, 0, 3932, 4258, 3788, 60, 13.37%, 0, 0, 5, 86.13
1575121372, 0, 3932, 4261, 3790, 60, 13.38%, 0, 0, 5, 16.38
1575121377, 0, 3932, 4276, 3805, 60, 13.39%, 0, 0, 5, 26.94
1575121382, 0, 3932, 4281, 3810, 60, 13.39%, 0, 0, 5, 30.62
1575121387, 0, 3932, 4284, 3813, 60, 13.39%, 0, 0, 5, 32.20
1575121392, 0, 3932, 4289, 3818, 60, 13.39%, 0, 0, 5, 30.85
1575121398, 0, 3934, 4289, 3818, 66, 13.39%, 0, 0, 5, 71.79
1575121403, 0, 4020, 4289, 3817, 66, 13.39%, 0, 0, 5, 87.70
1575121418, 0, 4033, 4289, 3816, 65, 13.39%, 0, 0, 5, 73.52
1575121423, 0, 4033, 4290, 3817, 65, 13.39%, 0, 0, 5, 89.29
1575121433, 0, 4048, 4290, 3816, 64, 13.39%, 0, 0, 5, 87.09
1575121443, 0, 4059, 4290, 3815, 63, 13.39%, 0, 0, 5, 83.54
1575121453, 0, 4059, 4299, 3823, 62, 13.39%, 0, 0, 5, 46.89
1575121458, 0, 4059, 4302, 3826, 62, 13.39%, 0, 0, 5, 37.01
1575121464, 0, 4063, 4306, 3830, 62, 13.45%, 0, 0, 5, 38.58
1575121469, 0, 4063, 4308, 3832, 62, 13.45%, 0, 0, 5, 87.85
1575121474, 0, 4063, 4310, 3834, 62, 13.45%, 0, 0, 5, 114.02
1575121484, 0, 4063, 4311, 3835, 62, 13.45%, 0, 0, 5, 75.85
1575121489, 0, 4063, 4312, 3836, 62, 13.45%, 0, 0, 5, 76.46
1575121509, 0, 4063, 4313, 3837, 62, 13.45%, 0, 0, 5, 82.15
1575121519, 0, 4063, 4314, 3838, 62, 13.45%, 0, 0, 5, 93.04
1575121530, 0, 4063, 4316, 3840, 62, 13.45%, 0, 0, 5, 91.60
1575121535, 0, 4063, 4317, 3841, 62, 13.45%, 0, 0, 5, 90.24
1575121540, 0, 4063, 4319, 3843, 62, 13.45%, 0, 0, 5, 80.65
1575121550, 0, 4070, 4319, 3842, 61, 13.45%, 0, 0, 5, 82.73
1575121565, 0, 4083, 4319, 3841, 60, 13.45%, 0, 0, 5, 95.88
1575121570, 0, 4086, 4319, 3840, 60, 13.45%, 0, 0, 5, 105.12
1575121580, 0, 4089, 4319, 3839, 59, 13.45%, 0, 0, 5, 86.20
1575121585, 0, 4089, 4321, 3840, 58, 13.45%, 0, 0, 5, 93.38
1575121590, 0, 4089, 4338, 3857, 58, 13.46%, 0, 0, 5, 55.30
1575121595, 0, 4089, 4350, 3869, 58, 13.46%, 0, 0, 5, 37.86
1575121600, 0, 4091, 4352, 3871, 62, 13.46%, 0, 0, 5, 60.09
1575121611, 0, 4094, 4352, 3870, 61, 13.46%, 0, 0, 5, 88.31
1575121621, 0, 4098, 4352, 3869, 60, 13.46%, 0, 0, 5, 86.33
1575121631, 0, 4116, 4352, 3868, 59, 13.46%, 0, 0, 5, 87.26
1575121646, 0, 4118, 4352, 3867, 58, 13.46%, 0, 0, 5, 77.44
1575121657, 0, 4118, 4359, 3873, 58, 13.46%, 0, 0, 5, 45.91
1575121662, 0, 4118, 4369, 3883, 58, 13.46%, 0, 0, 5, 28.49
1575121667, 0, 4125, 4369, 3883, 61, 13.46%, 0, 0, 5, 70.82
1575121672, 0, 4127, 4369, 3882, 60, 13.46%, 0, 0, 5, 86.67
1575121682, 0, 4132, 4369, 3881, 59, 13.46%, 0, 0, 5, 105.29
1575121687, 0, 4146, 4369, 3880, 58, 13.46%, 0, 0, 5, 97.13
1575121692, 0, 4156, 4369, 3879, 57, 13.46%, 0, 0, 5, 82.77
1575121702, 0, 4157, 4374, 3883, 57, 13.46%, 0, 0, 5, 27.80
1575121713, 0, 4157, 4377, 3886, 57, 13.46%, 0, 0, 5, 59.58
1575121718, 0, 4157, 4378, 3887, 57, 13.46%, 0, 0, 5, 62.07
1575121733, 0, 4157, 4379, 3888, 57, 13.46%, 0, 0, 5, 64.34
1575121764, 0, 4157, 4380, 3889, 57, 13.46%, 0, 0, 5, 91.38
1575121784, 0, 4157, 4381, 3890, 57, 13.46%, 0, 0, 5, 74.60
1575121795, 0, 4177, 4382, 3890, 57, 13.46%, 0, 0, 5, 57.81
1575121800, 0, 4177, 4384, 3892, 57, 13.46%, 0, 0, 5, 66.27
1575121825, 0, 4177, 4386, 3894, 57, 13.46%, 0, 0, 5, 81.41
1575121861, 0, 4186, 4386, 3893, 56, 13.46%, 0, 0, 5, 52.06
1575121867, 0, 4186, 4387, 3894, 56, 13.46%, 0, 0, 5, 71.42
1575121877, 0, 4190, 4387, 3893, 55, 13.46%, 0, 0, 5, 97.54
1575121882, 0, 4205, 4388, 3893, 54, 13.46%, 0, 0, 5, 91.00
1575121887, 0, 4205, 4389, 3894, 54, 13.46%, 0, 0, 5, 81.64
1575121892, 0, 4205, 4396, 3901, 54, 13.47%, 0, 0, 5, 65.26
1575121897, 0, 4205, 4399, 3904, 54, 13.47%, 0, 0, 5, 72.25
1575121908, 0, 4205, 4409, 3913, 53, 13.50%, 0, 0, 5, 58.81
1575121913, 0, 4205, 4434, 3938, 53, 13.55%, 0, 0, 5, 46.66
1575121918, 0, 4205, 4445, 3949, 53, 13.55%, 0, 0, 5, 35.37
1575121923, 0, 4205, 4455, 3959, 53, 13.56%, 0, 0, 5, 35.39
1575121928, 0, 4205, 4458, 3962, 53, 13.56%, 0, 0, 5, 36.90
1575121933, 0, 4211, 4461, 3965, 62, 13.56%, 0, 0, 5, 64.19
1575121938, 0, 4211, 4462, 3966, 62, 13.56%, 0, 0, 5, 82.34
1575121944, 0, 4220, 4462, 3965, 61, 13.56%, 0, 0, 5, 79.00
1575121959, 0, 4224, 4462, 3964, 60, 13.56%, 0, 0, 5, 76.52
1575121969, 0, 4225, 4462, 3963, 59, 13.56%, 0, 0, 5, 91.77
1575121974, 0, 4225, 4463, 3964, 59, 13.56%, 0, 0, 5, 78.91
1575121989, 0, 4234, 4463, 3963, 58, 13.56%, 0, 0, 5, 88.15
1575121994, 0, 4234, 4464, 3964, 58, 13.56%, 0, 0, 5, 83.59
1575121999, 0, 4234, 4471, 3970, 57, 13.56%, 0, 0, 5, 61.50
1575122004, 0, 4234, 4482, 3981, 57, 13.61%, 0, 0, 5, 37.06
1575122010, 0, 4234, 4496, 3995, 57, 13.62%, 0, 0, 5, 35.76
1575122015, 0, 4241, 4496, 3995, 63, 13.62%, 0, 0, 5, 67.55
1575122025, 0, 4246, 4496, 3994, 62, 13.62%, 0, 0, 5, 99.65
1575122030, 0, 4263, 4496, 3993, 61, 13.62%, 0, 0, 5, 86.75
1575122035, 0, 4263, 4497, 3994, 61, 13.62%, 0, 0, 5, 99.67
1575122046, 0, 4265, 4497, 3993, 60, 13.62%, 0, 0, 5, 97.43
1575122061, 0, 4266, 4497, 3992, 59, 13.62%, 0, 0, 5, 89.68
1575122066, 0, 4266, 4499, 3993, 58, 13.62%, 0, 0, 5, 86.49
1575122071, 0, 4266, 4506, 4000, 58, 13.62%, 0, 0, 5, 49.57
1575122077, 0, 4267, 4506, 4000, 60, 13.62%, 0, 0, 5, 64.94
1575122087, 0, 4272, 4506, 3999, 59, 13.62%, 0, 0, 5, 68.16
1575122097, 0, 4282, 4506, 3998, 58, 13.62%, 0, 0, 5, 93.93
1575122108, 0, 4285, 4506, 3997, 57, 13.62%, 0, 0, 5, 84.68
1575122118, 0, 4291, 4506, 3996, 56, 13.62%, 0, 0, 5, 81.06
1575122123, 0, 4291, 4514, 4003, 56, 13.63%, 0, 0, 5, 47.28
1575122128, 0, 4299, 4518, 4007, 58, 13.66%, 0, 0, 5, 65.33
1575122138, 0, 4303, 4519, 4007, 58, 13.66%, 0, 0, 5, 84.37
1575122143, 0, 4303, 4520, 4008, 58, 13.66%, 0, 0, 5, 79.68
1575122159, 0, 4345, 4520, 4007, 59, 13.66%, 0, 0, 5, 71.93
1575122174, 0, 4349, 4521, 4007, 58, 13.66%, 0, 0, 5, 73.19
1575122189, 0, 4350, 4521, 4006, 57, 13.66%, 0, 0, 5, 76.99
1575122199, 0, 4350, 4539, 4023, 56, 13.73%, 0, 0, 5, 61.21
1575122204, 0, 4350, 4557, 4041, 56, 13.75%, 0, 0, 5, 47.96
1575122209, 0, 4358, 4565, 4049, 65, 13.76%, 0, 0, 5, 63.47
1575122219, 0, 4362, 4566, 4049, 64, 13.76%, 0, 0, 5, 100.34
1575122229, 0, 4367, 4566, 4048, 63, 13.76%, 0, 0, 5, 63.63
1575122240, 0, 4370, 4566, 4047, 62, 13.76%, 0, 0, 5, 58.39
1575122250, 0, 4387, 4567, 4047, 61, 13.76%, 0, 0, 5, 95.54
1575122255, 0, 4387, 4568, 4048, 61, 13.76%, 0, 0, 5, 96.58
1575122260, 0, 4387, 4578, 4057, 60, 13.77%, 0, 0, 5, 69.78
1575122265, 0, 4388, 4583, 4062, 58, 13.81%, 0, 0, 5, 74.83
1575122270, 0, 4388, 4584, 4063, 58, 13.81%, 0, 0, 5, 88.33
1575122285, 0, 4390, 4585, 4063, 57, 13.81%, 0, 0, 5, 80.59
1575122295, 0, 4405, 4587, 4064, 57, 13.81%, 0, 0, 5, 94.30
1575122300, 0, 4405, 4590, 4067, 57, 13.81%, 0, 0, 5, 91.38
1575122306, 0, 4405, 4592, 4069, 57, 13.81%, 0, 0, 5, 82.66
1575122311, 0, 4405, 4593, 4070, 57, 13.81%, 0, 0, 5, 82.35
1575122321, 0, 4405, 4594, 4071, 57, 13.81%, 0, 0, 5, 89.07
1575122346, 0, 4405, 4595, 4072, 57, 13.81%, 0, 0, 5, 93.83
1575122361, 0, 4405, 4596, 4073, 57, 13.81%, 0, 0, 5, 79.48
1575122397, 0, 4410, 4597, 4073, 59, 13.81%, 0, 0, 5, 98.40
1575122412, 0, 4428, 4597, 4072, 58, 13.81%, 0, 0, 5, 79.74
1575122423, 0, 4428, 4608, 4082, 57, 13.83%, 0, 0, 5, 67.58
1575122428, 0, 4428, 4628, 4102, 57, 13.90%, 0, 0, 5, 48.53
1575122433, 0, 4428, 4639, 4113, 57, 13.91%, 0, 0, 5, 45.53
1575122438, 0, 4430, 4640, 4114, 67, 13.91%, 0, 0, 5, 53.21
1575122453, 0, 4445, 4640, 4113, 66, 13.91%, 0, 0, 5, 60.17
1575122468, 0, 4455, 4640, 4112, 65, 13.91%, 0, 0, 5, 68.88
1575122478, 0, 4457, 4640, 4111, 64, 13.91%, 0, 0, 5, 76.78
1575122488, 0, 4458, 4640, 4110, 63, 13.91%, 0, 0, 5, 90.67
1575122504, 0, 4458, 4649, 4118, 62, 13.92%, 0, 0, 5, 73.70
1575122509, 0, 4458, 4655, 4124, 62, 13.92%, 0, 0, 5, 47.08
1575122514, 0, 4475, 4655, 4124, 65, 13.92%, 0, 0, 5, 76.66
1575122519, 0, 4485, 4655, 4123, 64, 13.92%, 0, 0, 5, 89.05
1575122529, 0, 4488, 4655, 4122, 63, 13.92%, 0, 0, 5, 100.58
1575122539, 0, 4495, 4656, 4122, 62, 13.92%, 0, 0, 5, 78.34
1575122554, 0, 4499, 4657, 4122, 62, 13.92%, 0, 0, 5, 81.76
1575122565, 0, 4499, 4666, 4130, 61, 13.93%, 0, 0, 5, 69.50
1575122570, 0, 4502, 4671, 4135, 65, 13.93%, 0, 0, 5, 75.58
1575122580, 0, 4507, 4671, 4134, 64, 13.93%, 0, 0, 5, 74.53
1575122590, 0, 4519, 4671, 4133, 63, 13.93%, 0, 0, 5, 94.57
1575122595, 0, 4525, 4674, 4135, 62, 13.93%, 0, 0, 5, 100.20
1575122606, 0, 4525, 4675, 4136, 62, 13.93%, 0, 0, 5, 89.13
1575122616, 0, 4525, 4676, 4137, 62, 13.93%, 0, 0, 5, 90.68
1575122626, 0, 4525, 4677, 4138, 62, 13.93%, 0, 0, 5, 85.66
1575122636, 0, 4525, 4678, 4139, 62, 13.95%, 0, 0, 5, 92.58
1575122641, 0, 4525, 4679, 4140, 62, 13.95%, 0, 0, 5, 82.01
1575122651, 0, 4525, 4680, 4141, 62, 13.95%, 0, 0, 5, 85.74
1575122657, 0, 4525, 4681, 4142, 62, 13.95%, 0, 0, 5, 101.58
1575122662, 0, 4525, 4682, 4143, 62, 13.95%, 0, 0, 5, 103.93
1575122672, 0, 4534, 4683, 4143, 64, 13.95%, 0, 0, 5, 95.13
1575122677, 0, 4534, 4702, 4161, 63, 13.96%, 0, 0, 5, 63.66
1575122682, 0, 4544, 4710, 4169, 71, 13.97%, 0, 0, 5, 53.49
1575122687, 0, 4548, 4710, 4168, 70, 13.97%, 0, 0, 5, 80.75
1575122692, 0, 4559, 4710, 4167, 69, 13.97%, 0, 0, 5, 89.70
1575122697, 0, 4559, 4711, 4168, 69, 13.97%, 0, 0, 5, 90.41
1575122703, 0, 4559, 4712, 4169, 69, 13.97%, 0, 0, 5, 93.53
1575122708, 0, 4561, 4713, 4169, 68, 13.97%, 0, 0, 5, 75.29
1575122723, 0, 4575, 4717, 4172, 67, 13.98%, 0, 0, 5, 96.37
1575122728, 0, 4575, 4719, 4174, 67, 13.98%, 0, 0, 5, 108.93
1575122733, 0, 4575, 4720, 4175, 67, 13.98%, 0, 0, 5, 96.65
1575122763, 0, 4575, 4721, 4176, 67, 13.98%, 0, 0, 5, 87.53
1575122779, 0, 4575, 4722, 4177, 67, 13.98%, 0, 0, 5, 93.42
1575122794, 0, 4575, 4733, 4187, 66, 13.98%, 0, 0, 5, 65.23
1575122799, 0, 4575, 4746, 4200, 66, 13.98%, 0, 0, 5, 41.49
1575122804, 0, 4575, 4752, 4206, 66, 13.98%, 0, 0, 5, 36.82
1575122809, 0, 4578, 4752, 4206, 68, 13.98%, 0, 0, 5, 56.44
1575122824, 0, 4579, 4752, 4205, 67, 13.98%, 0, 0, 5, 77.95
1575122829, 0, 4579, 4753, 4206, 67, 13.98%, 0, 0, 5, 86.04
1575122835, 0, 4580, 4753, 4205, 66, 13.98%, 0, 0, 5, 78.54
1575122850, 0, 4582, 4753, 4204, 66, 13.98%, 0, 0, 5, 83.11
1575122860, 0, 4585, 4753, 4203, 66, 13.98%, 0, 0, 5, 90.51
1575122865, 0, 4585, 4754, 4204, 66, 13.98%, 0, 0, 5, 82.58
1575122870, 0, 4585, 4770, 4219, 65, 14.00%, 0, 0, 5, 53.47
1575122875, 0, 4593, 4773, 4222, 69, 14.00%, 0, 0, 5, 81.31
1575122880, 0, 4595, 4773, 4221, 68, 14.00%, 0, 0, 5, 92.43
1575122890, 0, 4600, 4774, 4221, 67, 14.00%, 0, 0, 5, 75.09
1575122906, 0, 4601, 4774, 4220, 66, 14.00%, 0, 0, 5, 84.79
1575122916, 0, 4607, 4775, 4220, 65, 14.00%, 0, 0, 5, 73.90
1575122931, 0, 4607, 4784, 4228, 64, 14.01%, 0, 0, 5, 55.26
1575122936, 0, 4613, 4785, 4229, 65, 14.01%, 0, 0, 5, 67.33
1575122946, 0, 4630, 4785, 4228, 64, 14.01%, 0, 0, 5, 78.99
1575122956, 0, 4633, 4787, 4229, 63, 14.01%, 0, 0, 5, 82.24
1575122961, 0, 4633, 4789, 4231, 63, 14.01%, 0, 0, 5, 84.21
1575122976, 0, 4633, 4790, 4232, 63, 14.01%, 0, 0, 5, 93.43
1575122982, 0, 4633, 4791, 4233, 63, 14.01%, 0, 0, 5, 94.12
1575122992, 0, 4633, 4792, 4234, 63, 14.01%, 0, 0, 5, 84.77
1575123053, 0, 4638, 4792, 4233, 62, 14.01%, 0, 0, 5, 91.75
1575123058, 0, 4646, 4792, 4232, 61, 14.01%, 0, 0, 5, 74.90
1575123063, 0, 4646, 4795, 4235, 61, 14.01%, 0, 0, 5, 74.59
1575123078, 0, 4646, 4797, 4237, 61, 14.01%, 0, 0, 5, 82.52
1575123094, 0, 4646, 4798, 4238, 61, 14.01%, 0, 0, 5, 104.13
1575123099, 0, 4646, 4799, 4239, 61, 14.01%, 0, 0, 5, 90.31
1575123119, 0, 4646, 4800, 4240, 61, 14.01%, 0, 0, 5, 84.98
1575123139, 0, 4646, 4801, 4241, 61, 14.01%, 0, 0, 5, 93.30
1575123144, 0, 4646, 4802, 4242, 61, 14.01%, 0, 0, 5, 99.63
1575123160, 0, 4646, 4813, 4252, 60, 14.02%, 0, 0, 5, 64.05
1575123165, 0, 4646, 4837, 4276, 60, 14.02%, 0, 0, 5, 51.45
1575123170, 0, 4646, 4844, 4283, 60, 14.02%, 0, 0, 5, 55.46
1575123175, 0, 4649, 4845, 4284, 67, 14.02%, 0, 0, 5, 57.40
1575123190, 0, 4653, 4845, 4283, 66, 14.02%, 0, 0, 5, 80.38
1575123201, 0, 4655, 4845, 4282, 65, 14.02%, 0, 0, 5, 59.76
1575123216, 0, 4668, 4845, 4281, 64, 14.02%, 0, 0, 5, 78.36
1575123226, 0, 4669, 4845, 4280, 63, 14.02%, 0, 0, 5, 100.90
1575123231, 0, 4669, 4846, 4280, 62, 14.02%, 0, 0, 5, 101.66
1575123236, 0, 4672, 4859, 4293, 61, 14.02%, 0, 0, 5, 58.93
1575123246, 0, 4673, 4859, 4292, 60, 14.02%, 0, 0, 5, 85.10
1575123256, 0, 4677, 4859, 4291, 59, 14.02%, 0, 0, 5, 85.07
1575123267, 0, 4678, 4860, 4291, 58, 14.02%, 0, 0, 5, 55.33
1575123282, 0, 4681, 4860, 4290, 57, 14.02%, 0, 0, 5, 85.69
1575123287, 0, 4681, 4861, 4291, 57, 14.02%, 0, 0, 5, 84.22
1575123292, 0, 4681, 4863, 4292, 56, 14.02%, 0, 0, 5, 86.91
1575123297, 0, 4689, 4863, 4291, 55, 14.02%, 0, 0, 5, 93.10
1575123307, 0, 4690, 4863, 4290, 54, 14.02%, 0, 0, 5, 81.91
1575123317, 0, 4693, 4863, 4289, 53, 14.02%, 0, 0, 5, 71.31
1575123333, 0, 4694, 4863, 4288, 52, 14.02%, 0, 0, 5, 85.08
1575123343, 0, 4694, 4879, 4303, 51, 14.02%, 0, 0, 5, 63.00
1575123348, 0, 4695, 4880, 4304, 56, 14.02%, 0, 0, 5, 82.05
1575123358, 0, 4705, 4880, 4303, 55, 14.02%, 0, 0, 5, 80.96
1575123373, 0, 4716, 4880, 4302, 54, 14.02%, 0, 0, 5, 101.54
1575123378, 0, 4720, 4880, 4301, 53, 14.02%, 0, 0, 5, 81.58
1575123389, 0, 4754, 4880, 4300, 52, 14.02%, 0, 0, 5, 69.70
1575123394, 0, 4754, 4882, 4302, 52, 14.03%, 0, 0, 5, 71.17
1575123399, 0, 4754, 4884, 4304, 52, 14.03%, 0, 0, 5, 87.11
1575123404, 0, 4754, 4885, 4305, 52, 14.03%, 0, 0, 5, 94.20
1575123440, 0, 4754, 4887, 4307, 52, 14.03%, 0, 0, 5, 90.13
1575123445, 0, 4754, 4890, 4310, 52, 14.03%, 0, 0, 5, 97.24
1575123450, 0, 4754, 4891, 4311, 52, 14.03%, 0, 0, 5, 91.17
1575123460, 0, 4754, 4893, 4313, 52, 14.03%, 0, 0, 5, 93.16
1575123465, 0, 4754, 4897, 4317, 52, 14.03%, 0, 0, 5, 13.95
1575123470, 0, 4754, 4898, 4318, 52, 14.03%, 0, 0, 5, 87.87
1575123475, 0, 4754, 4899, 4319, 52, 14.03%, 0, 0, 5, 90.82
1575123480, 0, 4754, 4909, 4328, 51, 14.03%, 0, 0, 5, 65.47
1575123485, 0, 4754, 4925, 4344, 51, 14.08%, 0, 0, 5, 46.98
1575123496, 0, 4754, 4927, 4346, 51, 14.09%, 0, 0, 5, 43.06
1575123501, 0, 4756, 4927, 4346, 57, 14.09%, 0, 0, 5, 49.60
1575123511, 0, 4764, 4927, 4345, 56, 14.09%, 0, 0, 5, 104.27
1575123521, 0, 4770, 4927, 4344, 55, 14.09%, 0, 0, 5, 82.99
1575123531, 0, 4782, 4927, 4343, 54, 14.09%, 0, 0, 5, 78.52
1575123552, 0, 4783, 4927, 4342, 53, 14.09%, 0, 0, 5, 81.32
1575123562, 0, 4783, 4933, 4347, 52, 14.09%, 0, 0, 5, 48.28
1575123567, 0, 4791, 4935, 4349, 54, 14.09%, 0, 0, 5, 51.85
1575123572, 0, 4791, 4937, 4351, 54, 14.09%, 0, 0, 5, 80.13
1575123582, 0, 4796, 4937, 4350, 54, 14.09%, 0, 0, 5, 85.77
1575123592, 0, 4804, 4938, 4350, 53, 14.09%, 0, 0, 5, 83.22
1575123602, 0, 4805, 4938, 4349, 52, 14.09%, 0, 0, 5, 98.71
1575123607, 0, 4809, 4938, 4348, 51, 14.09%, 0, 0, 5, 85.12
1575123617, 0, 4809, 4939, 4348, 50, 14.09%, 0, 0, 5, 74.01
1575123623, 0, 4810, 4944, 4353, 50, 14.09%, 0, 0, 5, 65.67
1575123633, 0, 4814, 4944, 4352, 50, 14.09%, 0, 0, 5, 85.31
1575123638, 0, 4821, 4944, 4351, 49, 14.09%, 0, 0, 5, 93.95
1575123653, 0, 4822, 4944, 4350, 48, 14.09%, 0, 0, 5, 70.25
1575123658, 0, 4822, 4945, 4351, 48, 14.09%, 0, 0, 5, 80.66
1575123663, 0, 4822, 4946, 4352, 48, 14.09%, 0, 0, 5, 84.61
1575123668, 0, 4830, 4947, 4352, 47, 14.09%, 0, 0, 5, 90.64
1575123679, 0, 4830, 4948, 4353, 47, 14.09%, 0, 0, 5, 101.89
1575123684, 0, 4830, 4950, 4354, 46, 14.09%, 0, 0, 5, 13.21
1575123689, 0, 4830, 4966, 4370, 46, 14.09%, 0, 0, 5, 30.45
1575123694, 0, 4835, 4968, 4372, 50, 14.10%, 0, 0, 5, 57.08
1575123704, 0, 4842, 4968, 4371, 49, 14.10%, 0, 0, 5, 89.54
1575123710, 0, 4844, 4968, 4370, 48, 14.10%, 0, 0, 5, 91.66
1575123720, 0, 4845, 4969, 4370, 47, 14.10%, 0, 0, 5, 81.02
1575123730, 0, 4851, 4969, 4369, 46, 14.10%, 0, 0, 5, 101.74
1575123740, 0, 4864, 4974, 4373, 47, 14.10%, 0, 0, 5, 59.84
1575123755, 0, 4868, 4974, 4372, 46, 14.10%, 0, 0, 5, 95.45
1575123766, 0, 4870, 4974, 4371, 45, 14.10%, 0, 0, 5, 81.62
1575123776, 0, 4871, 4974, 4370, 44, 14.10%, 0, 0, 5, 77.44
1575123786, 0, 4876, 4974, 4369, 43, 14.10%, 0, 0, 5, 85.65
1575123796, 0, 4877, 4981, 4375, 45, 14.10%, 0, 0, 5, 61.21
1575123811, 0, 4879, 4982, 4375, 44, 14.10%, 0, 0, 5, 78.36
1575123822, 0, 4882, 4982, 4374, 44, 14.10%, 0, 0, 5, 88.42
1575123832, 0, 4908, 4982, 4373, 43, 14.10%, 0, 0, 5, 97.60
1575123847, 0, 4914, 4982, 4372, 42, 14.10%, 0, 0, 5, 76.01
1575123857, 0, 4914, 4989, 4378, 41, 14.10%, 0, 0, 5, 82.62
1575123862, 0, 4915, 4989, 4378, 41, 14.10%, 0, 0, 5, 93.29
1575123867, 0, 4917, 4989, 4377, 40, 14.10%, 0, 0, 5, 95.43
1575123873, 0, 4920, 4989, 4376, 39, 14.10%, 0, 0, 5, 97.24
1575123878, 0, 4920, 4990, 4377, 39, 14.10%, 0, 0, 5, 106.95
1575123883, 0, 4927, 4990, 4376, 38, 14.10%, 0, 0, 5, 98.57
1575123898, 0, 4928, 4990, 4375, 37, 14.10%, 0, 0, 5, 88.06
1575123908, 0, 4928, 5002, 4386, 36, 14.10%, 0, 0, 5, 27.35
1575123913, 0, 4929, 5002, 4386, 38, 14.10%, 0, 0, 5, 74.12
1575123923, 0, 4934, 5002, 4385, 37, 14.10%, 0, 0, 5, 72.22
1575123934, 0, 4936, 5002, 4384, 36, 14.10%, 0, 0, 5, 96.21
1575123944, 0, 4947, 5002, 4383, 35, 14.10%, 0, 0, 5, 73.26
1575123954, 0, 4950, 5003, 4383, 34, 14.10%, 0, 0, 5, 77.26
1575123959, 0, 4950, 5004, 4384, 34, 14.10%, 0, 0, 5, 79.35
1575123974, 0, 4955, 5010, 4389, 34, 14.10%, 0, 0, 5, 65.37
1575123979, 0, 4955, 5011, 4390, 34, 14.10%, 0, 0, 5, 74.96
1575123994, 0, 4963, 5012, 4390, 33, 14.10%, 0, 0, 5, 92.60
1575124000, 0, 4963, 5016, 4394, 33, 14.11%, 0, 0, 5, 83.77
1575124020, 0, 4963, 5017, 4395, 33, 14.11%, 0, 0, 5, 86.09
1575124025, 0, 4963, 5018, 4396, 33, 14.11%, 0, 0, 5, 86.73
1575124035, 0, 4963, 5020, 4398, 33, 14.11%, 0, 0, 5, 88.09
1575124040, 0, 4963, 5021, 4399, 33, 14.11%, 0, 0, 5, 88.54
1575124061, 0, 4963, 5022, 4400, 33, 14.11%, 0, 0, 5, 86.12
1575124071, 0, 4966, 5022, 4399, 35, 14.11%, 0, 0, 5, 81.76
1575124076, 0, 4966, 5024, 4401, 35, 14.11%, 0, 0, 5, 90.44
1575124081, 0, 4966, 5026, 4403, 35, 14.11%, 0, 0, 5, 101.10
1575124101, 0, 4966, 5027, 4404, 35, 14.11%, 0, 0, 5, 96.18
1575124106, 0, 4966, 5028, 4405, 35, 14.11%, 0, 0, 5, 93.87
1575124126, 0, 4966, 5030, 4407, 35, 14.11%, 0, 0, 5, 95.92
1575124147, 0, 4975, 5030, 4406, 36, 14.11%, 0, 0, 5, 84.31
1575124157, 0, 4978, 5030, 4405, 35, 14.11%, 0, 0, 5, 66.02
1575124172, 0, 4978, 5040, 4414, 34, 14.13%, 0, 0, 5, 65.41
1575124177, 0, 4978, 5060, 4434, 34, 14.13%, 0, 0, 5, 42.23
1575124182, 0, 4978, 5070, 4444, 34, 14.13%, 0, 0, 5, 37.55
1575124187, 0, 4978, 5082, 4456, 34, 14.13%, 0, 0, 5, 38.82
1575124193, 0, 4978, 5090, 4464, 34, 14.13%, 0, 0, 5, 33.86
1575124198, 0, 4980, 5091, 4465, 42, 14.13%, 0, 0, 5, 78.59
1575124203, 0, 4997, 5091, 4464, 41, 14.13%, 0, 0, 5, 95.44
1575124208, 0, 4998, 5091, 4463, 40, 14.13%, 0, 0, 5, 102.38
1575124223, 0, 5007, 5092, 4463, 39, 14.13%, 0, 0, 5, 87.93
1575124239, 0, 5016, 5092, 4462, 39, 14.13%, 0, 0, 5, 84.62
1575124249, 0, 5016, 5093, 4462, 38, 14.13%, 0, 0, 5, 74.78
1575124254, 0, 5016, 5103, 4472, 38, 14.14%, 0, 0, 5, 38.63
1575124259, 0, 5019, 5105, 4474, 40, 14.14%, 0, 0, 5, 49.58
1575124274, 0, 5021, 5105, 4473, 39, 14.14%, 0, 0, 5, 94.91
1575124284, 0, 5023, 5105, 4472, 38, 14.14%, 0, 0, 5, 94.20
1575124289, 0, 5026, 5105, 4471, 37, 14.14%, 0, 0, 5, 91.85
1575124299, 0, 5027, 5106, 4471, 36, 14.14%, 0, 0, 5, 93.85
1575124315, 0, 5027, 5117, 4481, 35, 14.15%, 0, 0, 5, 58.03
1575124320, 0, 5033, 5118, 4482, 38, 14.15%, 0, 0, 5, 73.22
1575124330, 0, 5038, 5118, 4481, 37, 14.15%, 0, 0, 5, 93.38
1575124345, 0, 5041, 5118, 4480, 36, 14.15%, 0, 0, 5, 82.96
1575124356, 0, 5046, 5119, 4480, 35, 14.15%, 0, 0, 5, 87.91
1575124361, 0, 5046, 5122, 4483, 35, 14.15%, 0, 0, 5, 94.77
1575124366, 0, 5046, 5123, 4484, 35, 14.15%, 0, 0, 5, 88.75
1575124381, 0, 5046, 5124, 4485, 35, 14.15%, 0, 0, 5, 89.79
1575124386, 0, 5046, 5125, 4486, 35, 14.15%, 0, 0, 5, 88.40
1575124391, 0, 5046, 5126, 4487, 35, 14.15%, 0, 0, 5, 88.17
1575124401, 0, 5046, 5128, 4489, 35, 14.16%, 0, 0, 5, 89.66
1575124411, 0, 5046, 5129, 4490, 35, 14.16%, 0, 0, 5, 81.95
1575124417, 0, 5046, 5130, 4491, 35, 14.16%, 0, 0, 5, 79.37
1575124432, 0, 5051, 5130, 4490, 38, 14.16%, 0, 0, 5, 93.00
1575124442, 0, 5051, 5142, 4501, 37, 14.17%, 0, 0, 5, 60.10
1575124447, 0, 5051, 5158, 4517, 37, 14.17%, 0, 0, 5, 43.42
1575124452, 0, 5051, 5166, 4525, 37, 14.17%, 0, 0, 5, 37.42
1575124457, 0, 5060, 5169, 4528, 41, 14.17%, 0, 0, 5, 66.71
1575124473, 0, 5061, 5169, 4527, 41, 14.17%, 0, 0, 5, 81.60
1575124478, 0, 5069, 5169, 4526, 40, 14.17%, 0, 0, 5, 82.93
1575124493, 0, 5075, 5169, 4525, 39, 14.17%, 0, 0, 5, 65.72
1575124508, 0, 5084, 5170, 4525, 38, 14.17%, 0, 0, 5, 88.95
1575124513, 0, 5084, 5172, 4526, 37, 14.17%, 0, 0, 5, 87.19
1575124519, 0, 5084, 5184, 4538, 37, 14.18%, 0, 0, 5, 43.25
1575124524, 0, 5090, 5189, 4543, 39, 14.18%, 0, 0, 5, 57.72
1575124539, 0, 5091, 5190, 4543, 38, 14.18%, 0, 0, 5, 90.48
1575124549, 0, 5099, 5190, 4542, 38, 14.18%, 0, 0, 5, 88.93
1575124559, 0, 5101, 5190, 4541, 37, 14.18%, 0, 0, 5, 90.01
1575124569, 0, 5105, 5191, 4541, 37, 14.19%, 0, 0, 5, 96.04
1575124580, 0, 5105, 5199, 4548, 36, 14.19%, 0, 0, 5, 54.81
1575124585, 0, 5105, 5215, 4564, 36, 14.19%, 0, 0, 5, 39.84
1575124590, 0, 5105, 5222, 4571, 36, 14.19%, 0, 0, 5, 29.65
1575124595, 0, 5116, 5222, 4571, 39, 14.19%, 0, 0, 5, 57.25
1575124605, 0, 5119, 5222, 4570, 38, 14.19%, 0, 0, 5, 82.45
1575124616, 0, 5125, 5222, 4569, 37, 14.19%, 0, 0, 5, 82.57
1575124626, 0, 5127, 5223, 4569, 36, 14.19%, 0, 0, 5, 90.42
1575124631, 0, 5127, 5226, 4572, 36, 14.19%, 0, 0, 5, 79.23
1575124636, 0, 5127, 5227, 4573, 36, 14.19%, 0, 0, 5, 72.30
1575124641, 0, 5127, 5228, 4574, 36, 14.19%, 0, 0, 5, 80.88
1575124656, 0, 5127, 5231, 4577, 36, 14.19%, 0, 0, 5, 88.95
1575124667, 0, 5127, 5233, 4579, 36, 14.20%, 0, 0, 5, 94.55
1575124677, 0, 5127, 5235, 4581, 36, 14.20%, 0, 0, 5, 101.38
1575124682, 0, 5127, 5236, 4582, 36, 14.20%, 0, 0, 5, 102.54
1575124692, 0, 5127, 5237, 4583, 36, 14.20%, 0, 0, 5, 89.75
1575124702, 0, 5131, 5237, 4582, 41, 14.20%, 0, 0, 5, 92.48
1575124708, 0, 5131, 5239, 4584, 41, 14.20%, 0, 0, 5, 81.89
1575124713, 0, 5131, 5240, 4585, 41, 14.20%, 0, 0, 5, 92.46
1575124748, 0, 5131, 5247, 4591, 40, 14.20%, 0, 0, 5, 68.77
1575124753, 0, 5131, 5271, 4615, 40, 14.20%, 0, 0, 5, 50.10
1575124758, 0, 5131, 5276, 4620, 40, 14.21%, 0, 0, 5, 38.84
1575124763, 0, 5131, 5280, 4624, 40, 14.21%, 0, 0, 5, 36.06
1575124769, 0, 5134, 5283, 4627, 46, 14.21%, 0, 0, 5, 66.03
1575124779, 0, 5142, 5284, 4627, 45, 14.21%, 0, 0, 5, 101.43
1575124784, 0, 5161, 5284, 4626, 44, 14.21%, 0, 0, 5, 95.54
1575124794, 0, 5184, 5284, 4625, 43, 14.21%, 0, 0, 5, 62.42
1575124799, 0, 5184, 5285, 4626, 43, 14.21%, 0, 0, 5, 77.69
1575124814, 0, 5186, 5285, 4625, 42, 14.21%, 0, 0, 5, 59.69
1575124830, 0, 5186, 5297, 4636, 41, 14.22%, 0, 0, 5, 42.08
1575124835, 0, 5186, 5310, 4649, 41, 14.22%, 0, 0, 5, 32.94
1575124840, 0, 5187, 5316, 4655, 48, 14.23%, 0, 0, 5, 69.88
1575124850, 0, 5188, 5316, 4654, 47, 14.23%, 0, 0, 5, 90.69
1575124855, 0, 5190, 5316, 4653, 46, 14.23%, 0, 0, 5, 62.17
1575124865, 0, 5203, 5316, 4652, 45, 14.23%, 0, 0, 5, 105.14
1575124875, 0, 5206, 5316, 4651, 44, 14.23%, 0, 0, 5, 72.63
1575124886, 0, 5206, 5321, 4655, 43, 14.23%, 0, 0, 5, 56.83
1575124891, 0, 5210, 5322, 4656, 44, 14.23%, 0, 0, 5, 35.72
1575124901, 0, 5211, 5322, 4655, 43, 14.23%, 0, 0, 5, 87.34
1575124911, 0, 5228, 5322, 4654, 42, 14.23%, 0, 0, 5, 87.83
1575124921, 0, 5232, 5322, 4653, 41, 14.23%, 0, 0, 5, 75.50
1575124936, 0, 5233, 5322, 4652, 40, 14.23%, 0, 0, 5, 71.30
1575124952, 0, 5233, 5332, 4661, 39, 14.23%, 0, 0, 5, 59.69
1575124957, 0, 5235, 5338, 4667, 43, 14.24%, 0, 0, 5, 48.63
1575124962, 0, 5235, 5339, 4668, 43, 14.24%, 0, 0, 5, 83.77
1575124977, 0, 5245, 5339, 4667, 41, 14.24%, 0, 0, 5, 95.23
1575124987, 0, 5246, 5339, 4666, 40, 14.24%, 0, 0, 5, 73.07
1575125002, 0, 5250, 5341, 4667, 39, 14.24%, 0, 0, 5, 82.56
1575125012, 0, 5253, 5341, 4666, 38, 14.24%, 0, 0, 5, 88.89
1575125018, 0, 5253, 5342, 4667, 38, 14.24%, 0, 0, 5, 92.23
1575125023, 0, 5253, 5354, 4678, 37, 14.24%, 0, 0, 5, 54.77
1575125028, 0, 5258, 5356, 4680, 38, 14.24%, 0, 0, 5, 59.18
1575125038, 0, 5259, 5356, 4679, 37, 14.24%, 0, 0, 5, 71.00
1575125053, 0, 5260, 5356, 4678, 36, 14.24%, 0, 0, 5, 78.77
1575125063, 0, 5262, 5356, 4677, 35, 14.24%, 0, 0, 5, 78.98
1575125074, 0, 5268, 5356, 4676, 34, 14.24%, 0, 0, 5, 91.54
1575125084, 0, 5268, 5362, 4681, 33, 14.24%, 0, 0, 5, 65.40
1575125089, 0, 5276, 5365, 4684, 34, 14.25%, 0, 0, 5, 64.90
1575125099, 0, 5281, 5365, 4683, 33, 14.25%, 0, 0, 5, 68.07
1575125109, 0, 5291, 5365, 4682, 32, 14.25%, 0, 0, 5, 71.20
1575125119, 0, 5292, 5365, 4681, 31, 14.25%, 0, 0, 5, 52.94
1575125130, 0, 5294, 5365, 4680, 30, 14.25%, 0, 0, 5, 79.38
1575125135, 0, 5294, 5367, 4682, 30, 14.25%, 0, 0, 5, 76.03
1575125145, 0, 5294, 5369, 4683, 29, 14.25%, 0, 0, 5, 89.16
1575125150, 0, 5294, 5380, 4694, 29, 14.25%, 0, 0, 5, 42.91
1575125155, 0, 5300, 5381, 4695, 32, 14.25%, 0, 0, 5, 55.29
1575125165, 0, 5305, 5381, 4694, 31, 14.25%, 0, 0, 5, 69.63
1575125175, 0, 5312, 5381, 4693, 30, 14.25%, 0, 0, 5, 79.52
1575125180, 0, 5312, 5382, 4694, 30, 14.26%, 0, 0, 5, 85.72
1575125185, 0, 5313, 5382, 4693, 29, 14.26%, 0, 0, 5, 78.56
1575125196, 0, 5319, 5382, 4692, 28, 14.26%, 0, 0, 5, 90.60
1575125206, 0, 5319, 5394, 4703, 27, 14.26%, 0, 0, 5, 40.29
1575125216, 0, 5319, 5399, 4708, 27, 14.26%, 0, 0, 5, 28.18
1575125221, 0, 5330, 5403, 4712, 30, 14.26%, 0, 0, 5, 31.05
1575125226, 0, 5330, 5404, 4713, 30, 14.26%, 0, 0, 5, 74.56
1575125236, 0, 5332, 5404, 4712, 30, 14.26%, 0, 0, 5, 82.20
1575125251, 0, 5333, 5404, 4711, 29, 14.26%, 0, 0, 5, 84.42
1575125261, 0, 5335, 5404, 4710, 28, 14.26%, 0, 0, 5, 77.95
1575125277, 0, 5345, 5404, 4709, 27, 14.26%, 0, 0, 5, 74.54
1575125282, 0, 5345, 5405, 4710, 27, 14.27%, 0, 0, 5, 77.84
1575125287, 0, 5345, 5411, 4715, 26, 14.27%, 0, 0, 5, 50.59
1575125292, 0, 5345, 5413, 4717, 26, 14.27%, 0, 0, 5, 33.97
1575125297, 0, 5351, 5415, 4719, 28, 14.27%, 0, 0, 5, 69.74
1575125302, 0, 5353, 5415, 4718, 27, 14.27%, 0, 0, 5, 88.94
1575125313, 0, 5358, 5416, 4718, 26, 14.27%, 0, 0, 5, 73.24
1575125323, 0, 5366, 5416, 4717, 25, 14.27%, 0, 0, 5, 70.68
1575125328, 0, 5366, 5418, 4719, 25, 14.27%, 0, 0, 5, 44.60
1575125333, 0, 5366, 5419, 4720, 25, 14.27%, 0, 0, 5, 51.15
1575125358, 0, 5366, 5420, 4721, 25, 14.27%, 0, 0, 5, 59.85
1575125369, 0, 5366, 5421, 4722, 25, 14.27%, 0, 0, 5, 58.86
1575125374, 0, 5366, 5422, 4723, 25, 14.27%, 0, 0, 5, 70.57
1575125379, 0, 5366, 5423, 4724, 25, 14.27%, 0, 0, 5, 75.88
1575125404, 0, 5381, 5424, 4724, 25, 14.27%, 0, 0, 5, 55.37
1575125410, 0, 5381, 5426, 4726, 25, 14.27%, 0, 0, 5, 70.95
1575125420, 0, 5381, 5428, 4728, 25, 14.27%, 0, 0, 5, 68.38
1575125440, 0, 5381, 5430, 4730, 25, 14.27%, 0, 0, 5, 52.12
1575125446, 0, 5381, 5432, 4732, 25, 14.27%, 0, 0, 5, 52.45
1575125456, 0, 5381, 5433, 4733, 25, 14.27%, 0, 0, 5, 62.89
1575125471, 0, 5381, 5434, 4734, 25, 14.27%, 0, 0, 5, 68.17
1575125481, 0, 5381, 5442, 4741, 24, 14.27%, 0, 0, 5, 62.40
1575125486, 0, 5381, 5457, 4756, 24, 14.27%, 0, 0, 5, 37.97
1575125491, 0, 5381, 5466, 4765, 24, 14.27%, 0, 0, 5, 37.20
1575125497, 0, 5385, 5466, 4765, 32, 14.27%, 0, 0, 5, 34.74
1575125512, 0, 5386, 5466, 4764, 31, 14.27%, 0, 0, 5, 73.54
1575125522, 0, 5389, 5466, 4763, 30, 14.27%, 0, 0, 5, 87.80
1575125527, 0, 5392, 5466, 4762, 29, 14.27%, 0, 0, 5, 77.40
1575125537, 0, 5399, 5467, 4762, 28, 14.27%, 0, 0, 5, 58.47
1575125547, 0, 5399, 5470, 4764, 27, 14.27%, 0, 0, 5, 74.00
1575125553, 0, 5412, 5474, 4768, 28, 14.27%, 0, 0, 5, 73.10
1575125563, 0, 5415, 5474, 4767, 27, 14.27%, 0, 0, 5, 55.97
1575125573, 0, 5421, 5474, 4766, 27, 14.27%, 0, 0, 5, 47.64
1575125578, 0, 5421, 5475, 4767, 27, 14.27%, 0, 0, 5, 12.77
1575125583, 0, 5433, 5475, 4766, 26, 14.27%, 0, 0, 5, 89.39
1575125588, 0, 5445, 5475, 4765, 25, 14.27%, 0, 0, 5, 84.82
1575125603, 0, 5445, 5481, 4770, 24, 14.27%, 0, 0, 5, 17.74
1575125609, 0, 5445, 5493, 4782, 24, 14.28%, 0, 0, 5, 26.44
1575125614, 0, 5454, 5493, 4781, 26, 14.28%, 0, 0, 5, 70.92
1575125624, 0, 5457, 5493, 4780, 25, 14.28%, 0, 0, 5, 88.95
1575125634, 0, 5458, 5493, 4779, 24, 14.28%, 0, 0, 5, 75.18
1575125644, 0, 5461, 5493, 4778, 23, 14.28%, 0, 0, 5, 65.87
