# unix_time, cycles_done, cur_path, paths_total, pending_total, pending_favs, map_size, unique_crashes, unique_hangs, max_depth, execs_per_sec
1575114308, 0, 0, 1, 1, 1, 7.00%, 0, 0, 1, 117.65
1575114313, 0, 0, 92, 92, 1, 8.12%, 0, 0, 2, 177.36
1575114318, 0, 0, 143, 143, 1, 8.35%, 0, 0, 2, 184.42
1575114323, 0, 0, 176, 176, 1, 8.45%, 0, 0, 2, 188.05
1575114329, 0, 0, 199, 199, 1, 8.70%, 0, 0, 2, 189.66
1575114334, 0, 0, 217, 217, 1, 8.78%, 0, 0, 2, 182.12
1575114339, 0, 0, 235, 235, 1, 9.03%, 0, 0, 2, 107.32
1575114344, 0, 0, 249, 249, 1, 9.06%, 0, 0, 2, 114.25
1575114349, 0, 0, 254, 254, 1, 9.07%, 0, 0, 2, 110.49
1575114354, 0, 0, 261, 261, 1, 9.07%, 0, 0, 2, 122.14
1575114359, 0, 0, 274, 274, 1, 9.26%, 0, 0, 2, 127.80
1575114364, 0, 0, 286, 286, 1, 9.31%, 0, 0, 2, 111.90
1575114369, 0, 0, 293, 293, 1, 9.31%, 0, 0, 2, 111.98
1575114374, 0, 0, 300, 300, 1, 9.37%, 0, 0, 2, 120.82
1575114379, 0, 0, 306, 306, 1, 9.41%, 0, 0, 2, 106.22
1575114384, 0, 0, 314, 314, 1, 9.42%, 0, 0, 2, 103.84
1575114390, 0, 0, 320, 320, 1, 9.43%, 0, 0, 2, 111.68
1575114395, 0, 0, 329, 329, 1, 9.45%, 0, 0, 2, 115.57
1575114400, 0, 0, 336, 335, 0, 9.51%, 0, 0, 2, 99.64
1575114405, 0, 0, 376, 375, 0, 9.64%, 0, 0, 2, 84.88
1575114410, 0, 0, 415, 414, 0, 10.02%, 0, 0, 2, 83.78
1575114415, 0, 0, 458, 457, 0, 10.10%, 0, 0, 2, 89.54
1575114420, 0, 0, 492, 491, 0, 10.13%, 0, 0, 2, 73.69
1575114425, 0, 0, 523, 522, 0, 10.14%, 0, 0, 2, 77.25
1575114430, 0, 0, 558, 557, 0, 10.16%, 0, 0, 2, 91.90
1575114435, 0, 0, 593, 592, 0, 10.17%, 0, 0, 2, 96.40
1575114441, 0, 0, 621, 620, 0, 10.35%, 0, 0, 2, 87.32
1575114446, 0, 0, 636, 635, 0, 10.36%, 0, 0, 2, 82.94
1575114451, 0, 0, 646, 645, 0, 10.47%, 0, 0, 2, 91.26
1575114456, 0, 0, 649, 648, 0, 10.48%, 0, 0, 2, 89.67
1575114461, 0, 0, 657, 656, 0, 10.48%, 0, 0, 2, 81.62
1575114466, 0, 0, 663, 662, 0, 10.49%, 0, 0, 2, 77.79
1575114471, 0, 0, 674, 673, 0, 10.49%, 0, 0, 2, 86.70
1575114476, 0, 0, 684, 683, 0, 10.49%, 0, 0, 2, 90.89
1575114482, 0, 0, 689, 688, 0, 10.49%, 0, 0, 2, 79.96
1575114487, 0, 18, 691, 689, 145, 10.49%, 0, 0, 2, 90.75
1575114492, 0, 18, 695, 693, 145, 10.49%, 0, 0, 3, 95.75
1575114497, 0, 18, 698, 696, 145, 10.50%, 0, 0, 3, 104.89
1575114502, 0, 18, 700, 698, 145, 10.50%, 0, 0, 3, 99.10
1575114507, 0, 18, 702, 700, 145, 10.50%, 0, 0, 3, 103.19
1575114512, 0, 18, 705, 703, 145, 10.50%, 0, 0, 3, 100.72
1575114517, 0, 18, 708, 706, 145, 10.51%, 0, 0, 3, 91.59
1575114522, 0, 18, 710, 708, 145, 10.51%, 0, 0, 3, 85.31
1575114533, 0, 18, 711, 709, 145, 10.51%, 0, 0, 3, 102.47
1575114538, 0, 18, 714, 712, 145, 10.51%, 0, 0, 3, 103.98
1575114543, 0, 18, 716, 714, 145, 10.51%, 0, 0, 3, 108.06
1575114558, 0, 33, 717, 714, 143, 10.51%, 0, 0, 3, 99.54
1575114563, 0, 67, 717, 713, 142, 10.51%, 0, 0, 3, 109.65
1575114569, 0, 82, 717, 711, 140, 10.51%, 0, 0, 3, 103.40
1575114574, 0, 82, 753, 747, 140, 10.52%, 0, 0, 3, 100.10
1575114579, 0, 82, 791, 785, 140, 10.57%, 0, 0, 3, 85.08
1575114584, 0, 82, 797, 791, 140, 10.57%, 0, 0, 3, 80.68
1575114589, 0, 82, 804, 798, 140, 10.57%, 0, 0, 3, 80.04
1575114594, 0, 86, 806, 800, 153, 10.57%, 0, 0, 3, 107.81
1575114599, 0, 92, 806, 799, 152, 10.57%, 0, 0, 3, 104.73
1575114609, 0, 92, 811, 804, 152, 10.57%, 0, 0, 3, 107.07
1575114620, 0, 98, 811, 802, 149, 10.57%, 0, 0, 3, 106.33
1575114625, 0, 101, 813, 803, 148, 10.57%, 0, 0, 3, 106.01
1575114630, 0, 101, 814, 804, 148, 10.57%, 0, 0, 3, 113.31
1575114635, 0, 101, 815, 805, 148, 10.57%, 0, 0, 3, 105.74
1575114650, 0, 101, 816, 806, 148, 10.57%, 0, 0, 3, 100.67
1575114665, 0, 101, 817, 807, 148, 10.57%, 0, 0, 3, 105.34
1575114671, 0, 101, 818, 808, 148, 10.57%, 0, 0, 3, 102.95
1575114681, 0, 101, 819, 809, 148, 10.58%, 0, 0, 3, 105.06
1575114686, 0, 101, 820, 810, 148, 10.58%, 0, 0, 3, 102.14
1575114691, 0, 101, 830, 819, 147, 10.64%, 0, 0, 3, 103.38
1575114696, 0, 101, 870, 859, 147, 10.70%, 0, 0, 3, 87.01
1575114701, 0, 101, 891, 880, 147, 10.70%, 0, 0, 3, 73.71
1575114706, 0, 101, 894, 883, 147, 10.70%, 0, 0, 3, 81.31
1575114711, 0, 102, 894, 883, 155, 10.70%, 0, 0, 3, 106.68
1575114721, 0, 107, 894, 882, 155, 10.70%, 0, 0, 3, 88.63
1575114726, 0, 107, 897, 885, 155, 10.70%, 0, 0, 3, 97.74
1575114731, 0, 116, 897, 884, 154, 10.70%, 0, 0, 3, 107.88
1575114736, 0, 132, 897, 883, 154, 10.70%, 0, 0, 3, 109.74
1575114746, 0, 133, 897, 882, 153, 10.70%, 0, 0, 3, 116.80
1575114751, 0, 133, 918, 902, 152, 10.78%, 0, 0, 3, 87.95
1575114757, 0, 133, 924, 908, 152, 10.82%, 0, 0, 3, 87.96
1575114762, 0, 136, 942, 926, 159, 10.83%, 0, 0, 3, 91.84
1575114767, 0, 136, 943, 927, 159, 10.83%, 0, 0, 3, 105.33
1575114772, 0, 146, 943, 926, 158, 10.83%, 0, 0, 3, 106.64
1575114777, 0, 150, 943, 925, 157, 10.83%, 0, 0, 3, 101.09
1575114787, 0, 153, 943, 924, 156, 10.83%, 0, 0, 3, 106.76
1575114792, 0, 161, 943, 923, 155, 10.83%, 0, 0, 3, 97.25
1575114797, 0, 161, 952, 931, 154, 10.84%, 0, 0, 3, 85.69
1575114803, 0, 166, 965, 944, 153, 10.84%, 0, 0, 3, 85.13
1575114808, 0, 170, 965, 943, 152, 10.84%, 0, 0, 3, 97.11
1575114813, 0, 170, 968, 946, 152, 10.84%, 0, 0, 3, 93.92
1575114818, 0, 176, 968, 945, 152, 10.84%, 0, 0, 3, 98.94
1575114823, 0, 176, 969, 946, 152, 10.84%, 0, 0, 3, 108.41
1575114828, 0, 177, 969, 945, 151, 10.84%, 0, 0, 3, 116.79
1575114833, 0, 179, 969, 944, 150, 10.84%, 0, 0, 3, 100.69
1575114843, 0, 179, 994, 968, 149, 10.87%, 0, 0, 3, 78.07
1575114848, 0, 182, 997, 971, 148, 10.87%, 0, 0, 3, 99.55
1575114859, 0, 182, 998, 972, 148, 10.87%, 0, 0, 3, 92.71
1575114869, 0, 182, 999, 973, 148, 10.87%, 0, 0, 3, 98.75
1575114874, 0, 182, 1000, 974, 148, 10.87%, 0, 0, 3, 85.98
1575114890, 0, 182, 1001, 975, 148, 10.87%, 0, 0, 3, 84.06
1575114905, 0, 182, 1003, 977, 148, 10.87%, 0, 0, 3, 90.87
1575114910, 0, 182, 1004, 978, 148, 10.87%, 0, 0, 3, 102.75
1575114920, 0, 184, 1004, 977, 150, 10.87%, 0, 0, 3, 102.35
1575114926, 0, 205, 1005, 977, 150, 10.88%, 0, 0, 3, 104.61
1575114931, 0, 205, 1008, 980, 150, 10.89%, 0, 0, 3, 100.15
1575114936, 0, 209, 1010, 981, 150, 10.89%, 0, 0, 3, 92.28
1575114946, 0, 213, 1010, 980, 149, 10.89%, 0, 0, 3, 95.78
1575114951, 0, 213, 1028, 997, 148, 10.93%, 0, 0, 3, 83.12
1575114956, 0, 213, 1070, 1039, 148, 10.96%, 0, 0, 3, 78.57
1575114961, 0, 213, 1100, 1069, 148, 10.97%, 0, 0, 3, 76.19
1575114966, 0, 213, 1106, 1075, 148, 11.02%, 0, 0, 3, 69.60
1575114971, 0, 214, 1107, 1076, 156, 11.02%, 0, 0, 3, 75.51
1575114976, 0, 214, 1111, 1080, 156, 11.02%, 0, 0, 3, 91.05
1575114982, 0, 214, 1113, 1082, 156, 11.02%, 0, 0, 3, 94.92
1575114987, 0, 214, 1114, 1083, 156, 11.02%, 0, 0, 3, 94.28
1575114992, 0, 215, 1114, 1082, 155, 11.02%, 0, 0, 3, 88.20
1575114997, 0, 218, 1114, 1081, 154, 11.02%, 0, 0, 3, 68.67
1575115007, 0, 218, 1117, 1084, 154, 11.02%, 0, 0, 3, 93.85
1575115018, 0, 221, 1117, 1083, 153, 11.02%, 0, 0, 3, 91.76
1575115023, 0, 221, 1120, 1086, 153, 11.02%, 0, 0, 3, 91.70
1575115033, 0, 225, 1122, 1087, 152, 11.02%, 0, 0, 3, 94.17
1575115038, 0, 225, 1123, 1088, 152, 11.02%, 0, 0, 3, 100.33
1575115048, 0, 225, 1131, 1096, 152, 11.02%, 0, 0, 3, 82.58
1575115053, 0, 225, 1138, 1103, 152, 11.02%, 0, 0, 3, 78.25
1575115058, 0, 225, 1140, 1104, 151, 11.02%, 0, 0, 3, 97.95
1575115063, 0, 225, 1176, 1140, 151, 11.07%, 0, 0, 3, 82.42
1575115068, 0, 240, 1186, 1150, 162, 11.07%, 0, 0, 3, 84.09
1575115073, 0, 274, 1186, 1149, 161, 11.07%, 0, 0, 3, 110.59
1575115078, 0, 297, 1186, 1148, 160, 11.07%, 0, 0, 3, 116.80
1575115083, 0, 305, 1187, 1148, 161, 11.21%, 0, 0, 3, 113.94
1575115088, 0, 306, 1190, 1150, 161, 11.21%, 0, 0, 3, 100.54
1575115094, 0, 306, 1195, 1154, 160, 11.21%, 0, 0, 3, 94.34
1575115099, 0, 311, 1197, 1156, 160, 11.22%, 0, 0, 3, 99.35
1575115104, 0, 333, 1197, 1154, 158, 11.22%, 0, 0, 3, 94.17
1575115119, 0, 343, 1197, 1153, 157, 11.22%, 0, 0, 3, 114.95
1575115129, 0, 347, 1198, 1152, 156, 11.22%, 0, 0, 3, 99.84
1575115135, 0, 380, 1214, 1168, 157, 11.23%, 0, 0, 3, 97.05
1575115145, 0, 385, 1214, 1167, 156, 11.23%, 0, 0, 3, 104.61
1575115160, 0, 387, 1214, 1166, 155, 11.23%, 0, 0, 3, 96.43
1575115170, 0, 388, 1214, 1165, 155, 11.23%, 0, 0, 3, 90.55
1575115176, 0, 388, 1215, 1166, 155, 11.23%, 0, 0, 3, 94.92
1575115181, 0, 400, 1215, 1165, 154, 11.23%, 0, 0, 3, 103.93
1575115196, 0, 400, 1241, 1190, 153, 11.25%, 0, 0, 3, 76.09
1575115201, 0, 410, 1258, 1207, 160, 11.27%, 0, 0, 3, 76.38
1575115206, 0, 410, 1259, 1208, 160, 11.27%, 0, 0, 3, 99.30
1575115221, 0, 431, 1259, 1206, 158, 11.27%, 0, 0, 3, 104.46
1575115237, 0, 438, 1260, 1206, 157, 11.27%, 0, 0, 3, 92.30
1575115242, 0, 446, 1260, 1205, 157, 11.27%, 0, 0, 3, 104.44
1575115247, 0, 446, 1277, 1221, 156, 11.28%, 0, 0, 3, 91.02
1575115252, 0, 450, 1288, 1232, 163, 11.29%, 0, 0, 3, 75.47
1575115257, 0, 450, 1289, 1233, 163, 11.29%, 0, 0, 3, 89.74
1575115262, 0, 450, 1293, 1237, 163, 11.29%, 0, 0, 3, 80.98
1575115267, 0, 450, 1299, 1243, 163, 11.29%, 0, 0, 3, 84.87
1575115272, 0, 450, 1306, 1250, 163, 11.29%, 0, 0, 3, 93.22
1575115277, 0, 467, 1306, 1249, 161, 11.29%, 0, 0, 3, 109.02
1575115282, 0, 470, 1306, 1248, 160, 11.29%, 0, 0, 3, 95.99
1575115287, 0, 470, 1307, 1249, 160, 11.29%, 0, 0, 3, 97.02
1575115292, 0, 490, 1307, 1248, 159, 11.29%, 0, 0, 3, 99.83
1575115297, 0, 502, 1307, 1247, 158, 11.29%, 0, 0, 3, 96.78
1575115303, 0, 502, 1316, 1255, 157, 11.29%, 0, 0, 3, 81.96
1575115308, 0, 502, 1351, 1290, 157, 11.30%, 0, 0, 3, 69.08
1575115313, 0, 502, 1358, 1297, 157, 11.30%, 0, 0, 3, 78.25
1575115318, 0, 517, 1358, 1297, 161, 11.30%, 0, 0, 3, 104.46
1575115323, 0, 565, 1359, 1296, 160, 11.30%, 0, 0, 3, 101.28
1575115333, 0, 565, 1360, 1297, 160, 11.30%, 0, 0, 3, 108.59
1575115338, 0, 569, 1360, 1296, 159, 11.30%, 0, 0, 3, 105.36
1575115343, 0, 570, 1360, 1295, 159, 11.30%, 0, 0, 3, 92.78
1575115348, 0, 570, 1366, 1300, 158, 11.32%, 0, 0, 3, 93.45
1575115353, 0, 577, 1377, 1311, 160, 11.33%, 0, 0, 3, 97.36
1575115358, 0, 594, 1377, 1310, 159, 11.33%, 0, 0, 3, 102.41
1575115369, 0, 613, 1377, 1309, 158, 11.33%, 0, 0, 3, 85.94
1575115379, 0, 620, 1377, 1308, 158, 11.33%, 0, 0, 3, 89.72
1575115389, 0, 622, 1377, 1307, 157, 11.33%, 0, 0, 3, 103.04
1575115399, 0, 622, 1398, 1327, 156, 11.34%, 0, 0, 3, 82.61
1575115404, 0, 630, 1413, 1342, 160, 11.35%, 0, 0, 3, 75.39
1575115409, 0, 649, 1413, 1341, 159, 11.35%, 0, 0, 3, 87.06
1575115424, 0, 654, 1413, 1340, 158, 11.35%, 0, 0, 3, 99.13
1575115429, 0, 660, 1414, 1340, 156, 11.35%, 0, 0, 3, 103.72
1575115445, 0, 665, 1414, 1339, 155, 11.35%, 0, 0, 3, 93.29
1575115450, 0, 665, 1415, 1340, 155, 11.35%, 0, 0, 3, 104.29
1575115455, 0, 665, 1422, 1346, 154, 11.35%, 0, 0, 3, 99.89
1575115460, 0, 674, 1438, 1362, 159, 11.36%, 0, 0, 3, 76.59
1575115465, 0, 676, 1438, 1361, 158, 11.36%, 0, 0, 3, 89.21
1575115470, 0, 707, 1439, 1361, 157, 11.36%, 0, 0, 3, 101.34
1575115475, 0, 718, 1440, 1361, 157, 11.36%, 0, 0, 4, 101.64
1575115480, 0, 718, 1441, 1362, 157, 11.36%, 0, 0, 4, 93.08
1575115485, 0, 718, 1442, 1363, 157, 11.36%, 0, 0, 4, 94.07
1575115490, 0, 719, 1442, 1362, 156, 11.36%, 0, 0, 4, 92.83
1575115500, 0, 719, 1461, 1380, 155, 11.38%, 0, 0, 4, 92.22
1575115505, 0, 724, 1462, 1381, 158, 11.38%, 0, 0, 4, 105.50
1575115510, 0, 728, 1462, 1380, 157, 11.38%, 0, 0, 4, 108.21
1575115520, 0, 749, 1463, 1380, 156, 11.38%, 0, 0, 4, 94.87
1575115526, 0, 749, 1464, 1381, 156, 11.38%, 0, 0, 4, 86.23
1575115531, 0, 749, 1465, 1382, 156, 11.39%, 0, 0, 4, 91.30
1575115536, 0, 749, 1466, 1383, 156, 11.39%, 0, 0, 4, 104.86
1575115551, 0, 749, 1467, 1384, 156, 11.39%, 0, 0, 4, 88.96
1575115556, 0, 749, 1468, 1385, 156, 11.39%, 0, 0, 4, 88.83
1575115571, 0, 749, 1469, 1386, 156, 11.39%, 0, 0, 4, 95.34
1575115592, 0, 752, 1469, 1385, 155, 11.39%, 0, 0, 4, 100.02
1575115597, 0, 755, 1470, 1385, 154, 11.39%, 0, 0, 4, 100.16
1575115602, 0, 755, 1471, 1386, 154, 11.39%, 0, 0, 4, 104.23
1575115607, 0, 755, 1473, 1388, 154, 11.39%, 0, 0, 4, 113.96
1575115612, 0, 755, 1509, 1423, 153, 11.41%, 0, 0, 4, 80.59
1575115617, 0, 755, 1521, 1435, 153, 11.41%, 0, 0, 4, 75.80
1575115622, 0, 758, 1522, 1436, 162, 11.41%, 0, 0, 4, 86.98
1575115627, 0, 765, 1523, 1436, 161, 11.41%, 0, 0, 4, 90.31
1575115633, 0, 799, 1523, 1435, 160, 11.41%, 0, 0, 4, 99.93
1575115638, 0, 814, 1523, 1433, 158, 11.41%, 0, 0, 4, 99.79
1575115643, 0, 814, 1524, 1434, 158, 11.41%, 0, 0, 4, 92.47
1575115658, 0, 814, 1535, 1444, 157, 11.42%, 0, 0, 4, 64.51
1575115663, 0, 817, 1546, 1455, 161, 11.42%, 0, 0, 4, 58.81
1575115679, 0, 827, 1546, 1454, 160, 11.42%, 0, 0, 4, 89.75
1575115689, 0, 827, 1548, 1456, 160, 11.42%, 0, 0, 4, 92.05
1575115694, 0, 827, 1550, 1458, 160, 11.42%, 0, 0, 4, 93.43
1575115699, 0, 831, 1551, 1458, 159, 11.42%, 0, 0, 4, 93.55
1575115704, 0, 831, 1552, 1459, 159, 11.42%, 0, 0, 4, 92.71
1575115714, 0, 833, 1552, 1458, 158, 11.42%, 0, 0, 4, 100.99
1575115719, 0, 840, 1554, 1459, 157, 11.42%, 0, 0, 4, 106.33
1575115735, 0, 840, 1571, 1475, 156, 11.43%, 0, 0, 4, 65.51
1575115740, 0, 842, 1584, 1488, 157, 11.43%, 0, 0, 4, 67.24
1575115750, 0, 860, 1584, 1487, 156, 11.43%, 0, 0, 4, 87.59
1575115760, 0, 873, 1585, 1487, 155, 11.43%, 0, 0, 4, 99.17
1575115776, 0, 876, 1585, 1486, 154, 11.43%, 0, 0, 4, 96.16
1575115781, 0, 905, 1585, 1485, 153, 11.43%, 0, 0, 4, 101.46
1575115786, 0, 905, 1597, 1496, 152, 11.50%, 0, 0, 4, 99.53
1575115791, 0, 909, 1598, 1497, 153, 11.50%, 0, 0, 4, 83.80
1575115801, 0, 909, 1600, 1499, 153, 11.55%, 0, 0, 4, 89.94
1575115806, 0, 910, 1600, 1498, 151, 11.55%, 0, 0, 4, 98.41
1575115811, 0, 911, 1600, 1497, 150, 11.55%, 0, 0, 4, 95.10
1575115816, 0, 912, 1600, 1496, 149, 11.55%, 0, 0, 4, 99.32
1575115821, 0, 912, 1601, 1497, 149, 11.55%, 0, 0, 4, 102.68
1575115826, 0, 913, 1601, 1496, 149, 11.55%, 0, 0, 4, 92.67
1575115831, 0, 913, 1606, 1500, 148, 11.58%, 0, 0, 4, 88.47
1575115836, 0, 916, 1625, 1519, 146, 11.60%, 0, 0, 4, 81.93
1575115852, 0, 917, 1626, 1519, 145, 11.60%, 0, 0, 4, 87.14
1575115857, 0, 921, 1626, 1518, 144, 11.60%, 0, 0, 4, 93.09
1575115872, 0, 923, 1626, 1517, 143, 11.60%, 0, 0, 4, 98.08
1575115882, 0, 924, 1626, 1516, 142, 11.60%, 0, 0, 4, 100.67
1575115892, 0, 924, 1633, 1522, 141, 11.61%, 0, 0, 4, 102.81
1575115897, 0, 925, 1646, 1535, 146, 11.61%, 0, 0, 4, 85.92
1575115902, 0, 926, 1646, 1534, 145, 11.61%, 0, 0, 4, 104.76
1575115907, 0, 926, 1647, 1535, 145, 11.61%, 0, 0, 4, 94.84
1575115913, 0, 927, 1647, 1534, 144, 11.61%, 0, 0, 4, 93.39
1575115918, 0, 957, 1648, 1533, 142, 11.61%, 0, 0, 4, 91.15
1575115923, 0, 957, 1649, 1534, 142, 11.61%, 0, 0, 4, 97.68
1575115933, 0, 957, 1650, 1535, 142, 11.61%, 0, 0, 4, 101.52
1575115938, 0, 960, 1663, 1547, 145, 11.64%, 0, 0, 4, 83.22
1575115953, 0, 967, 1663, 1546, 144, 11.64%, 0, 0, 4, 103.42
1575115958, 0, 969, 1663, 1545, 144, 11.64%, 0, 0, 4, 96.59
1575115974, 0, 974, 1663, 1544, 143, 11.64%, 0, 0, 4, 93.57
1575115984, 0, 978, 1663, 1543, 142, 11.64%, 0, 0, 4, 104.29
1575115989, 0, 978, 1664, 1544, 142, 11.64%, 0, 0, 4, 96.96
1575115999, 0, 978, 1678, 1557, 141, 11.65%, 0, 0, 4, 75.66
1575116004, 0, 994, 1680, 1559, 140, 11.65%, 0, 0, 4, 88.44
1575116009, 0, 999, 1680, 1558, 139, 11.65%, 0, 0, 4, 97.44
1575116019, 0, 1004, 1681, 1558, 138, 11.65%, 0, 0, 4, 98.08
1575116024, 0, 1005, 1684, 1560, 139, 11.65%, 0, 0, 4, 92.15
1575116035, 0, 1006, 1684, 1559, 138, 11.65%, 0, 0, 4, 103.54
1575116045, 0, 1006, 1686, 1561, 138, 11.65%, 0, 0, 4, 83.83
1575116050, 0, 1006, 1689, 1564, 138, 11.65%, 0, 0, 4, 82.08
1575116055, 0, 1006, 1693, 1568, 138, 11.65%, 0, 0, 4, 81.63
1575116060, 0, 1006, 1700, 1574, 137, 11.66%, 0, 0, 4, 66.82
1575116065, 0, 1019, 1700, 1574, 139, 11.66%, 0, 0, 4, 78.07
1575116076, 0, 1046, 1700, 1573, 138, 11.66%, 0, 0, 4, 93.18
1575116081, 0, 1046, 1701, 1574, 138, 11.67%, 0, 0, 4, 110.27
1575116086, 0, 1049, 1701, 1573, 138, 11.67%, 0, 0, 4, 107.05
1575116091, 0, 1060, 1702, 1573, 137, 11.67%, 0, 0, 4, 106.87
1575116096, 0, 1069, 1703, 1573, 136, 11.67%, 0, 0, 4, 103.00
1575116111, 0, 1069, 1720, 1589, 135, 11.67%, 0, 0, 4, 78.68
1575116117, 0, 1069, 1725, 1594, 135, 11.68%, 0, 0, 4, 65.74
1575116122, 0, 1071, 1735, 1604, 138, 11.72%, 0, 0, 4, 70.72
1575116132, 0, 1080, 1736, 1604, 137, 11.72%, 0, 0, 4, 111.13
1575116137, 0, 1081, 1739, 1606, 136, 11.72%, 0, 0, 4, 96.52
1575116152, 0, 1082, 1739, 1605, 135, 11.72%, 0, 0, 4, 97.76
1575116157, 0, 1094, 1740, 1605, 134, 11.72%, 0, 0, 4, 98.46
1575116168, 0, 1094, 1766, 1630, 133, 11.79%, 0, 0, 4, 74.15
1575116173, 0, 1094, 1781, 1645, 133, 11.79%, 0, 0, 4, 61.81
1575116178, 0, 1112, 1781, 1644, 133, 11.79%, 0, 0, 4, 86.72
1575116193, 0, 1142, 1783, 1645, 133, 11.79%, 0, 0, 4, 99.72
1575116203, 0, 1142, 1789, 1651, 133, 11.80%, 0, 0, 4, 94.67
1575116209, 0, 1142, 1790, 1652, 133, 11.80%, 0, 0, 4, 96.89
1575116214, 0, 1144, 1790, 1651, 132, 11.80%, 0, 0, 4, 106.86
1575116219, 0, 1145, 1790, 1650, 131, 11.80%, 0, 0, 4, 100.22
1575116224, 0, 1145, 1798, 1657, 130, 11.80%, 0, 0, 4, 71.32
1575116229, 0, 1149, 1801, 1660, 131, 11.80%, 0, 0, 4, 65.93
1575116244, 0, 1166, 1801, 1659, 130, 11.80%, 0, 0, 4, 104.16
1575116249, 0, 1167, 1801, 1658, 129, 11.80%, 0, 0, 4, 114.10
1575116259, 0, 1170, 1801, 1657, 128, 11.80%, 0, 0, 4, 93.61
1575116269, 0, 1170, 1804, 1660, 128, 11.81%, 0, 0, 4, 92.57
1575116275, 0, 1170, 1807, 1663, 128, 11.81%, 0, 0, 4, 101.52
1575116280, 0, 1173, 1808, 1663, 128, 11.81%, 0, 0, 4, 91.20
1575116290, 0, 1173, 1812, 1666, 127, 11.81%, 0, 0, 4, 93.86
1575116295, 0, 1186, 1827, 1681, 123, 11.83%, 0, 0, 4, 86.55
1575116300, 0, 1186, 1828, 1682, 123, 11.83%, 0, 0, 4, 89.87
1575116305, 0, 1186, 1829, 1683, 123, 11.84%, 0, 0, 4, 88.07
1575116315, 0, 1195, 1830, 1683, 123, 11.84%, 0, 0, 4, 85.20
1575116320, 0, 1195, 1831, 1684, 123, 11.84%, 0, 0, 4, 82.48
1575116330, 0, 1219, 1831, 1683, 122, 11.84%, 0, 0, 4, 95.58
1575116335, 0, 1229, 1831, 1682, 122, 11.84%, 0, 0, 4, 95.51
1575116346, 0, 1235, 1831, 1681, 121, 11.84%, 0, 0, 4, 103.09
1575116356, 0, 1235, 1847, 1696, 120, 11.84%, 0, 0, 4, 79.30
1575116361, 0, 1236, 1853, 1702, 122, 11.84%, 0, 0, 4, 71.16
1575116376, 0, 1256, 1853, 1701, 121, 11.84%, 0, 0, 4, 91.46
1575116386, 0, 1259, 1853, 1700, 120, 11.84%, 0, 0, 4, 109.20
1575116392, 0, 1263, 1853, 1699, 119, 11.84%, 0, 0, 4, 92.60
1575116407, 0, 1266, 1853, 1698, 118, 11.84%, 0, 0, 4, 104.78
1575116417, 0, 1266, 1883, 1727, 117, 11.85%, 0, 0, 4, 82.66
1575116422, 0, 1280, 1890, 1734, 118, 11.85%, 0, 0, 4, 83.42
1575116427, 0, 1288, 1890, 1733, 117, 11.85%, 0, 0, 4, 97.30
1575116442, 0, 1353, 1890, 1732, 116, 11.85%, 0, 0, 4, 81.37
1575116447, 0, 1356, 1890, 1731, 115, 11.85%, 0, 0, 4, 72.94
1575116458, 0, 1358, 1890, 1730, 114, 11.85%, 0, 0, 4, 82.96
1575116463, 0, 1358, 1894, 1733, 113, 11.87%, 0, 0, 4, 75.89
1575116468, 0, 1365, 1906, 1745, 117, 11.88%, 0, 0, 4, 67.78
1575116483, 0, 1374, 1906, 1744, 116, 11.88%, 0, 0, 4, 92.70
1575116493, 0, 1377, 1907, 1744, 115, 11.88%, 0, 0, 4, 90.62
1575116513, 0, 1378, 1907, 1743, 114, 11.88%, 0, 0, 4, 80.44
1575116518, 0, 1386, 1907, 1742, 114, 11.88%, 0, 0, 4, 80.54
1575116528, 0, 1386, 1916, 1750, 113, 11.90%, 0, 0, 4, 77.14
1575116533, 0, 1390, 1922, 1756, 118, 11.90%, 0, 0, 4, 80.03
1575116544, 0, 1391, 1922, 1755, 117, 11.90%, 0, 0, 4, 89.95
1575116549, 0, 1395, 1922, 1754, 116, 11.90%, 0, 0, 4, 85.99
1575116564, 0, 1398, 1922, 1753, 115, 11.90%, 0, 0, 4, 94.46
1575116574, 0, 1400, 1923, 1753, 114, 11.90%, 0, 0, 4, 93.80
1575116585, 0, 1412, 1933, 1762, 116, 11.90%, 0, 0, 4, 80.83
1575116590, 0, 1412, 1934, 1763, 116, 11.90%, 0, 0, 4, 106.81
1575116595, 0, 1414, 1934, 1762, 116, 11.90%, 0, 0, 4, 95.13
1575116610, 0, 1422, 1934, 1761, 115, 11.90%, 0, 0, 4, 75.51
1575116615, 0, 1422, 1935, 1762, 115, 11.90%, 0, 0, 4, 87.37
1575116625, 0, 1426, 1935, 1761, 114, 11.90%, 0, 0, 4, 101.42
1575116641, 0, 1429, 1935, 1760, 113, 11.90%, 0, 0, 4, 102.08
1575116646, 0, 1429, 1950, 1774, 112, 11.93%, 0, 0, 4, 87.49
1575116651, 0, 1450, 1970, 1794, 125, 11.96%, 0, 0, 4, 72.27
1575116666, 0, 1455, 1970, 1793, 124, 11.96%, 0, 0, 4, 103.61
1575116671, 0, 1455, 1971, 1794, 124, 12.00%, 0, 0, 4, 93.63
1575116676, 0, 1464, 1971, 1793, 120, 12.00%, 0, 0, 4, 89.21
1575116681, 0, 1464, 1972, 1794, 120, 12.00%, 0, 0, 4, 84.54
1575116686, 0, 1465, 1972, 1793, 119, 12.00%, 0, 0, 4, 96.90
1575116696, 0, 1470, 1972, 1792, 118, 12.00%, 0, 0, 4, 96.21
1575116712, 0, 1470, 1987, 1806, 118, 12.00%, 0, 0, 4, 83.95
1575116717, 0, 1472, 1989, 1808, 120, 12.01%, 0, 0, 4, 96.84
1575116722, 0, 1473, 1989, 1807, 119, 12.01%, 0, 0, 4, 99.35
1575116727, 0, 1474, 1990, 1807, 118, 12.01%, 0, 0, 4, 107.38
1575116732, 0, 1486, 1991, 1807, 117, 12.01%, 0, 0, 4, 116.18
1575116737, 0, 1493, 1992, 1807, 117, 12.01%, 0, 0, 4, 102.67
1575116742, 0, 1493, 2003, 1817, 116, 12.01%, 0, 0, 4, 81.46
1575116747, 0, 1506, 2009, 1823, 118, 12.02%, 0, 0, 4, 84.67
1575116752, 0, 1518, 2011, 1824, 117, 12.02%, 0, 0, 4, 91.04
1575116763, 0, 1520, 2011, 1823, 116, 12.02%, 0, 0, 4, 95.80
1575116773, 0, 1523, 2011, 1822, 115, 12.02%, 0, 0, 4, 95.05
1575116788, 0, 1523, 2012, 1823, 115, 12.02%, 0, 0, 5, 102.79
1575116794, 0, 1524, 2012, 1822, 114, 12.02%, 0, 0, 5, 84.44
1575116804, 0, 1524, 2024, 1833, 113, 12.04%, 0, 0, 5, 87.27
1575116809, 0, 1528, 2033, 1842, 116, 12.04%, 0, 0, 5, 86.72
1575116819, 0, 1530, 2034, 1842, 115, 12.04%, 0, 0, 5, 85.14
1575116834, 0, 1559, 2035, 1842, 115, 12.04%, 0, 0, 5, 89.01
1575116845, 0, 1566, 2035, 1841, 115, 12.04%, 0, 0, 5, 104.26
1575116855, 0, 1568, 2035, 1840, 114, 12.04%, 0, 0, 5, 113.00
1575116860, 0, 1568, 2036, 1841, 114, 12.04%, 0, 0, 5, 108.08
1575116865, 0, 1568, 2051, 1855, 113, 12.04%, 0, 0, 5, 76.34
1575116870, 0, 1568, 2062, 1866, 113, 12.05%, 0, 0, 5, 51.80
1575116875, 0, 1576, 2062, 1866, 117, 12.05%, 0, 0, 5, 71.89
1575116890, 0, 1584, 2062, 1865, 116, 12.05%, 0, 0, 5, 89.13
1575116895, 0, 1588, 2062, 1864, 115, 12.05%, 0, 0, 5, 95.24
1575116906, 0, 1591, 2062, 1863, 114, 12.05%, 0, 0, 5, 101.05
1575116911, 0, 1591, 2063, 1864, 114, 12.05%, 0, 0, 5, 87.05
1575116916, 0, 1596, 2063, 1863, 113, 12.05%, 0, 0, 5, 88.52
1575116926, 0, 1596, 2066, 1865, 112, 12.06%, 0, 0, 5, 98.75
1575116931, 0, 1599, 2070, 1869, 113, 12.06%, 0, 0, 5, 81.90
1575116936, 0, 1599, 2072, 1871, 113, 12.06%, 0, 0, 5, 91.21
1575116951, 0, 1611, 2072, 1870, 113, 12.06%, 0, 0, 5, 112.27
1575116962, 0, 1614, 2072, 1869, 112, 12.06%, 0, 0, 5, 99.10
1575116967, 0, 1614, 2073, 1870, 112, 12.06%, 0, 0, 5, 96.67
1575116972, 0, 1614, 2075, 1872, 112, 12.06%, 0, 0, 5, 93.16
1575116992, 0, 1614, 2076, 1873, 112, 12.06%, 0, 0, 5, 100.64
1575117002, 0, 1614, 2077, 1874, 112, 12.06%, 0, 0, 5, 90.31
1575117033, 0, 1614, 2078, 1875, 112, 12.06%, 0, 0, 5, 95.72
1575117038, 0, 1631, 2078, 1874, 112, 12.06%, 0, 0, 5, 91.80
1575117043, 0, 1631, 2079, 1875, 112, 12.06%, 0, 0, 5, 99.21
1575117053, 0, 1632, 2080, 1875, 111, 12.06%, 0, 0, 5, 99.78
1575117058, 0, 1632, 2081, 1876, 111, 12.06%, 0, 0, 5, 101.04
1575117079, 0, 1632, 2106, 1900, 110, 12.07%, 0, 0, 5, 75.46
1575117084, 0, 1632, 2123, 1917, 110, 12.08%, 0, 0, 5, 61.85
1575117089, 0, 1641, 2126, 1920, 117, 12.08%, 0, 0, 5, 71.81
1575117094, 0, 1650, 2126, 1919, 116, 12.08%, 0, 0, 5, 86.95
1575117104, 0, 1658, 2126, 1918, 115, 12.08%, 0, 0, 5, 98.31
1575117114, 0, 1661, 2127, 1918, 114, 12.08%, 0, 0, 5, 87.55
1575117129, 0, 1668, 2127, 1917, 114, 12.08%, 0, 0, 5, 87.21
1575117140, 0, 1668, 2130, 1919, 113, 12.08%, 0, 0, 5, 99.77
1575117145, 0, 1677, 2153, 1942, 118, 12.10%, 0, 0, 5, 78.47
1575117150, 0, 1677, 2154, 1943, 118, 12.10%, 0, 0, 5, 98.05
1575117160, 0, 1680, 2154, 1942, 117, 12.10%, 0, 0, 5, 92.04
1575117170, 0, 1681, 2155, 1942, 116, 12.10%, 0, 0, 5, 106.58
1575117175, 0, 1692, 2155, 1941, 116, 12.10%, 0, 0, 5, 98.30
1575117191, 0, 1692, 2156, 1942, 116, 12.10%, 0, 0, 5, 102.93
1575117196, 0, 1698, 2156, 1941, 115, 12.10%, 0, 0, 5, 103.03
1575117201, 0, 1698, 2163, 1947, 114, 12.11%, 0, 0, 5, 98.11
1575117206, 0, 1698, 2181, 1965, 114, 12.13%, 0, 0, 5, 63.54
1575117211, 0, 1700, 2182, 1966, 114, 12.13%, 0, 0, 5, 77.68
1575117216, 0, 1703, 2182, 1965, 113, 12.13%, 0, 0, 5, 83.65
1575117226, 0, 1705, 2182, 1964, 112, 12.13%, 0, 0, 5, 90.99
1575117242, 0, 1719, 2184, 1965, 111, 12.13%, 0, 0, 5, 99.38
1575117247, 0, 1721, 2184, 1964, 111, 12.13%, 0, 0, 5, 90.89
1575117257, 0, 1721, 2193, 1972, 110, 12.14%, 0, 0, 5, 92.36
1575117262, 0, 1733, 2207, 1986, 113, 12.22%, 0, 0, 5, 68.04
1575117267, 0, 1733, 2209, 1988, 113, 12.22%, 0, 0, 5, 85.24
1575117272, 0, 1733, 2210, 1989, 113, 12.22%, 0, 0, 5, 99.24
1575117292, 0, 1746, 2212, 1990, 114, 12.22%, 0, 0, 5, 95.37
1575117297, 0, 1746, 2213, 1991, 114, 12.22%, 0, 0, 5, 100.71
1575117302, 0, 1753, 2214, 1991, 112, 12.22%, 0, 0, 5, 93.74
1575117313, 0, 1753, 2215, 1992, 112, 12.22%, 0, 0, 5, 94.63
1575117318, 0, 1756, 2216, 1992, 111, 12.23%, 0, 0, 5, 115.84
1575117328, 0, 1756, 2217, 1993, 111, 12.23%, 0, 0, 5, 97.49
1575117333, 0, 1761, 2217, 1992, 111, 12.23%, 0, 0, 5, 93.50
1575117348, 0, 1761, 2243, 2017, 110, 12.23%, 0, 0, 5, 65.65
1575117353, 0, 1761, 2267, 2041, 110, 12.24%, 0, 0, 5, 59.95
1575117358, 0, 1763, 2271, 2045, 117, 12.24%, 0, 0, 5, 72.26
1575117364, 0, 1763, 2274, 2048, 117, 12.25%, 0, 0, 5, 82.19
1575117369, 0, 1785, 2274, 2047, 116, 12.25%, 0, 0, 5, 89.74
1575117379, 0, 1803, 2276, 2048, 115, 12.26%, 0, 0, 5, 102.59
1575117384, 0, 1803, 2278, 2050, 115, 12.26%, 0, 0, 5, 104.51
1575117389, 0, 1803, 2279, 2051, 115, 12.26%, 0, 0, 5, 90.87
1575117404, 0, 1803, 2280, 2052, 115, 12.26%, 0, 0, 5, 102.92
1575117420, 0, 1803, 2281, 2053, 115, 12.26%, 0, 0, 5, 94.42
1575117445, 0, 1803, 2288, 2060, 115, 12.29%, 0, 0, 5, 83.24
1575117450, 0, 1803, 2291, 2063, 115, 12.29%, 0, 0, 5, 90.44
1575117455, 0, 1803, 2296, 2068, 115, 12.29%, 0, 0, 5, 93.37
1575117460, 0, 1805, 2296, 2067, 116, 12.29%, 0, 0, 5, 84.44
1575117476, 0, 1809, 2296, 2066, 115, 12.29%, 0, 0, 5, 98.03
1575117481, 0, 1809, 2297, 2067, 115, 12.29%, 0, 0, 5, 82.31
1575117486, 0, 1809, 2319, 2088, 114, 12.29%, 0, 0, 5, 61.34
1575117491, 0, 1809, 2346, 2115, 114, 12.31%, 0, 0, 5, 55.08
1575117496, 0, 1809, 2365, 2134, 114, 12.32%, 0, 0, 5, 53.92
1575117501, 0, 1809, 2377, 2146, 114, 12.32%, 0, 0, 5, 55.97
1575117506, 0, 1809, 2386, 2155, 114, 12.39%, 0, 0, 5, 53.81
1575117511, 0, 1817, 2393, 2162, 113, 12.39%, 0, 0, 5, 67.40
1575117522, 0, 1817, 2396, 2165, 113, 12.39%, 0, 0, 5, 102.46
1575117527, 0, 1822, 2396, 2164, 112, 12.39%, 0, 0, 5, 100.13
1575117537, 0, 1845, 2396, 2163, 111, 12.39%, 0, 0, 5, 96.06
1575117547, 0, 1871, 2397, 2163, 110, 12.39%, 0, 0, 5, 99.22
1575117552, 0, 1872, 2399, 2164, 110, 12.39%, 0, 0, 5, 93.03
1575117557, 0, 1872, 2400, 2165, 110, 12.39%, 0, 0, 5, 98.45
1575117567, 0, 1872, 2423, 2187, 109, 12.42%, 0, 0, 5, 68.26
1575117572, 0, 1872, 2442, 2206, 109, 12.42%, 0, 0, 5, 57.20
1575117578, 0, 1876, 2449, 2213, 115, 12.42%, 0, 0, 5, 57.54
1575117583, 0, 1894, 2449, 2212, 114, 12.42%, 0, 0, 5, 72.71
1575117593, 0, 1897, 2449, 2211, 114, 12.42%, 0, 0, 5, 78.98
1575117598, 0, 1904, 2450, 2211, 114, 12.43%, 0, 0, 5, 83.67
1575117608, 0, 1907, 2450, 2210, 114, 12.43%, 0, 0, 5, 85.03
1575117618, 0, 1907, 2472, 2231, 113, 12.44%, 0, 0, 5, 69.50
1575117624, 0, 1911, 2476, 2235, 118, 12.44%, 0, 0, 5, 73.77
1575117629, 0, 1911, 2479, 2238, 118, 12.44%, 0, 0, 5, 74.31
1575117639, 0, 1911, 2480, 2239, 118, 12.44%, 0, 0, 5, 87.94
1575117659, 0, 1911, 2481, 2240, 118, 12.44%, 0, 0, 5, 84.12
1575117669, 0, 1911, 2482, 2241, 118, 12.44%, 0, 0, 5, 97.22
1575117695, 0, 1911, 2483, 2242, 118, 12.44%, 0, 0, 5, 91.68
1575117700, 0, 1914, 2483, 2241, 117, 12.44%, 0, 0, 5, 101.16
1575117710, 0, 1925, 2483, 2240, 116, 12.44%, 0, 0, 5, 88.74
1575117715, 0, 1926, 2483, 2239, 115, 12.44%, 0, 0, 5, 89.10
1575117720, 0, 1927, 2483, 2238, 114, 12.44%, 0, 0, 5, 94.74
1575117725, 0, 1927, 2498, 2252, 113, 12.45%, 0, 0, 5, 79.14
1575117730, 0, 1927, 2520, 2274, 113, 12.46%, 0, 0, 5, 66.10
1575117735, 0, 1933, 2520, 2274, 118, 12.46%, 0, 0, 5, 72.16
1575117745, 0, 1947, 2522, 2275, 117, 12.47%, 0, 0, 5, 103.36
1575117755, 0, 1951, 2522, 2274, 116, 12.47%, 0, 0, 5, 89.21
1575117760, 0, 1954, 2522, 2273, 115, 12.47%, 0, 0, 5, 84.11
1575117776, 0, 1957, 2522, 2272, 115, 12.47%, 0, 0, 5, 92.73
1575117781, 0, 1957, 2524, 2273, 114, 12.47%, 0, 0, 5, 88.77
1575117786, 0, 1957, 2537, 2286, 114, 12.48%, 0, 0, 5, 70.82
1575117791, 0, 1958, 2537, 2286, 120, 12.48%, 0, 0, 5, 81.81
1575117796, 0, 1980, 2537, 2284, 118, 12.48%, 0, 0, 5, 94.48
1575117801, 0, 1984, 2537, 2283, 117, 12.48%, 0, 0, 5, 97.09
1575117806, 0, 1987, 2537, 2282, 116, 12.48%, 0, 0, 5, 100.70
1575117816, 0, 1987, 2540, 2284, 115, 12.48%, 0, 0, 5, 84.76
1575117821, 0, 1990, 2540, 2284, 116, 12.48%, 0, 0, 5, 87.68
1575117826, 0, 1991, 2541, 2284, 115, 12.48%, 0, 0, 5, 103.24
1575117831, 0, 2004, 2541, 2282, 113, 12.48%, 0, 0, 5, 92.23
1575117842, 0, 2004, 2542, 2283, 113, 12.48%, 0, 0, 5, 98.76
1575117847, 0, 2015, 2543, 2283, 113, 12.48%, 0, 0, 5, 99.02
1575117862, 0, 2015, 2562, 2301, 112, 12.49%, 0, 0, 5, 66.42
1575117867, 0, 2025, 2562, 2301, 112, 12.49%, 0, 0, 5, 69.39
1575117882, 0, 2026, 2563, 2301, 111, 12.49%, 0, 0, 5, 92.48
1575117887, 0, 2026, 2564, 2302, 111, 12.49%, 0, 0, 5, 96.09
1575117893, 0, 2031, 2565, 2302, 110, 12.49%, 0, 0, 5, 104.77
1575117898, 0, 2031, 2566, 2303, 110, 12.49%, 0, 0, 5, 102.30
1575117903, 0, 2033, 2566, 2302, 109, 12.49%, 0, 0, 5, 105.63
1575117913, 0, 2034, 2567, 2302, 108, 12.50%, 0, 0, 5, 84.03
1575117923, 0, 2034, 2580, 2314, 107, 12.50%, 0, 0, 5, 80.31
1575117928, 0, 2053, 2581, 2315, 110, 12.50%, 0, 0, 5, 89.22
1575117939, 0, 2056, 2581, 2314, 109, 12.50%, 0, 0, 5, 74.21
1575117944, 0, 2061, 2581, 2313, 108, 12.50%, 0, 0, 5, 78.43
1575117959, 0, 2063, 2581, 2312, 107, 12.50%, 0, 0, 5, 89.37
1575117964, 0, 2063, 2582, 2313, 107, 12.50%, 0, 0, 5, 86.97
1575117969, 0, 2068, 2582, 2312, 107, 12.50%, 0, 0, 5, 95.80
1575117979, 0, 2068, 2603, 2332, 106, 12.52%, 0, 0, 5, 71.10
1575117985, 0, 2090, 2615, 2344, 111, 12.52%, 0, 0, 5, 63.48
1575117995, 0, 2112, 2615, 2343, 110, 12.52%, 0, 0, 5, 85.61
1575118000, 0, 2112, 2617, 2345, 110, 12.52%, 0, 0, 5, 89.76
1575118005, 0, 2112, 2618, 2346, 110, 12.52%, 0, 0, 5, 88.69
1575118010, 0, 2112, 2619, 2347, 110, 12.52%, 0, 0, 5, 93.09
1575118015, 0, 2112, 2620, 2348, 110, 12.52%, 0, 0, 5, 88.99
1575118020, 0, 2112, 2622, 2350, 110, 12.52%, 0, 0, 5, 84.63
1575118035, 0, 2112, 2623, 2351, 110, 12.52%, 0, 0, 5, 85.48
1575118041, 0, 2112, 2624, 2352, 110, 12.52%, 0, 0, 5, 88.37
1575118046, 0, 2112, 2625, 2353, 110, 12.52%, 0, 0, 5, 91.83
1575118071, 0, 2119, 2625, 2352, 110, 12.52%, 0, 0, 5, 85.30
1575118086, 0, 2127, 2625, 2351, 109, 12.52%, 0, 0, 5, 95.56
1575118091, 0, 2132, 2626, 2351, 108, 12.52%, 0, 0, 5, 92.87
1575118101, 0, 2132, 2650, 2374, 107, 12.53%, 0, 0, 5, 80.72
1575118106, 0, 2132, 2656, 2380, 107, 12.54%, 0, 0, 5, 56.66
1575118111, 0, 2140, 2656, 2380, 112, 12.54%, 0, 0, 5, 84.07
1575118121, 0, 2145, 2656, 2379, 111, 12.54%, 0, 0, 5, 81.35
1575118132, 0, 2145, 2658, 2381, 111, 12.54%, 0, 0, 5, 88.96
1575118137, 0, 2151, 2658, 2380, 109, 12.54%, 0, 0, 5, 87.31
1575118142, 0, 2151, 2659, 2381, 109, 12.54%, 0, 0, 5, 98.52
1575118147, 0, 2151, 2660, 2382, 109, 12.54%, 0, 0, 5, 93.58
1575118152, 0, 2151, 2661, 2383, 109, 12.54%, 0, 0, 5, 107.11
1575118157, 0, 2151, 2662, 2384, 109, 12.54%, 0, 0, 5, 101.68
1575118177, 0, 2151, 2663, 2385, 109, 12.54%, 0, 0, 5, 86.17
1575118188, 0, 2151, 2664, 2386, 109, 12.54%, 0, 0, 5, 95.94
1575118203, 0, 2151, 2666, 2388, 109, 12.54%, 0, 0, 5, 98.64
1575118208, 0, 2151, 2667, 2389, 109, 12.54%, 0, 0, 5, 20.31
1575118213, 0, 2154, 2667, 2388, 109, 12.54%, 0, 0, 5, 74.96
1575118218, 0, 2154, 2668, 2389, 109, 12.54%, 0, 0, 6, 96.54
1575118223, 0, 2166, 2668, 2388, 108, 12.54%, 0, 0, 6, 95.21
1575118233, 0, 2166, 2681, 2400, 107, 12.56%, 0, 0, 6, 85.22
1575118238, 0, 2166, 2703, 2422, 107, 12.60%, 0, 0, 6, 40.54
1575118243, 0, 2166, 2717, 2436, 107, 12.60%, 0, 0, 6, 50.10
1575118248, 0, 2182, 2727, 2446, 110, 12.60%, 0, 0, 6, 77.36
1575118254, 0, 2191, 2727, 2445, 109, 12.60%, 0, 0, 6, 93.68
1575118264, 0, 2202, 2727, 2444, 108, 12.60%, 0, 0, 6, 105.21
1575118269, 0, 2202, 2728, 2445, 108, 12.60%, 0, 0, 6, 107.45
1575118274, 0, 2202, 2729, 2446, 108, 12.60%, 0, 0, 6, 93.32
1575118279, 0, 2226, 2729, 2445, 107, 12.60%, 0, 0, 6, 97.12
1575118284, 0, 2243, 2729, 2444, 106, 12.60%, 0, 0, 6, 104.76
1575118295, 0, 2243, 2736, 2450, 105, 12.60%, 0, 0, 6, 82.18
1575118300, 0, 2243, 2755, 2469, 105, 12.61%, 0, 0, 6, 60.90
1575118305, 0, 2248, 2758, 2472, 106, 12.61%, 0, 0, 6, 74.51
1575118320, 0, 2258, 2758, 2471, 105, 12.61%, 0, 0, 6, 90.22
1575118330, 0, 2265, 2758, 2470, 104, 12.61%, 0, 0, 6, 89.79
1575118340, 0, 2273, 2758, 2469, 104, 12.61%, 0, 0, 6, 92.56
1575118346, 0, 2273, 2761, 2472, 104, 12.61%, 0, 0, 6, 82.16
1575118351, 0, 2273, 2763, 2474, 104, 12.61%, 0, 0, 6, 96.78
1575118356, 0, 2273, 2764, 2475, 104, 12.61%, 0, 0, 6, 99.04
1575118386, 0, 2273, 2766, 2477, 104, 12.61%, 0, 0, 6, 89.66
1575118391, 0, 2273, 2767, 2478, 104, 12.61%, 0, 0, 6, 101.81
1575118407, 0, 2273, 2768, 2479, 104, 12.61%, 0, 0, 6, 87.67
1575118417, 0, 2284, 2768, 2478, 104, 12.61%, 0, 0, 6, 92.48
1575118422, 0, 2284, 2770, 2480, 104, 12.61%, 0, 0, 6, 84.61
1575118432, 0, 2284, 2772, 2482, 104, 12.61%, 0, 0, 6, 89.73
1575118437, 0, 2284, 2773, 2483, 104, 12.61%, 0, 0, 6, 99.31
1575118442, 0, 2284, 2775, 2485, 104, 12.61%, 0, 0, 6, 83.50
1575118447, 0, 2284, 2777, 2487, 104, 12.61%, 0, 0, 6, 90.63
1575118478, 0, 2284, 2795, 2504, 103, 12.63%, 0, 0, 6, 64.98
1575118483, 0, 2284, 2821, 2530, 103, 12.63%, 0, 0, 6, 55.02
1575118488, 0, 2284, 2850, 2559, 103, 12.64%, 0, 0, 6, 56.98
1575118493, 0, 2284, 2873, 2582, 103, 12.65%, 0, 0, 6, 47.18
1575118498, 0, 2284, 2890, 2599, 103, 12.65%, 0, 0, 6, 40.48
1575118503, 0, 2284, 2911, 2620, 103, 12.65%, 0, 0, 6, 43.55
1575118508, 0, 2284, 2921, 2630, 103, 12.66%, 0, 0, 6, 45.10
1575118513, 0, 2284, 2925, 2634, 103, 12.66%, 0, 0, 6, 50.85
1575118519, 0, 2284, 2932, 2641, 103, 12.66%, 0, 0, 6, 44.39
1575118524, 0, 2284, 2950, 2659, 103, 12.72%, 0, 0, 6, 46.86
1575118529, 0, 2312, 2960, 2669, 110, 12.72%, 0, 0, 6, 69.63
1575118544, 0, 2314, 2960, 2668, 109, 12.72%, 0, 0, 6, 85.03
1575118554, 0, 2314, 2965, 2673, 109, 12.73%, 0, 0, 6, 75.88
1575118559, 0, 2314, 2975, 2683, 109, 12.73%, 0, 0, 6, 69.33
1575118564, 0, 2314, 2983, 2691, 109, 12.73%, 0, 0, 6, 76.05
1575118569, 0, 2340, 2986, 2693, 110, 12.73%, 0, 0, 6, 85.16
1575118580, 0, 2340, 2995, 2702, 110, 12.73%, 0, 0, 6, 75.83
1575118585, 0, 2340, 3003, 2710, 110, 12.73%, 0, 0, 6, 71.72
1575118590, 0, 2340, 3007, 2714, 110, 12.73%, 0, 0, 6, 84.77
1575118595, 0, 2350, 3007, 2713, 111, 12.73%, 0, 0, 6, 79.79
1575118605, 0, 2354, 3007, 2712, 110, 12.73%, 0, 0, 6, 85.18
1575118615, 0, 2354, 3009, 2713, 110, 12.74%, 0, 0, 6, 82.26
1575118621, 0, 2354, 3026, 2730, 110, 12.76%, 0, 0, 6, 55.97
1575118626, 0, 2354, 3040, 2744, 110, 12.77%, 0, 0, 6, 46.53
1575118631, 0, 2354, 3048, 2752, 110, 12.77%, 0, 0, 6, 42.40
1575118641, 0, 2354, 3049, 2753, 110, 12.77%, 0, 0, 6, 45.64
1575118646, 0, 2362, 3049, 2753, 112, 12.77%, 0, 0, 6, 73.24
1575118656, 0, 2366, 3049, 2752, 111, 12.77%, 0, 0, 6, 88.16
1575118666, 0, 2373, 3049, 2751, 111, 12.77%, 0, 0, 6, 82.43
1575118676, 0, 2376, 3049, 2750, 111, 12.77%, 0, 0, 6, 94.40
1575118682, 0, 2389, 3050, 2750, 110, 12.77%, 0, 0, 6, 99.06
1575118692, 0, 2389, 3052, 2752, 110, 12.77%, 0, 0, 6, 87.03
1575118697, 0, 2389, 3054, 2753, 109, 12.77%, 0, 0, 6, 73.19
1575118702, 0, 2389, 3079, 2778, 109, 12.78%, 0, 0, 6, 60.46
1575118707, 0, 2389, 3102, 2801, 109, 12.79%, 0, 0, 6, 47.39
1575118712, 0, 2406, 3106, 2805, 110, 12.79%, 0, 0, 6, 79.77
1575118717, 0, 2432, 3107, 2805, 109, 12.79%, 0, 0, 6, 87.39
1575118732, 0, 2449, 3107, 2804, 108, 12.79%, 0, 0, 6, 92.39
1575118742, 0, 2450, 3108, 2804, 107, 12.80%, 0, 0, 6, 93.96
1575118753, 0, 2455, 3108, 2803, 107, 12.80%, 0, 0, 6, 103.07
1575118758, 0, 2455, 3114, 2808, 106, 12.80%, 0, 0, 6, 93.02
1575118763, 0, 2455, 3129, 2823, 106, 12.80%, 0, 0, 6, 60.06
1575118768, 0, 2456, 3135, 2829, 110, 12.80%, 0, 0, 6, 78.68
1575118773, 0, 2456, 3136, 2830, 110, 12.80%, 0, 0, 6, 93.51
1575118778, 0, 2457, 3137, 2830, 109, 12.80%, 0, 0, 6, 87.45
1575118783, 0, 2459, 3137, 2829, 108, 12.80%, 0, 0, 6, 89.63
1575118793, 0, 2459, 3138, 2830, 108, 12.80%, 0, 0, 6, 84.19
1575118798, 0, 2460, 3139, 2830, 107, 12.80%, 0, 0, 6, 87.87
1575118803, 0, 2460, 3140, 2831, 107, 12.80%, 0, 0, 6, 98.75
1575118808, 0, 2466, 3140, 2830, 106, 12.80%, 0, 0, 6, 95.20
1575118813, 0, 2466, 3155, 2844, 105, 12.80%, 0, 0, 6, 67.67
1575118818, 0, 2485, 3157, 2846, 106, 12.80%, 0, 0, 6, 88.51
1575118823, 0, 2486, 3157, 2845, 106, 12.80%, 0, 0, 6, 103.20
1575118834, 0, 2489, 3157, 2844, 105, 12.80%, 0, 0, 6, 82.21
1575118844, 0, 2497, 3157, 2843, 104, 12.80%, 0, 0, 6, 87.05
1575118849, 0, 2499, 3159, 2844, 104, 12.80%, 0, 0, 6, 94.76
1575118854, 0, 2499, 3175, 2859, 103, 12.80%, 0, 0, 6, 72.09
1575118859, 0, 2500, 3175, 2859, 108, 12.80%, 0, 0, 6, 86.57
1575118864, 0, 2500, 3177, 2861, 108, 12.80%, 0, 0, 6, 80.14
1575118874, 0, 2507, 3177, 2860, 107, 12.80%, 0, 0, 6, 86.49
1575118879, 0, 2507, 3178, 2861, 107, 12.80%, 0, 0, 6, 94.15
1575118884, 0, 2509, 3178, 2860, 106, 12.80%, 0, 0, 6, 91.42
1575118889, 0, 2509, 3179, 2861, 106, 12.81%, 0, 0, 6, 91.13
1575118905, 0, 2513, 3179, 2859, 105, 12.81%, 0, 0, 6, 92.98
1575118910, 0, 2513, 3180, 2860, 105, 12.81%, 0, 0, 6, 93.11
1575118915, 0, 2513, 3182, 2862, 105, 12.81%, 0, 0, 6, 89.89
1575118920, 0, 2513, 3197, 2876, 104, 12.81%, 0, 0, 6, 61.06
1575118925, 0, 2513, 3214, 2893, 104, 12.82%, 0, 0, 6, 49.08
1575118930, 0, 2513, 3223, 2902, 104, 12.82%, 0, 0, 6, 45.67
1575118935, 0, 2516, 3223, 2902, 99, 12.82%, 0, 0, 6, 79.06
1575118940, 0, 2527, 3224, 2902, 98, 12.82%, 0, 0, 6, 89.85
1575118945, 0, 2528, 3224, 2901, 97, 12.82%, 0, 0, 6, 97.55
1575118950, 0, 2531, 3224, 2900, 96, 12.82%, 0, 0, 6, 88.08
1575118955, 0, 2532, 3224, 2899, 95, 12.82%, 0, 0, 6, 90.36
1575118966, 0, 2532, 3224, 2898, 94, 12.82%, 0, 0, 6, 91.79
1575118971, 0, 2532, 3238, 2912, 94, 12.82%, 0, 0, 6, 50.91
1575118976, 0, 2535, 3249, 2923, 98, 12.82%, 0, 0, 6, 47.86
1575118986, 0, 2537, 3249, 2922, 97, 12.82%, 0, 0, 6, 93.10
1575119001, 0, 2541, 3249, 2921, 96, 12.82%, 0, 0, 6, 88.64
1575119011, 0, 2553, 3249, 2920, 95, 12.82%, 0, 0, 6, 101.84
1575119016, 0, 2554, 3249, 2919, 94, 12.82%, 0, 0, 6, 105.09
1575119031, 0, 2554, 3257, 2926, 93, 12.83%, 0, 0, 6, 71.16
1575119036, 0, 2554, 3276, 2945, 93, 12.86%, 0, 0, 6, 44.35
1575119041, 0, 2554, 3292, 2961, 93, 12.87%, 0, 0, 6, 37.58
1575119046, 0, 2554, 3299, 2968, 93, 12.87%, 0, 0, 6, 36.23
1575119052, 0, 2554, 3301, 2970, 93, 12.87%, 0, 0, 6, 35.82
1575119057, 0, 2559, 3301, 2970, 98, 12.87%, 0, 0, 6, 70.28
1575119067, 0, 2566, 3301, 2969, 97, 12.87%, 0, 0, 6, 89.13
1575119072, 0, 2569, 3302, 2969, 96, 12.87%, 0, 0, 6, 87.92
1575119082, 0, 2569, 3303, 2970, 96, 12.87%, 0, 0, 6, 94.22
1575119092, 0, 2580, 3303, 2969, 95, 12.87%, 0, 0, 6, 92.53
1575119097, 0, 2581, 3303, 2968, 94, 12.87%, 0, 0, 6, 93.80
1575119102, 0, 2581, 3311, 2975, 93, 12.88%, 0, 0, 6, 76.64
1575119107, 0, 2583, 3314, 2978, 94, 12.88%, 0, 0, 6, 80.02
1575119112, 0, 2584, 3314, 2977, 93, 12.88%, 0, 0, 6, 85.76
1575119117, 0, 2598, 3314, 2976, 92, 12.88%, 0, 0, 6, 93.90
1575119122, 0, 2598, 3316, 2978, 92, 12.88%, 0, 0, 6, 95.05
1575119137, 0, 2611, 3316, 2977, 92, 12.88%, 0, 0, 6, 99.79
1575119143, 0, 2612, 3316, 2976, 91, 12.88%, 0, 0, 6, 102.13
1575119153, 0, 2619, 3321, 2980, 90, 12.88%, 0, 0, 6, 80.88
1575119168, 0, 2629, 3322, 2980, 89, 12.88%, 0, 0, 6, 106.59
1575119173, 0, 2629, 3323, 2981, 89, 12.88%, 0, 0, 6, 89.96
1575119183, 0, 2630, 3323, 2980, 88, 12.88%, 0, 0, 6, 94.83
1575119193, 0, 2632, 3324, 2980, 87, 12.88%, 0, 0, 6, 92.39
1575119203, 0, 2653, 3324, 2979, 86, 12.88%, 0, 0, 6, 86.76
1575119219, 0, 2653, 3343, 2997, 85, 12.88%, 0, 0, 6, 70.17
1575119224, 0, 2657, 3346, 3000, 88, 12.88%, 0, 0, 6, 88.79
1575119229, 0, 2678, 3346, 2999, 87, 12.88%, 0, 0, 6, 102.25
1575119234, 0, 2678, 3347, 3000, 87, 12.88%, 0, 0, 6, 104.44
1575119249, 0, 2679, 3347, 2999, 86, 12.88%, 0, 0, 6, 85.78
1575119254, 0, 2681, 3348, 2999, 85, 12.88%, 0, 0, 6, 83.59
1575119259, 0, 2705, 3348, 2998, 84, 12.88%, 0, 0, 6, 82.35
1575119269, 0, 2705, 3350, 3000, 84, 12.88%, 0, 0, 6, 92.16
1575119275, 0, 2705, 3353, 3003, 84, 12.90%, 0, 0, 6, 94.31
1575119280, 0, 2705, 3358, 3007, 83, 12.90%, 0, 0, 6, 68.47
1575119285, 0, 2705, 3373, 3022, 83, 12.90%, 0, 0, 6, 43.36
1575119290, 0, 2705, 3388, 3037, 83, 12.90%, 0, 0, 6, 39.44
1575119295, 0, 2706, 3390, 3039, 85, 12.90%, 0, 0, 6, 71.51
1575119305, 0, 2737, 3390, 3038, 84, 12.90%, 0, 0, 6, 94.64
1575119315, 0, 2742, 3390, 3037, 83, 12.90%, 0, 0, 6, 89.55
1575119331, 0, 2764, 3390, 3036, 82, 12.90%, 0, 0, 6, 86.80
1575119341, 0, 2804, 3390, 3035, 81, 12.90%, 0, 0, 6, 91.22
1575119351, 0, 2804, 3396, 3040, 80, 12.90%, 0, 0, 6, 23.78
1575119356, 0, 2804, 3406, 3050, 80, 12.90%, 0, 0, 6, 32.76
1575119361, 0, 2805, 3406, 3050, 80, 12.90%, 0, 0, 6, 72.49
1575119366, 0, 2830, 3406, 3049, 79, 12.90%, 0, 0, 6, 78.93
1575119376, 0, 2833, 3406, 3048, 78, 12.90%, 0, 0, 6, 93.52
1575119387, 0, 2843, 3406, 3047, 77, 12.90%, 0, 0, 6, 94.07
1575119402, 0, 2848, 3408, 3048, 76, 12.91%, 0, 0, 6, 97.83
1575119427, 0, 2848, 3422, 3061, 75, 12.92%, 0, 0, 6, 56.76
1575119432, 0, 2848, 3437, 3076, 75, 12.93%, 0, 0, 6, 36.90
1575119437, 0, 2848, 3446, 3085, 75, 12.93%, 0, 0, 6, 35.72
1575119442, 0, 2862, 3447, 3086, 80, 12.93%, 0, 0, 6, 80.85
1575119452, 0, 2871, 3447, 3085, 80, 12.93%, 0, 0, 6, 91.70
1575119463, 0, 2890, 3447, 3084, 80, 12.93%, 0, 0, 6, 81.67
1575119473, 0, 2907, 3447, 3083, 79, 12.93%, 0, 0, 6, 96.33
1575119478, 0, 2907, 3449, 3085, 79, 12.93%, 0, 0, 6, 93.87
1575119498, 0, 2907, 3450, 3086, 79, 12.93%, 0, 0, 6, 83.39
1575119503, 0, 2913, 3450, 3085, 79, 12.93%, 0, 0, 6, 84.90
1575119508, 0, 2913, 3451, 3086, 79, 12.93%, 0, 0, 6, 86.50
1575119513, 0, 2913, 3453, 3087, 78, 12.93%, 0, 0, 6, 82.23
1575119518, 0, 2913, 3468, 3102, 78, 12.93%, 0, 0, 6, 45.32
1575119523, 0, 2913, 3481, 3115, 78, 12.93%, 0, 0, 6, 35.57
1575119529, 0, 2913, 3491, 3125, 78, 12.93%, 0, 0, 6, 33.22
1575119534, 0, 2913, 3503, 3137, 78, 12.93%, 0, 0, 6, 35.01
1575119539, 0, 2936, 3503, 3137, 82, 12.93%, 0, 0, 6, 60.64
1575119549, 0, 2964, 3504, 3137, 81, 12.93%, 0, 0, 6, 70.35
1575119554, 0, 2964, 3505, 3138, 81, 12.93%, 0, 0, 6, 83.06
1575119564, 0, 2964, 3507, 3140, 81, 12.93%, 0, 0, 6, 93.03
1575119569, 0, 2989, 3507, 3139, 82, 12.93%, 0, 0, 6, 90.38
1575119574, 0, 2989, 3508, 3140, 82, 12.93%, 0, 0, 6, 91.33
1575119580, 0, 2989, 3509, 3141, 82, 12.93%, 0, 0, 6, 84.52
1575119585, 0, 2990, 3510, 3141, 83, 12.93%, 0, 0, 6, 78.40
1575119595, 0, 2994, 3511, 3141, 82, 12.93%, 0, 0, 6, 76.26
1575119600, 0, 2994, 3512, 3142, 82, 12.93%, 0, 0, 6, 82.65
1575119610, 0, 2994, 3513, 3143, 82, 12.93%, 0, 0, 6, 83.61
1575119615, 0, 2994, 3514, 3144, 82, 12.93%, 0, 0, 6, 81.40
1575119620, 0, 2994, 3529, 3158, 82, 12.93%, 0, 0, 6, 50.22
1575119626, 0, 2994, 3544, 3173, 82, 12.94%, 0, 0, 6, 39.06
1575119631, 0, 2994, 3561, 3190, 82, 12.94%, 0, 0, 6, 40.64
1575119636, 0, 2994, 3563, 3192, 82, 12.94%, 0, 0, 6, 39.38
1575119641, 0, 3009, 3564, 3193, 86, 12.94%, 0, 0, 6, 74.70
1575119651, 0, 3013, 3564, 3192, 85, 12.94%, 0, 0, 6, 80.26
1575119661, 0, 3018, 3564, 3191, 85, 12.94%, 0, 0, 6, 95.08
1575119671, 0, 3022, 3564, 3190, 84, 12.94%, 0, 0, 6, 85.15
1575119681, 0, 3032, 3564, 3189, 83, 12.94%, 0, 0, 6, 96.53
1575119692, 0, 3032, 3573, 3197, 82, 12.94%, 0, 0, 6, 73.64
1575119697, 0, 3035, 3584, 3208, 84, 12.95%, 0, 0, 6, 60.74
1575119707, 0, 3040, 3584, 3207, 83, 12.95%, 0, 0, 6, 102.84
1575119712, 0, 3063, 3584, 3206, 82, 12.95%, 0, 0, 6, 106.57
1575119722, 0, 3066, 3584, 3205, 81, 12.95%, 0, 0, 6, 93.68
1575119727, 0, 3081, 3584, 3204, 80, 12.95%, 0, 0, 6, 75.75
1575119742, 0, 3081, 3594, 3213, 79, 12.95%, 0, 0, 6, 74.21
1575119747, 0, 3083, 3601, 3220, 82, 12.96%, 0, 0, 6, 77.72
1575119752, 0, 3089, 3601, 3219, 82, 12.96%, 0, 0, 6, 80.65
1575119762, 0, 3089, 3607, 3225, 82, 12.96%, 0, 0, 6, 64.01
1575119767, 0, 3089, 3611, 3229, 82, 12.96%, 0, 0, 6, 66.30
1575119773, 0, 3096, 3612, 3229, 81, 12.96%, 0, 0, 6, 58.82
1575119783, 0, 3105, 3612, 3228, 81, 12.96%, 0, 0, 6, 95.95
1575119793, 0, 3106, 3612, 3227, 80, 12.96%, 0, 0, 6, 140.08
1575119798, 0, 3106, 3613, 3228, 80, 12.96%, 0, 0, 6, 116.75
1575119803, 0, 3106, 3626, 3240, 79, 13.00%, 0, 0, 6, 64.14
1575119814, 0, 3106, 3629, 3243, 79, 13.00%, 0, 0, 6, 41.69
1575119819, 0, 3107, 3635, 3249, 80, 13.00%, 0, 0, 6, 74.00
1575119824, 0, 3107, 3636, 3250, 80, 13.00%, 0, 0, 6, 94.61
1575119829, 0, 3121, 3636, 3249, 79, 13.00%, 0, 0, 6, 76.85
1575119834, 0, 3121, 3637, 3250, 79, 13.01%, 0, 0, 6, 88.16
1575119839, 0, 3124, 3637, 3249, 79, 13.01%, 0, 0, 6, 90.47
1575119844, 0, 3130, 3637, 3248, 78, 13.01%, 0, 0, 6, 96.51
1575119860, 0, 3141, 3637, 3247, 77, 13.01%, 0, 0, 6, 95.25
1575119870, 0, 3141, 3639, 3249, 77, 13.01%, 0, 0, 6, 85.36
1575119875, 0, 3141, 3660, 3269, 76, 13.01%, 0, 0, 6, 70.43
1575119880, 0, 3141, 3672, 3281, 76, 13.01%, 0, 0, 6, 12.00
1575119885, 0, 3141, 3673, 3282, 76, 13.01%, 0, 0, 6, 39.06
1575119890, 0, 3141, 3682, 3291, 76, 13.01%, 0, 0, 6, 41.20
1575119895, 0, 3146, 3686, 3295, 78, 13.01%, 0, 0, 6, 61.18
1575119901, 0, 3146, 3688, 3297, 78, 13.01%, 0, 0, 6, 81.89
1575119906, 0, 3158, 3688, 3296, 77, 13.01%, 0, 0, 6, 94.22
1575119911, 0, 3161, 3688, 3295, 76, 13.01%, 0, 0, 6, 95.65
1575119916, 0, 3163, 3689, 3295, 75, 13.08%, 0, 0, 6, 77.47
1575119931, 0, 3178, 3689, 3294, 74, 13.08%, 0, 0, 6, 91.92
1575119936, 0, 3178, 3691, 3296, 74, 13.08%, 0, 0, 6, 80.42
1575119946, 0, 3178, 3695, 3299, 73, 13.08%, 0, 0, 6, 65.33
1575119952, 0, 3178, 3700, 3304, 73, 13.08%, 0, 0, 6, 46.18
1575119957, 0, 3186, 3701, 3305, 77, 13.08%, 0, 0, 6, 63.26
1575119967, 0, 3186, 3702, 3306, 77, 13.08%, 0, 0, 6, 96.77
1575119972, 0, 3196, 3702, 3305, 76, 13.08%, 0, 0, 6, 92.12
1575119977, 0, 3203, 3702, 3304, 75, 13.08%, 0, 0, 6, 79.22
1575119987, 0, 3203, 3703, 3305, 75, 13.08%, 0, 0, 6, 95.91
1575119992, 0, 3222, 3703, 3304, 74, 13.08%, 0, 0, 6, 78.61
1575120002, 0, 3222, 3704, 3305, 74, 13.08%, 0, 0, 6, 92.39
1575120008, 0, 3231, 3704, 3304, 73, 13.08%, 0, 0, 6, 90.72
1575120018, 0, 3231, 3710, 3309, 72, 13.08%, 0, 0, 6, 77.91
1575120023, 0, 3240, 3721, 3320, 77, 13.09%, 0, 0, 6, 43.10
1575120038, 0, 3259, 3722, 3320, 76, 13.09%, 0, 0, 6, 88.91
1575120043, 0, 3259, 3723, 3321, 76, 13.09%, 0, 0, 6, 94.94
1575120063, 0, 3266, 3724, 3321, 76, 13.09%, 0, 0, 6, 73.10
1575120068, 0, 3266, 3725, 3322, 76, 13.09%, 0, 0, 6, 67.86
1575120079, 0, 3271, 3725, 3321, 76, 13.09%, 0, 0, 6, 85.59
1575120089, 0, 3272, 3725, 3320, 75, 13.09%, 0, 0, 6, 87.02
1575120094, 0, 3272, 3728, 3323, 75, 13.09%, 0, 0, 6, 100.72
1575120099, 0, 3272, 3738, 3332, 74, 13.10%, 0, 0, 6, 54.22
1575120104, 0, 3272, 3749, 3343, 74, 13.10%, 0, 0, 6, 34.47
1575120109, 0, 3272, 3761, 3355, 74, 13.10%, 0, 0, 6, 30.57
1575120114, 0, 3277, 3767, 3361, 78, 13.10%, 0, 0, 6, 34.64
1575120125, 0, 3287, 3767, 3360, 77, 13.10%, 0, 0, 6, 75.17
1575120130, 0, 3287, 3768, 3361, 77, 13.10%, 0, 0, 6, 88.24
1575120140, 0, 3292, 3768, 3360, 76, 13.10%, 0, 0, 6, 65.20
1575120150, 0, 3293, 3768, 3359, 75, 13.10%, 0, 0, 6, 65.83
1575120155, 0, 3293, 3772, 3363, 75, 13.10%, 0, 0, 6, 63.58
1575120160, 0, 3293, 3777, 3368, 75, 13.10%, 0, 0, 6, 66.74
1575120165, 0, 3293, 3778, 3369, 75, 13.10%, 0, 0, 6, 67.00
1575120170, 0, 3293, 3780, 3371, 75, 13.10%, 0, 0, 6, 14.78
1575120176, 0, 3293, 3781, 3372, 75, 13.10%, 0, 0, 6, 83.57
1575120181, 0, 3293, 3784, 3375, 75, 13.10%, 0, 0, 6, 70.19
1575120186, 0, 3293, 3787, 3378, 75, 13.10%, 0, 0, 6, 79.44
1575120191, 0, 3293, 3788, 3379, 75, 13.10%, 0, 0, 6, 75.18
1575120196, 0, 3293, 3790, 3381, 75, 13.10%, 0, 0, 6, 90.36
1575120201, 0, 3293, 3793, 3384, 75, 13.10%, 0, 0, 6, 53.16
1575120206, 0, 3293, 3794, 3385, 75, 13.10%, 0, 0, 6, 63.84
1575120216, 0, 3293, 3795, 3386, 75, 13.10%, 0, 0, 6, 90.15
1575120237, 0, 3293, 3797, 3388, 75, 13.10%, 0, 0, 6, 77.05
1575120242, 0, 3304, 3797, 3387, 74, 13.10%, 0, 0, 6, 78.45
1575120252, 0, 3304, 3809, 3398, 74, 13.10%, 0, 0, 6, 53.67
1575120257, 0, 3304, 3822, 3411, 74, 13.12%, 0, 0, 6, 34.95
1575120262, 0, 3304, 3835, 3424, 74, 13.12%, 0, 0, 6, 30.51
1575120267, 0, 3304, 3843, 3432, 74, 13.12%, 0, 0, 6, 29.05
1575120272, 0, 3304, 3853, 3442, 74, 13.17%, 0, 0, 6, 29.79
1575120277, 0, 3304, 3862, 3451, 74, 13.17%, 0, 0, 6, 32.36
1575120282, 0, 3312, 3864, 3453, 81, 13.17%, 0, 0, 6, 60.24
1575120293, 0, 3323, 3864, 3452, 80, 13.17%, 0, 0, 6, 97.03
1575120303, 0, 3328, 3864, 3451, 79, 13.17%, 0, 0, 6, 86.13
1575120313, 0, 3335, 3864, 3450, 78, 13.17%, 0, 0, 6, 94.20
1575120323, 0, 3338, 3864, 3449, 77, 13.17%, 0, 0, 6, 93.02
1575120328, 0, 3338, 3866, 3450, 76, 13.17%, 0, 0, 6, 80.54
1575120333, 0, 3338, 3879, 3463, 76, 13.18%, 0, 0, 6, 44.78
1575120338, 0, 3338, 3882, 3466, 76, 13.18%, 0, 0, 6, 34.89
1575120343, 0, 3341, 3882, 3465, 80, 13.18%, 0, 0, 6, 80.15
1575120353, 0, 3349, 3882, 3464, 79, 13.18%, 0, 0, 6, 76.81
1575120364, 0, 3352, 3882, 3463, 78, 13.18%, 0, 0, 6, 70.52
1575120369, 0, 3352, 3883, 3464, 78, 13.18%, 0, 0, 6, 79.31
1575120374, 0, 3354, 3883, 3463, 77, 13.18%, 0, 0, 6, 88.66
1575120389, 0, 3354, 3893, 3472, 76, 13.18%, 0, 0, 6, 52.87
1575120394, 0, 3368, 3893, 3472, 77, 13.18%, 0, 0, 6, 83.33
1575120405, 0, 3396, 3893, 3471, 76, 13.18%, 0, 0, 6, 87.84
1575120415, 0, 3411, 3893, 3470, 75, 13.18%, 0, 0, 6, 89.43
1575120425, 0, 3413, 3893, 3469, 74, 13.18%, 0, 0, 6, 75.73
1575120435, 0, 3416, 3893, 3468, 73, 13.18%, 0, 0, 6, 80.65
1575120445, 0, 3416, 3902, 3476, 72, 13.18%, 0, 0, 6, 61.14
1575120450, 0, 3420, 3903, 3477, 72, 13.18%, 0, 0, 6, 79.74
1575120461, 0, 3433, 3903, 3476, 71, 13.18%, 0, 0, 6, 64.11
1575120471, 0, 3447, 3903, 3475, 70, 13.18%, 0, 0, 6, 78.23
1575120481, 0, 3450, 3903, 3474, 69, 13.18%, 0, 0, 6, 85.48
1575120491, 0, 3450, 3904, 3475, 69, 13.18%, 0, 0, 6, 85.49
1575120496, 0, 3453, 3904, 3474, 68, 13.18%, 0, 0, 6, 88.07
1575120511, 0, 3453, 3921, 3490, 67, 13.18%, 0, 0, 6, 48.53
1575120517, 0, 3453, 3935, 3504, 67, 13.18%, 0, 0, 6, 35.26
1575120522, 0, 3492, 3938, 3507, 70, 13.18%, 0, 0, 6, 77.30
1575120532, 0, 3494, 3938, 3506, 69, 13.18%, 0, 0, 6, 90.26
1575120547, 0, 3504, 3938, 3505, 68, 13.18%, 0, 0, 6, 83.75
1575120557, 0, 3506, 3938, 3504, 67, 13.18%, 0, 0, 6, 88.55
1575120562, 0, 3510, 3938, 3503, 66, 13.18%, 0, 0, 6, 100.63
1575120567, 0, 3510, 3939, 3504, 66, 13.18%, 0, 0, 6, 102.98
1575120572, 0, 3510, 3954, 3518, 65, 13.18%, 0, 0, 6, 31.25
1575120577, 0, 3512, 3956, 3520, 66, 13.18%, 0, 0, 6, 37.20
1575120587, 0, 3537, 3956, 3519, 65, 13.18%, 0, 0, 6, 92.16
1575120598, 0, 3540, 3956, 3518, 64, 13.18%, 0, 0, 6, 64.64
1575120613, 0, 3554, 3956, 3517, 63, 13.18%, 0, 0, 6, 73.58
1575120628, 0, 3563, 3956, 3516, 62, 13.18%, 0, 0, 6, 70.58
1575120644, 0, 3563, 3963, 3522, 61, 13.18%, 0, 0, 6, 47.39
1575120649, 0, 3564, 3971, 3530, 63, 13.19%, 0, 0, 6, 45.84
1575120664, 0, 3569, 3972, 3530, 62, 13.20%, 0, 0, 6, 80.59
1575120679, 0, 3575, 3974, 3531, 60, 13.20%, 0, 0, 6, 87.92
1575120690, 0, 3575, 3975, 3532, 60, 13.20%, 0, 0, 6, 83.95
1575120695, 0, 3583, 3975, 3531, 59, 13.20%, 0, 0, 6, 95.70
1575120710, 0, 3585, 3975, 3530, 58, 13.20%, 0, 0, 6, 82.66
1575120720, 0, 3585, 3986, 3540, 57, 13.20%, 0, 0, 6, 51.33
1575120725, 0, 3587, 3997, 3551, 60, 13.20%, 0, 0, 6, 52.49
1575120735, 0, 3591, 3997, 3550, 59, 13.20%, 0, 0, 6, 94.09
1575120745, 0, 3624, 3997, 3549, 58, 13.20%, 0, 0, 6, 90.14
1575120756, 0, 3632, 3997, 3548, 57, 13.20%, 0, 0, 6, 94.27
1575120766, 0, 3636, 3997, 3547, 56, 13.20%, 0, 0, 6, 99.47
1575120771, 0, 3636, 4002, 3551, 55, 13.20%, 0, 0, 6, 71.43
1575120776, 0, 3648, 4016, 3565, 55, 13.20%, 0, 0, 6, 60.42
1575120786, 0, 3651, 4017, 3565, 54, 13.20%, 0, 0, 6, 82.73
1575120791, 0, 3651, 4018, 3566, 54, 13.20%, 0, 0, 6, 84.14
1575120812, 0, 3653, 4021, 3568, 54, 13.20%, 0, 0, 6, 96.36
1575120827, 0, 3653, 4022, 3569, 54, 13.20%, 0, 0, 6, 78.60
1575120848, 0, 3653, 4024, 3571, 54, 13.20%, 0, 0, 6, 95.36
1575120863, 0, 3653, 4025, 3572, 54, 13.20%, 0, 0, 6, 91.35
1575120873, 0, 3653, 4026, 3573, 54, 13.20%, 0, 0, 6, 93.59
1575120889, 0, 3653, 4029, 3576, 54, 13.20%, 0, 0, 6, 81.75
1575120894, 0, 3659, 4029, 3575, 53, 13.20%, 0, 0, 6, 60.82
1575120909, 0, 3688, 4030, 3575, 52, 13.20%, 0, 0, 6, 90.68
1575120914, 0, 3688, 4047, 3591, 51, 13.20%, 0, 0, 6, 59.46
1575120919, 0, 3688, 4053, 3597, 51, 13.20%, 0, 0, 6, 46.79
1575120924, 0, 3693, 4053, 3597, 55, 13.20%, 0, 0, 6, 65.59
1575120934, 0, 3694, 4053, 3596, 54, 13.20%, 0, 0, 6, 93.83
1575120939, 0, 3694, 4054, 3597, 54, 13.20%, 0, 0, 6, 95.77
1575120944, 0, 3699, 4055, 3597, 53, 13.20%, 0, 0, 6, 71.75
1575120950, 0, 3708, 4055, 3596, 52, 13.20%, 0, 0, 6, 102.00
1575120965, 0, 3715, 4055, 3595, 51, 13.20%, 0, 0, 6, 86.33
1575120980, 0, 3715, 4071, 3610, 50, 13.28%, 0, 0, 6, 51.74
1575120985, 0, 3718, 4074, 3613, 53, 13.28%, 0, 0, 6, 56.82
1575120990, 0, 3720, 4075, 3613, 53, 13.28%, 0, 0, 6, 59.09
1575120995, 0, 3720, 4077, 3615, 53, 13.28%, 0, 0, 6, 58.14
1575121000, 0, 3720, 4078, 3616, 53, 13.28%, 0, 0, 6, 68.29
1575121011, 0, 3720, 4080, 3618, 53, 13.28%, 0, 0, 6, 70.77
1575121016, 0, 3720, 4082, 3620, 53, 13.28%, 0, 0, 6, 89.47
1575121021, 0, 3720, 4083, 3621, 53, 13.28%, 0, 0, 6, 83.89
1575121026, 0, 3720, 4085, 3623, 53, 13.28%, 0, 0, 6, 103.47
1575121031, 0, 3720, 4087, 3625, 53, 13.28%, 0, 0, 6, 57.59
1575121041, 0, 3720, 4088, 3626, 53, 13.28%, 0, 0, 6, 74.34
1575121046, 0, 3720, 4089, 3627, 53, 13.28%, 0, 0, 6, 100.16
1575121051, 0, 3720, 4090, 3628, 53, 13.28%, 0, 0, 6, 83.18
1575121067, 0, 3720, 4091, 3629, 53, 13.28%, 0, 0, 6, 80.87
1575121077, 0, 3720, 4092, 3630, 53, 13.28%, 0, 0, 6, 77.54
1575121082, 0, 3721, 4093, 3630, 50, 13.28%, 0, 0, 6, 75.60
1575121092, 0, 3724, 4093, 3629, 49, 13.28%, 0, 0, 6, 76.24
1575121097, 0, 3724, 4095, 3631, 49, 13.28%, 0, 0, 6, 81.95
1575121108, 0, 3724, 4096, 3632, 49, 13.28%, 0, 0, 6, 82.58
1575121118, 0, 3724, 4097, 3633, 49, 13.28%, 0, 0, 6, 98.85
1575121163, 0, 3724, 4098, 3634, 49, 13.28%, 0, 0, 6, 88.63
1575121174, 0, 3725, 4098, 3633, 49, 13.28%, 0, 0, 6, 71.99
1575121184, 0, 3725, 4099, 3633, 48, 13.28%, 0, 0, 6, 88.05
1575121189, 0, 3725, 4119, 3653, 48, 13.28%, 0, 0, 6, 49.56
1575121194, 0, 3725, 4136, 3670, 48, 13.36%, 0, 0, 6, 36.81
1575121199, 0, 3725, 4145, 3679, 48, 13.36%, 0, 0, 6, 28.54
1575121204, 0, 3725, 4148, 3682, 48, 13.36%, 0, 0, 6, 27.62
1575121209, 0, 3725, 4154, 3688, 48, 13.36%, 0, 0, 6, 29.17
1575121214, 0, 3725, 4156, 3690, 48, 13.36%, 0, 0, 6, 28.40
1575121220, 0, 3728, 4156, 3690, 52, 13.36%, 0, 0, 6, 53.73
1575121230, 0, 3746, 4156, 3689, 51, 13.36%, 0, 0, 6, 69.36
1575121240, 0, 3749, 4156, 3688, 50, 13.36%, 0, 0, 6, 66.68
1575121250, 0, 3776, 4156, 3687, 49, 13.36%, 0, 0, 6, 81.27
1575121265, 0, 3802, 4156, 3686, 48, 13.36%, 0, 0, 6, 84.46
1575121276, 0, 3802, 4165, 3694, 47, 13.37%, 0, 0, 6, 50.58
1575121281, 0, 3805, 4166, 3695, 49, 13.37%, 0, 0, 6, 59.43
1575121291, 0, 3805, 4167, 3696, 49, 13.37%, 0, 0, 6, 92.61
1575121296, 0, 3805, 4168, 3697, 49, 13.37%, 0, 0, 6, 94.94
1575121301, 0, 3810, 4168, 3696, 48, 13.37%, 0, 0, 6, 65.20
1575121311, 0, 3843, 4168, 3695, 47, 13.37%, 0, 0, 6, 59.24
1575121316, 0, 3843, 4169, 3696, 47, 13.37%, 0, 0, 6, 77.07
1575121321, 0, 3862, 4169, 3695, 46, 13.37%, 0, 0, 6, 91.59
1575121331, 0, 3863, 4169, 3694, 45, 13.37%, 0, 0, 6, 91.30
1575121336, 0, 3863, 4170, 3695, 45, 13.38%, 0, 0, 6, 97.82
1575121347, 0, 3863, 4185, 3709, 44, 13.39%, 0, 0, 6, 47.63
1575121352, 0, 3863, 4190, 3714, 44, 13.39%, 0, 0, 6, 36.69
1575121357, 0, 3873, 4190, 3714, 47, 13.39%, 0, 0, 6, 70.44
1575121362, 0, 3874, 4190, 3713, 46, 13.39%, 0, 0, 6, 91.62
1575121367, 0, 3884, 4190, 3712, 45, 13.39%, 0, 0, 6, 86.05
1575121377, 0, 3891, 4190, 3711, 44, 13.39%, 0, 0, 6, 103.29
1575121387, 0, 3938, 4191, 3711, 43, 13.39%, 0, 0, 6, 92.31
1575121398, 0, 3938, 4198, 3717, 42, 13.39%, 0, 0, 6, 57.68
1575121403, 0, 3938, 4205, 3724, 42, 13.39%, 0, 0, 6, 41.81
1575121408, 0, 3938, 4207, 3726, 42, 13.39%, 0, 0, 6, 33.19
1575121413, 0, 3946, 4208, 3727, 42, 13.39%, 0, 0, 6, 55.63
1575121428, 0, 3951, 4208, 3726, 41, 13.39%, 0, 0, 6, 92.98
1575121438, 0, 3969, 4208, 3725, 40, 13.39%, 0, 0, 6, 66.83
1575121448, 0, 3982, 4209, 3725, 39, 13.39%, 0, 0, 6, 67.89
1575121463, 0, 3986, 4209, 3724, 38, 13.39%, 0, 0, 6, 97.44
1575121474, 0, 3986, 4219, 3733, 37, 13.45%, 0, 0, 6, 20.54
1575121479, 0, 3986, 4223, 3737, 37, 13.45%, 0, 0, 6, 25.50
1575121484, 0, 3987, 4227, 3741, 40, 13.45%, 0, 0, 6, 46.86
1575121494, 0, 4017, 4227, 3740, 39, 13.45%, 0, 0, 6, 84.48
1575121509, 0, 4033, 4227, 3739, 38, 13.45%, 0, 0, 6, 82.74
1575121519, 0, 4035, 4227, 3738, 37, 13.45%, 0, 0, 6, 103.65
1575121530, 0, 4047, 4227, 3737, 36, 13.45%, 0, 0, 6, 101.32
1575121535, 0, 4047, 4228, 3738, 36, 13.45%, 0, 0, 6, 95.13
1575121540, 0, 4047, 4248, 3757, 35, 13.46%, 0, 0, 6, 55.39
1575121545, 0, 4059, 4254, 3763, 35, 13.46%, 0, 0, 6, 74.05
1575121555, 0, 4065, 4254, 3762, 34, 13.46%, 0, 0, 6, 87.55
1575121560, 0, 4072, 4254, 3761, 33, 13.46%, 0, 0, 6, 60.87
1575121570, 0, 4089, 4256, 3762, 33, 13.46%, 0, 0, 6, 75.15
1575121585, 0, 4094, 4257, 3762, 33, 13.46%, 0, 0, 6, 78.20
1575121590, 0, 4094, 4258, 3763, 33, 13.46%, 0, 0, 6, 77.21
1575121611, 0, 4094, 4260, 3764, 32, 13.46%, 0, 0, 6, 81.98
1575121616, 0, 4094, 4269, 3773, 32, 13.46%, 0, 0, 6, 46.12
1575121621, 0, 4096, 4272, 3776, 36, 13.46%, 0, 0, 6, 49.86
1575121636, 0, 4101, 4272, 3775, 35, 13.46%, 0, 0, 6, 91.29
1575121641, 0, 4106, 4272, 3774, 34, 13.46%, 0, 0, 6, 75.99
1575121646, 0, 4106, 4276, 3778, 34, 13.46%, 0, 0, 6, 76.53
1575121708, 0, 4106, 4277, 3779, 34, 13.46%, 0, 0, 6, 83.07
1575121723, 0, 4112, 4277, 3778, 34, 13.46%, 0, 0, 6, 75.96
1575121728, 0, 4112, 4280, 3781, 34, 13.46%, 0, 0, 6, 88.07
1575121733, 0, 4121, 4282, 3782, 33, 13.46%, 0, 0, 6, 86.78
1575121738, 0, 4121, 4291, 3790, 32, 13.46%, 0, 0, 6, 52.58
1575121743, 0, 4121, 4298, 3797, 32, 13.47%, 0, 0, 6, 32.45
1575121748, 0, 4129, 4309, 3808, 39, 13.52%, 0, 0, 6, 37.69
1575121764, 0, 4149, 4310, 3808, 38, 13.52%, 0, 0, 6, 102.32
1575121774, 0, 4159, 4310, 3807, 37, 13.52%, 0, 0, 6, 73.89
1575121785, 0, 4161, 4310, 3806, 36, 13.52%, 0, 0, 6, 78.96
1575121795, 0, 4164, 4310, 3805, 35, 13.52%, 0, 0, 6, 72.18
1575121800, 0, 4164, 4311, 3806, 35, 13.52%, 0, 0, 6, 82.30
1575121805, 0, 4164, 4317, 3811, 34, 13.52%, 0, 0, 6, 55.37
1575121810, 0, 4164, 4332, 3826, 34, 13.54%, 0, 0, 6, 41.49
1575121815, 0, 4167, 4337, 3831, 40, 13.55%, 0, 0, 6, 40.96
1575121830, 0, 4169, 4337, 3830, 39, 13.55%, 0, 0, 6, 92.46
1575121840, 0, 4177, 4337, 3829, 38, 13.55%, 0, 0, 6, 68.42
1575121845, 0, 4177, 4339, 3831, 38, 13.55%, 0, 0, 6, 80.24
1575121850, 0, 4179, 4339, 3830, 37, 13.55%, 0, 0, 6, 86.30
1575121861, 0, 4187, 4339, 3829, 36, 13.55%, 0, 0, 6, 70.07
1575121876, 0, 4187, 4347, 3836, 35, 13.55%, 0, 0, 6, 49.38
1575121881, 0, 4188, 4348, 3837, 37, 13.55%, 0, 0, 6, 42.27
1575121891, 0, 4210, 4348, 3836, 36, 13.55%, 0, 0, 6, 79.40
1575121901, 0, 4210, 4349, 3837, 36, 13.55%, 0, 0, 6, 85.71
1575121906, 0, 4214, 4349, 3836, 35, 13.55%, 0, 0, 6, 69.70
1575121911, 0, 4214, 4357, 3844, 35, 13.55%, 0, 0, 6, 65.75
1575121916, 0, 4214, 4363, 3850, 35, 13.55%, 0, 0, 6, 73.66
1575121922, 0, 4214, 4367, 3854, 35, 13.56%, 0, 0, 6, 79.25
1575121927, 0, 4214, 4369, 3856, 35, 13.56%, 0, 0, 6, 84.95
1575121932, 0, 4214, 4372, 3859, 35, 13.56%, 0, 0, 6, 82.59
1575121937, 0, 4214, 4373, 3860, 35, 13.56%, 0, 0, 6, 82.00
1575121942, 0, 4214, 4375, 3862, 35, 13.56%, 0, 0, 6, 84.24
1575121947, 0, 4214, 4376, 3863, 35, 13.56%, 0, 0, 6, 75.58
1575121957, 0, 4214, 4377, 3864, 35, 13.56%, 0, 0, 6, 76.83
1575121968, 0, 4214, 4378, 3865, 35, 13.56%, 0, 0, 6, 77.21
1575121993, 0, 4221, 4379, 3865, 43, 13.56%, 0, 0, 6, 65.41
1575121998, 0, 4221, 4381, 3867, 43, 13.56%, 0, 0, 6, 70.15
1575122019, 0, 4232, 4381, 3866, 42, 13.56%, 0, 0, 6, 81.34
1575122029, 0, 4232, 4390, 3874, 42, 13.61%, 0, 0, 6, 59.82
1575122035, 0, 4232, 4410, 3894, 42, 13.62%, 0, 0, 6, 49.27
1575122040, 0, 4232, 4421, 3905, 42, 13.62%, 0, 0, 6, 38.93
1575122045, 0, 4232, 4425, 3909, 42, 13.62%, 0, 0, 6, 34.43
1575122050, 0, 4245, 4425, 3909, 43, 13.62%, 0, 0, 6, 81.08
1575122060, 0, 4255, 4425, 3908, 42, 13.62%, 0, 0, 6, 74.27
1575122075, 0, 4255, 4427, 3910, 42, 13.62%, 0, 0, 6, 76.84
1575122080, 0, 4256, 4428, 3910, 41, 13.62%, 0, 0, 6, 82.78
1575122106, 0, 4261, 4428, 3909, 41, 13.62%, 0, 0, 6, 79.57
1575122116, 0, 4265, 4428, 3908, 40, 13.62%, 0, 0, 6, 73.56
1575122126, 0, 4265, 4443, 3922, 40, 13.66%, 0, 0, 6, 52.72
1575122132, 0, 4271, 4444, 3923, 43, 13.66%, 0, 0, 6, 65.57
1575122142, 0, 4275, 4444, 3922, 42, 13.66%, 0, 0, 6, 86.95
1575122152, 0, 4281, 4445, 3922, 41, 13.66%, 0, 0, 6, 83.90
1575122157, 0, 4294, 4445, 3921, 40, 13.66%, 0, 0, 6, 66.00
1575122162, 0, 4295, 4445, 3920, 39, 13.66%, 0, 0, 6, 74.44
1575122173, 0, 4295, 4460, 3934, 38, 13.73%, 0, 0, 6, 62.81
1575122178, 0, 4306, 4463, 3937, 42, 13.74%, 0, 0, 6, 58.09
1575122183, 0, 4306, 4465, 3939, 42, 13.74%, 0, 0, 6, 72.87
1575122188, 0, 4306, 4467, 3941, 42, 13.74%, 0, 0, 6, 85.22
1575122193, 0, 4306, 4470, 3944, 42, 13.74%, 0, 0, 6, 88.36
1575122198, 0, 4306, 4472, 3946, 42, 13.74%, 0, 0, 6, 89.57
1575122203, 0, 4306, 4473, 3947, 42, 13.75%, 0, 0, 6, 90.99
1575122239, 0, 4327, 4474, 3947, 45, 13.75%, 0, 0, 6, 81.89
1575122244, 0, 4327, 4477, 3950, 45, 13.75%, 0, 0, 6, 82.82
1575122249, 0, 4327, 4478, 3951, 45, 13.75%, 0, 0, 6, 83.93
1575122259, 0, 4327, 4479, 3952, 45, 13.75%, 0, 0, 6, 91.17
1575122264, 0, 4327, 4480, 3953, 45, 13.75%, 0, 0, 6, 91.09
1575122279, 0, 4327, 4481, 3954, 45, 13.75%, 0, 0, 6, 88.36
1575122284, 0, 4327, 4482, 3955, 45, 13.75%, 0, 0, 6, 78.44
1575122295, 0, 4327, 4483, 3956, 45, 13.79%, 0, 0, 6, 104.50
1575122325, 0, 4327, 4484, 3957, 45, 13.79%, 0, 0, 6, 87.94
1575122335, 0, 4327, 4485, 3958, 45, 13.79%, 0, 0, 6, 84.66
1575122340, 0, 4330, 4485, 3957, 45, 13.79%, 0, 0, 6, 60.17
1575122345, 0, 4330, 4486, 3958, 45, 13.79%, 0, 0, 6, 79.81
1575122350, 0, 4330, 4488, 3960, 45, 13.79%, 0, 0, 6, 76.98
1575122361, 0, 4330, 4489, 3961, 45, 13.84%, 0, 0, 6, 79.96
1575122427, 0, 4331, 4490, 3961, 45, 13.84%, 0, 0, 6, 66.70
1575122432, 0, 4331, 4491, 3962, 45, 13.84%, 0, 0, 6, 73.55
1575122437, 0, 4331, 4493, 3964, 45, 13.84%, 0, 0, 6, 79.22
1575122442, 0, 4331, 4494, 3965, 45, 13.84%, 0, 0, 6, 88.92
1575122447, 0, 4331, 4495, 3966, 45, 13.84%, 0, 0, 6, 75.28
1575122452, 0, 4331, 4496, 3967, 45, 13.84%, 0, 0, 6, 81.18
1575122488, 0, 4342, 4496, 3966, 44, 13.84%, 0, 0, 6, 67.71
1575122498, 0, 4342, 4499, 3968, 43, 13.84%, 0, 0, 6, 83.10
1575122503, 0, 4342, 4528, 3997, 43, 13.86%, 0, 0, 6, 60.95
1575122508, 0, 4342, 4550, 4019, 43, 13.91%, 0, 0, 6, 48.73
1575122513, 0, 4342, 4563, 4032, 43, 13.92%, 0, 0, 6, 43.96
1575122518, 0, 4342, 4568, 4037, 43, 13.92%, 0, 0, 6, 43.17
1575122524, 0, 4342, 4570, 4039, 43, 13.92%, 0, 0, 6, 45.64
1575122529, 0, 4364, 4570, 4039, 55, 13.92%, 0, 0, 6, 72.65
1575122539, 0, 4365, 4570, 4038, 54, 13.92%, 0, 0, 6, 87.94
1575122549, 0, 4365, 4572, 4040, 54, 13.93%, 0, 0, 6, 82.50
1575122569, 0, 4383, 4572, 4039, 54, 13.93%, 0, 0, 6, 80.77
1575122585, 0, 4385, 4572, 4038, 53, 13.93%, 0, 0, 6, 71.68
1575122595, 0, 4390, 4572, 4037, 52, 13.93%, 0, 0, 6, 107.58
1575122600, 0, 4390, 4574, 4038, 51, 13.93%, 0, 0, 6, 99.67
1575122605, 0, 4390, 4599, 4063, 51, 13.95%, 0, 0, 6, 58.78
1575122610, 0, 4395, 4605, 4069, 61, 13.95%, 0, 0, 6, 67.83
1575122620, 0, 4397, 4605, 4068, 60, 13.95%, 0, 0, 6, 87.96
1575122631, 0, 4399, 4605, 4067, 59, 13.95%, 0, 0, 6, 88.25
1575122646, 0, 4406, 4605, 4066, 58, 13.95%, 0, 0, 6, 87.67
1575122656, 0, 4407, 4607, 4067, 57, 13.95%, 0, 0, 6, 82.32
1575122677, 0, 4407, 4608, 4068, 57, 13.95%, 0, 0, 6, 97.53
1575122682, 0, 4407, 4620, 4079, 56, 13.97%, 0, 0, 6, 68.37
1575122687, 0, 4410, 4623, 4082, 61, 13.97%, 0, 0, 6, 66.96
1575122697, 0, 4411, 4623, 4081, 61, 13.97%, 0, 0, 6, 95.48
1575122702, 0, 4411, 4624, 4082, 61, 13.97%, 0, 0, 6, 80.44
1575122707, 0, 4427, 4624, 4081, 60, 13.97%, 0, 0, 6, 66.22
1575122733, 0, 4438, 4624, 4080, 59, 13.97%, 0, 0, 6, 86.84
1575122743, 0, 4443, 4625, 4080, 58, 13.97%, 0, 0, 6, 83.81
1575122758, 0, 4443, 4626, 4080, 57, 13.97%, 0, 0, 6, 97.54
1575122763, 0, 4443, 4647, 4101, 57, 13.98%, 0, 0, 6, 52.40
1575122768, 0, 4451, 4655, 4109, 59, 13.98%, 0, 0, 6, 52.97
1575122783, 0, 4468, 4656, 4109, 58, 13.98%, 0, 0, 6, 86.84
1575122788, 0, 4468, 4657, 4110, 58, 13.98%, 0, 0, 6, 94.45
1575122793, 0, 4468, 4658, 4111, 58, 13.98%, 0, 0, 6, 87.77
1575122798, 0, 4468, 4659, 4112, 58, 13.98%, 0, 0, 6, 77.32
1575122865, 0, 4470, 4659, 4111, 57, 13.98%, 0, 0, 6, 81.52
1575122880, 0, 4473, 4660, 4111, 56, 13.98%, 0, 0, 6, 95.82
1575122890, 0, 4474, 4660, 4110, 55, 13.98%, 0, 0, 6, 81.70
1575122900, 0, 4474, 4681, 4130, 55, 14.00%, 0, 0, 6, 68.28
1575122906, 0, 4474, 4694, 4143, 55, 14.00%, 0, 0, 6, 49.36
1575122911, 0, 4480, 4694, 4143, 59, 14.00%, 0, 0, 6, 43.78
1575122921, 0, 4480, 4695, 4144, 59, 14.00%, 0, 0, 6, 69.79
1575122926, 0, 4482, 4695, 4143, 58, 14.00%, 0, 0, 6, 74.04
1575122936, 0, 4487, 4695, 4142, 57, 14.00%, 0, 0, 6, 71.70
1575122946, 0, 4499, 4695, 4141, 56, 14.00%, 0, 0, 6, 95.00
1575122951, 0, 4499, 4696, 4142, 56, 14.00%, 0, 0, 6, 95.30
1575122956, 0, 4501, 4696, 4141, 55, 14.00%, 0, 0, 6, 87.78
1575122961, 0, 4501, 4697, 4142, 55, 14.00%, 0, 0, 6, 94.47
1575122966, 0, 4501, 4704, 4148, 54, 14.01%, 0, 0, 6, 81.10
1575122972, 0, 4513, 4706, 4149, 53, 14.01%, 0, 0, 6, 98.95
1575122982, 0, 4514, 4706, 4148, 52, 14.01%, 0, 0, 6, 85.71
1575122987, 0, 4514, 4707, 4149, 52, 14.01%, 0, 0, 6, 90.15
1575122992, 0, 4526, 4707, 4148, 51, 14.01%, 0, 0, 6, 92.20
1575122997, 0, 4528, 4707, 4147, 50, 14.01%, 0, 0, 6, 100.21
1575123007, 0, 4528, 4719, 4158, 49, 14.01%, 0, 0, 6, 63.65
1575123012, 0, 4529, 4724, 4163, 52, 14.01%, 0, 0, 6, 77.32
1575123017, 0, 4543, 4724, 4162, 51, 14.01%, 0, 0, 6, 88.30
1575123033, 0, 4556, 4724, 4161, 50, 14.01%, 0, 0, 6, 83.62
1575123043, 0, 4560, 4726, 4162, 49, 14.01%, 0, 0, 6, 97.28
1575123048, 0, 4560, 4728, 4164, 49, 14.01%, 0, 0, 6, 92.97
1575123058, 0, 4560, 4729, 4165, 49, 14.01%, 0, 0, 6, 79.64
1575123068, 0, 4560, 4730, 4166, 49, 14.01%, 0, 0, 6, 84.26
1575123088, 0, 4560, 4731, 4167, 49, 14.01%, 0, 0, 6, 97.91
1575123103, 0, 4560, 4733, 4169, 49, 14.01%, 0, 0, 6, 82.46
1575123139, 0, 4570, 4733, 4168, 49, 14.01%, 0, 0, 6, 88.80
1575123154, 0, 4570, 4755, 4189, 48, 14.02%, 0, 0, 6, 62.47
1575123160, 0, 4574, 4756, 4190, 53, 14.02%, 0, 0, 6, 70.37
1575123170, 0, 4576, 4756, 4189, 52, 14.02%, 0, 0, 6, 105.03
1575123175, 0, 4577, 4756, 4188, 51, 14.02%, 0, 0, 6, 94.60
1575123190, 0, 4583, 4756, 4187, 50, 14.02%, 0, 0, 6, 105.85
1575123201, 0, 4597, 4757, 4187, 49, 14.02%, 0, 0, 6, 73.65
1575123216, 0, 4597, 4758, 4187, 48, 14.02%, 0, 0, 6, 87.01
1575123221, 0, 4597, 4774, 4203, 48, 14.02%, 0, 0, 6, 53.73
1575123226, 0, 4603, 4774, 4203, 51, 14.02%, 0, 0, 6, 87.45
1575123231, 0, 4607, 4774, 4202, 50, 14.02%, 0, 0, 6, 93.94
1575123247, 0, 4610, 4774, 4201, 49, 14.02%, 0, 0, 6, 87.66
1575123252, 0, 4611, 4774, 4200, 48, 14.02%, 0, 0, 6, 85.25
1575123262, 0, 4616, 4774, 4199, 47, 14.02%, 0, 0, 6, 89.44
1575123272, 0, 4618, 4779, 4203, 46, 14.02%, 0, 0, 6, 57.67
1575123287, 0, 4630, 4779, 4202, 45, 14.02%, 0, 0, 6, 88.23
1575123298, 0, 4631, 4779, 4201, 44, 14.02%, 0, 0, 6, 93.56
1575123308, 0, 4632, 4779, 4200, 43, 14.02%, 0, 0, 6, 82.14
1575123318, 0, 4649, 4779, 4199, 42, 14.02%, 0, 0, 6, 81.44
1575123323, 0, 4649, 4780, 4200, 42, 14.02%, 0, 0, 6, 81.29
1575123338, 0, 4649, 4794, 4213, 41, 14.02%, 0, 0, 6, 60.93
1575123343, 0, 4651, 4794, 4213, 46, 14.02%, 0, 0, 6, 90.34
1575123353, 0, 4660, 4794, 4212, 45, 14.02%, 0, 0, 6, 90.09
1575123364, 0, 4661, 4794, 4211, 44, 14.02%, 0, 0, 6, 93.99
1575123369, 0, 4663, 4794, 4210, 43, 14.02%, 0, 0, 6, 92.87
1575123379, 0, 4664, 4794, 4209, 42, 14.02%, 0, 0, 6, 97.63
1575123389, 0, 4665, 4803, 4217, 41, 14.07%, 0, 0, 6, 56.11
1575123399, 0, 4666, 4803, 4216, 40, 14.07%, 0, 0, 6, 88.04
1575123415, 0, 4670, 4803, 4215, 39, 14.07%, 0, 0, 6, 85.60
1575123420, 0, 4679, 4803, 4214, 38, 14.07%, 0, 0, 6, 92.94
1575123425, 0, 4679, 4805, 4216, 38, 14.07%, 0, 0, 6, 99.77
1575123430, 0, 4679, 4806, 4217, 38, 14.08%, 0, 0, 6, 95.46
1575123435, 0, 4679, 4807, 4218, 38, 14.08%, 0, 0, 6, 87.83
1575123455, 0, 4679, 4808, 4219, 38, 14.08%, 0, 0, 6, 88.04
1575123470, 0, 4679, 4809, 4220, 38, 14.08%, 0, 0, 6, 94.48
1575123476, 0, 4679, 4811, 4222, 38, 14.08%, 0, 0, 6, 65.65
1575123501, 0, 4679, 4813, 4224, 38, 14.08%, 0, 0, 6, 90.21
1575123511, 0, 4679, 4814, 4225, 38, 14.09%, 0, 0, 6, 104.91
1575123516, 0, 4680, 4814, 4224, 42, 14.09%, 0, 0, 6, 85.56
1575123527, 0, 4680, 4822, 4231, 41, 14.09%, 0, 0, 6, 69.10
1575123532, 0, 4680, 4835, 4244, 41, 14.09%, 0, 0, 6, 40.72
1575123537, 0, 4680, 4842, 4251, 41, 14.09%, 0, 0, 6, 39.60
1575123552, 0, 4680, 4847, 4256, 41, 14.09%, 0, 0, 6, 36.26
1575123557, 0, 4683, 4848, 4257, 44, 14.09%, 0, 0, 6, 61.40
1575123568, 0, 4697, 4848, 4256, 43, 14.09%, 0, 0, 6, 87.23
1575123578, 0, 4701, 4848, 4255, 42, 14.09%, 0, 0, 6, 83.93
1575123583, 0, 4705, 4848, 4254, 41, 14.09%, 0, 0, 6, 82.86
1575123593, 0, 4708, 4849, 4254, 40, 14.09%, 0, 0, 6, 80.63
1575123598, 0, 4708, 4850, 4255, 40, 14.09%, 0, 0, 6, 96.31
1575123608, 0, 4708, 4851, 4255, 39, 14.09%, 0, 0, 6, 87.97
1575123613, 0, 4710, 4858, 4262, 41, 14.09%, 0, 0, 6, 58.35
1575123624, 0, 4713, 4858, 4261, 40, 14.09%, 0, 0, 6, 65.94
1575123634, 0, 4722, 4858, 4260, 39, 14.09%, 0, 0, 6, 86.97
1575123639, 0, 4722, 4859, 4261, 39, 14.09%, 0, 0, 6, 83.93
1575123649, 0, 4723, 4859, 4260, 39, 14.09%, 0, 0, 6, 71.81
1575123659, 0, 4734, 4859, 4259, 38, 14.09%, 0, 0, 6, 72.27
1575123669, 0, 4734, 4864, 4263, 37, 14.09%, 0, 0, 6, 88.00
1575123675, 0, 4735, 4875, 4274, 39, 14.09%, 0, 0, 6, 64.31
1575123680, 0, 4735, 4877, 4276, 39, 14.09%, 0, 0, 6, 95.64
1575123695, 0, 4738, 4877, 4275, 39, 14.09%, 0, 0, 6, 78.74
1575123705, 0, 4740, 4877, 4274, 38, 14.09%, 0, 0, 6, 85.10
1575123710, 0, 4742, 4877, 4273, 37, 14.09%, 0, 0, 6, 84.82
1575123715, 0, 4742, 4878, 4274, 37, 14.09%, 0, 0, 6, 85.72
1575123730, 0, 4743, 4878, 4273, 37, 14.09%, 0, 0, 6, 96.82
1575123741, 0, 4743, 4878, 4272, 36, 14.09%, 0, 0, 6, 84.75
1575123746, 0, 4748, 4887, 4281, 40, 14.10%, 0, 0, 6, 41.37
1575123756, 0, 4761, 4887, 4280, 39, 14.10%, 0, 0, 6, 90.78
1575123766, 0, 4762, 4887, 4279, 38, 14.10%, 0, 0, 6, 76.98
1575123776, 0, 4763, 4887, 4278, 37, 14.10%, 0, 0, 6, 78.47
1575123786, 0, 4767, 4887, 4277, 36, 14.10%, 0, 0, 6, 72.49
1575123802, 0, 4767, 4893, 4282, 35, 14.10%, 0, 0, 6, 67.20
1575123807, 0, 4768, 4895, 4284, 38, 14.10%, 0, 0, 6, 72.54
1575123817, 0, 4781, 4895, 4283, 37, 14.10%, 0, 0, 6, 93.86
1575123822, 0, 4783, 4895, 4282, 36, 14.10%, 0, 0, 6, 90.36
1575123827, 0, 4783, 4896, 4283, 36, 14.10%, 0, 0, 6, 93.17
1575123842, 0, 4784, 4896, 4282, 35, 14.10%, 0, 0, 6, 76.22
1575123857, 0, 4785, 4896, 4281, 33, 14.10%, 0, 0, 6, 101.81
1575123863, 0, 4785, 4902, 4286, 32, 14.10%, 0, 0, 6, 78.58
1575123868, 0, 4791, 4902, 4286, 32, 14.10%, 0, 0, 6, 98.72
1575123873, 0, 4792, 4902, 4285, 31, 14.10%, 0, 0, 6, 91.92
1575123883, 0, 4795, 4902, 4284, 30, 14.10%, 0, 0, 6, 95.12
1575123893, 0, 4797, 4902, 4283, 29, 14.10%, 0, 0, 6, 68.27
1575123903, 0, 4808, 4902, 4282, 28, 14.10%, 0, 0, 6, 81.39
1575123913, 0, 4808, 4903, 4283, 28, 14.10%, 0, 0, 6, 90.17
1575123919, 0, 4808, 4910, 4289, 27, 14.10%, 0, 0, 6, 68.15
1575123924, 0, 4811, 4918, 4297, 27, 14.10%, 0, 0, 6, 44.72
1575123934, 0, 4813, 4918, 4296, 26, 14.10%, 0, 0, 6, 95.98
1575123949, 0, 4815, 4918, 4295, 25, 14.10%, 0, 0, 6, 71.01
1575123965, 0, 4826, 4918, 4294, 24, 14.10%, 0, 0, 6, 82.75
1575123970, 0, 4835, 4918, 4293, 23, 14.10%, 0, 0, 6, 91.55
1575123975, 0, 4835, 4920, 4294, 22, 14.10%, 0, 0, 6, 89.02
1575123980, 0, 4841, 4923, 4297, 22, 14.10%, 0, 0, 6, 96.34
1575123985, 0, 4849, 4923, 4296, 21, 14.10%, 0, 0, 6, 93.90
1575123995, 0, 4858, 4923, 4295, 20, 14.10%, 0, 0, 6, 79.53
1575124005, 0, 4858, 4924, 4296, 20, 14.10%, 0, 0, 6, 88.52
1575124010, 0, 4872, 4924, 4295, 19, 14.10%, 0, 0, 6, 84.55
1575124020, 0, 4873, 4924, 4294, 18, 14.10%, 0, 0, 6, 80.04
1575124031, 0, 4873, 4926, 4295, 17, 14.10%, 0, 0, 6, 87.82
1575124036, 0, 4873, 4947, 4316, 17, 14.12%, 0, 0, 6, 51.25
1575124041, 0, 4875, 4947, 4316, 22, 14.12%, 0, 0, 6, 83.01
1575124051, 0, 4878, 4947, 4315, 21, 14.12%, 0, 0, 6, 82.32
1575124061, 0, 4880, 4947, 4314, 20, 14.12%, 0, 0, 6, 85.34
1575124071, 0, 4889, 4948, 4314, 19, 14.12%, 0, 0, 6, 92.19
1575124087, 0, 4892, 4948, 4313, 18, 14.12%, 0, 0, 6, 78.05
1575124097, 0, 4892, 4959, 4323, 17, 14.13%, 0, 0, 6, 59.47
1575124102, 0, 4893, 4960, 4324, 20, 14.13%, 0, 0, 6, 85.92
1575124107, 0, 4903, 4960, 4323, 19, 14.13%, 0, 0, 6, 83.98
1575124117, 0, 4908, 4960, 4322, 18, 14.13%, 0, 0, 6, 99.29
1575124122, 0, 4927, 4963, 4324, 17, 14.13%, 0, 0, 6, 81.85
1575124127, 0, 4927, 4965, 4326, 17, 14.13%, 0, 0, 6, 88.64
1575124132, 0, 4927, 4968, 4329, 17, 14.13%, 0, 0, 6, 90.42
1575124137, 0, 4927, 4969, 4330, 17, 14.13%, 0, 0, 6, 103.85
1575124142, 0, 4927, 4970, 4331, 17, 14.13%, 0, 0, 6, 96.97
1575124147, 0, 4927, 4972, 4333, 17, 14.13%, 0, 0, 6, 93.15
1575124153, 0, 4927, 4973, 4334, 17, 14.13%, 0, 0, 6, 85.79
1575124158, 0, 4927, 4975, 4336, 17, 14.13%, 0, 0, 6, 79.45
1575124163, 0, 4927, 4977, 4338, 17, 14.13%, 0, 0, 6, 78.45
1575124168, 0, 4927, 4978, 4339, 17, 14.13%, 0, 0, 6, 81.98
1575124178, 0, 4927, 4980, 4341, 17, 14.13%, 0, 0, 6, 82.33
1575124183, 0, 4927, 4981, 4342, 17, 14.13%, 0, 0, 6, 94.28
1575124203, 0, 4928, 4981, 4341, 17, 14.13%, 0, 0, 6, 95.93
1575124214, 0, 4928, 4993, 4352, 16, 14.13%, 0, 0, 6, 67.05
1575124219, 0, 4928, 5004, 4363, 16, 14.13%, 0, 0, 6, 41.20
1575124224, 0, 4928, 5014, 4373, 16, 14.13%, 0, 0, 6, 35.91
1575124229, 0, 4932, 5016, 4375, 24, 14.13%, 0, 0, 6, 36.59
1575124234, 0, 4932, 5017, 4376, 24, 14.13%, 0, 0, 6, 56.24
1575124239, 0, 4932, 5018, 4377, 24, 14.14%, 0, 0, 6, 70.42
1575124259, 0, 4933, 5018, 4376, 25, 14.14%, 0, 0, 6, 84.69
1575124264, 0, 4933, 5019, 4377, 25, 14.14%, 0, 0, 6, 86.92
1575124280, 0, 4940, 5019, 4376, 24, 14.14%, 0, 0, 6, 80.34
1575124290, 0, 4944, 5019, 4375, 23, 14.14%, 0, 0, 6, 83.03
1575124300, 0, 4950, 5020, 4375, 22, 14.14%, 0, 0, 6, 94.00
1575124315, 0, 4950, 5033, 4387, 21, 14.14%, 0, 0, 6, 54.77
1575124320, 0, 4951, 5038, 4392, 27, 14.15%, 0, 0, 6, 45.23
1575124330, 0, 4957, 5038, 4391, 26, 14.15%, 0, 0, 6, 103.63
1575124341, 0, 4979, 5038, 4390, 25, 14.15%, 0, 0, 6, 76.44
1575124351, 0, 4982, 5038, 4389, 24, 14.15%, 0, 0, 6, 86.54
1575124366, 0, 4986, 5038, 4388, 23, 14.15%, 0, 0, 6, 87.75
1575124371, 0, 4986, 5043, 4393, 23, 14.15%, 0, 0, 6, 81.91
1575124376, 0, 4986, 5045, 4395, 23, 14.15%, 0, 0, 6, 79.24
1575124381, 0, 4986, 5046, 4396, 23, 14.15%, 0, 0, 6, 88.20
1575124386, 0, 4986, 5058, 4407, 22, 14.15%, 0, 0, 6, 56.87
1575124392, 0, 4986, 5072, 4421, 22, 14.15%, 0, 0, 6, 39.64
1575124397, 0, 4989, 5073, 4422, 29, 14.15%, 0, 0, 6, 77.00
1575124407, 0, 4992, 5073, 4421, 28, 14.15%, 0, 0, 6, 72.63
1575124417, 0, 4994, 5073, 4420, 27, 14.15%, 0, 0, 6, 71.93
1575124422, 0, 4994, 5074, 4421, 27, 14.15%, 0, 0, 6, 77.14
1575124427, 0, 4996, 5074, 4420, 27, 14.15%, 0, 0, 6, 85.78
1575124437, 0, 5005, 5074, 4419, 26, 14.15%, 0, 0, 6, 98.51
1575124448, 0, 5005, 5075, 4420, 26, 14.15%, 0, 0, 6, 90.98
1575124453, 0, 5005, 5086, 4430, 25, 14.17%, 0, 0, 6, 56.01
1575124458, 0, 5017, 5092, 4436, 30, 14.17%, 0, 0, 6, 44.81
1575124468, 0, 5017, 5093, 4437, 30, 14.18%, 0, 0, 6, 72.67
1575124478, 0, 5020, 5093, 4436, 29, 14.18%, 0, 0, 6, 85.45
1575124488, 0, 5021, 5093, 4435, 28, 14.18%, 0, 0, 6, 84.67
1575124493, 0, 5022, 5093, 4434, 27, 14.18%, 0, 0, 6, 81.14
1575124509, 0, 5027, 5093, 4433, 26, 14.18%, 0, 0, 6, 81.30
1575124524, 0, 5027, 5109, 4448, 25, 14.18%, 0, 0, 6, 51.87
1575124529, 0, 5032, 5113, 4452, 29, 14.18%, 0, 0, 6, 60.81
1575124539, 0, 5035, 5113, 4451, 28, 14.18%, 0, 0, 6, 70.98
1575124549, 0, 5047, 5113, 4450, 27, 14.18%, 0, 0, 6, 85.70
1575124560, 0, 5052, 5113, 4449, 26, 14.18%, 0, 0, 6, 95.26
1575124565, 0, 5053, 5113, 4448, 25, 14.18%, 0, 0, 6, 88.17
1575124570, 0, 5053, 5116, 4450, 24, 14.19%, 0, 0, 6, 97.75
1575124575, 0, 5053, 5132, 4466, 24, 14.19%, 0, 0, 6, 44.71
1575124580, 0, 5055, 5139, 4473, 28, 14.19%, 0, 0, 6, 66.19
1575124585, 0, 5055, 5141, 4475, 28, 14.19%, 0, 0, 6, 89.29
1575124590, 0, 5058, 5141, 4474, 28, 14.19%, 0, 0, 6, 87.01
1575124595, 0, 5062, 5141, 4473, 27, 14.19%, 0, 0, 6, 88.67
1575124606, 0, 5075, 5142, 4473, 26, 14.19%, 0, 0, 6, 74.58
1575124611, 0, 5075, 5146, 4477, 26, 14.19%, 0, 0, 6, 86.63
1575124621, 0, 5075, 5147, 4478, 26, 14.19%, 0, 0, 6, 96.26
1575124626, 0, 5075, 5148, 4479, 26, 14.20%, 0, 0, 6, 94.09
1575124631, 0, 5075, 5150, 4481, 26, 14.20%, 0, 0, 6, 86.70
1575124656, 0, 5075, 5151, 4482, 26, 14.20%, 0, 0, 6, 93.96
1575124666, 0, 5076, 5151, 4481, 28, 14.20%, 0, 0, 6, 72.41
1575124671, 0, 5076, 5153, 4483, 28, 14.20%, 0, 0, 6, 75.04
1575124682, 0, 5076, 5154, 4484, 28, 14.20%, 0, 0, 6, 87.56
1575124712, 0, 5076, 5160, 4489, 27, 14.20%, 0, 0, 6, 62.43
1575124717, 0, 5076, 5174, 4503, 27, 14.20%, 0, 0, 6, 42.12
1575124722, 0, 5076, 5187, 4516, 27, 14.21%, 0, 0, 6, 40.65
1575124727, 0, 5076, 5192, 4521, 27, 14.21%, 0, 0, 6, 36.16
1575124732, 0, 5079, 5194, 4523, 33, 14.21%, 0, 0, 6, 57.90
1575124743, 0, 5084, 5194, 4522, 32, 14.21%, 0, 0, 6, 83.56
1575124753, 0, 5089, 5195, 4522, 31, 14.21%, 0, 0, 6, 103.61
1575124763, 0, 5092, 5197, 4523, 31, 14.21%, 0, 0, 6, 63.34
1575124768, 0, 5092, 5199, 4525, 31, 14.21%, 0, 0, 6, 70.27
1575124773, 0, 5092, 5200, 4526, 31, 14.22%, 0, 0, 6, 86.11
1575124778, 0, 5092, 5202, 4528, 31, 14.22%, 0, 0, 6, 90.49
1575124789, 0, 5092, 5203, 4529, 31, 14.22%, 0, 0, 6, 76.36
1575124814, 0, 5092, 5204, 4530, 31, 14.22%, 0, 0, 6, 77.31
1575124824, 0, 5092, 5205, 4531, 31, 14.22%, 0, 0, 6, 81.40
1575124829, 0, 5093, 5205, 4530, 37, 14.22%, 0, 0, 6, 77.36
1575124834, 0, 5093, 5206, 4531, 37, 14.22%, 0, 0, 6, 84.28
1575124839, 0, 5093, 5213, 4537, 36, 14.22%, 0, 0, 6, 58.96
1575124845, 0, 5093, 5225, 4549, 36, 14.23%, 0, 0, 6, 41.08
1575124850, 0, 5093, 5230, 4554, 36, 14.23%, 0, 0, 6, 36.14
1575124855, 0, 5100, 5234, 4558, 42, 14.23%, 0, 0, 6, 72.10
1575124870, 0, 5106, 5234, 4557, 41, 14.23%, 0, 0, 6, 84.32
1575124880, 0, 5113, 5234, 4556, 40, 14.23%, 0, 0, 6, 66.88
1575124890, 0, 5114, 5234, 4555, 39, 14.23%, 0, 0, 6, 86.72
1575124901, 0, 5133, 5234, 4554, 38, 14.23%, 0, 0, 6, 96.04
1575124911, 0, 5133, 5237, 4556, 37, 14.23%, 0, 0, 6, 69.32
1575124916, 0, 5136, 5243, 4562, 37, 14.23%, 0, 0, 6, 39.12
1575124926, 0, 5137, 5244, 4562, 37, 14.23%, 0, 0, 6, 73.78
1575124941, 0, 5146, 5244, 4561, 36, 14.23%, 0, 0, 6, 76.92
1575124946, 0, 5146, 5245, 4562, 36, 14.24%, 0, 0, 6, 84.46
1575124957, 0, 5148, 5245, 4561, 36, 14.24%, 0, 0, 6, 82.98
1575124967, 0, 5148, 5246, 4562, 36, 14.24%, 0, 0, 6, 89.31
1575124972, 0, 5153, 5246, 4561, 35, 14.24%, 0, 0, 6, 92.95
1575124977, 0, 5153, 5247, 4561, 34, 14.24%, 0, 0, 6, 93.64
1575124982, 0, 5153, 5258, 4572, 34, 14.24%, 0, 0, 6, 46.87
1575124987, 0, 5154, 5258, 4572, 34, 14.24%, 0, 0, 6, 67.70
1575124992, 0, 5169, 5258, 4571, 33, 14.24%, 0, 0, 6, 78.91
1575125002, 0, 5170, 5258, 4570, 32, 14.24%, 0, 0, 6, 90.49
1575125007, 0, 5172, 5259, 4570, 34, 14.24%, 0, 0, 6, 90.49
1575125023, 0, 5183, 5259, 4569, 33, 14.24%, 0, 0, 6, 82.84
1575125038, 0, 5183, 5266, 4575, 32, 14.24%, 0, 0, 6, 57.76
1575125043, 0, 5186, 5271, 4580, 34, 14.24%, 0, 0, 6, 53.56
1575125053, 0, 5194, 5271, 4579, 34, 14.24%, 0, 0, 6, 84.27
1575125063, 0, 5195, 5271, 4578, 33, 14.24%, 0, 0, 6, 80.56
1575125079, 0, 5196, 5271, 4577, 32, 14.24%, 0, 0, 6, 80.00
1575125094, 0, 5197, 5272, 4577, 31, 14.24%, 0, 0, 6, 73.61
1575125114, 0, 5197, 5275, 4579, 30, 14.24%, 0, 0, 6, 65.36
1575125119, 0, 5198, 5283, 4587, 30, 14.25%, 0, 0, 6, 37.38
1575125125, 0, 5198, 5284, 4588, 30, 14.25%, 0, 0, 6, 61.74
1575125140, 0, 5200, 5285, 4588, 29, 14.25%, 0, 0, 6, 81.45
1575125160, 0, 5207, 5285, 4587, 28, 14.25%, 0, 0, 6, 71.77
1575125171, 0, 5211, 5285, 4586, 27, 14.25%, 0, 0, 6, 63.80
1575125181, 0, 5216, 5285, 4585, 26, 14.25%, 0, 0, 6, 79.36
1575125186, 0, 5216, 5286, 4586, 26, 14.25%, 0, 0, 6, 80.22
1575125196, 0, 5216, 5291, 4590, 25, 14.25%, 0, 0, 6, 65.31
1575125201, 0, 5216, 5297, 4596, 25, 14.25%, 0, 0, 6, 39.68
1575125206, 0, 5216, 5302, 4601, 25, 14.26%, 0, 0, 6, 31.54
1575125211, 0, 5217, 5306, 4605, 29, 14.26%, 0, 0, 6, 42.55
1575125217, 0, 5217, 5307, 4606, 29, 14.26%, 0, 0, 6, 72.90
1575125222, 0, 5218, 5307, 4605, 28, 14.26%, 0, 0, 6, 76.92
1575125232, 0, 5230, 5307, 4604, 27, 14.26%, 0, 0, 6, 91.53
1575125237, 0, 5231, 5307, 4603, 26, 14.26%, 0, 0, 6, 87.20
1575125247, 0, 5231, 5308, 4604, 26, 14.26%, 0, 0, 6, 79.56
1575125252, 0, 5233, 5308, 4603, 25, 14.26%, 0, 0, 6, 93.12
1575125262, 0, 5233, 5311, 4605, 24, 14.26%, 0, 0, 6, 76.02
1575125267, 0, 5233, 5318, 4612, 24, 14.27%, 0, 0, 6, 42.47
1575125273, 0, 5233, 5322, 4616, 24, 14.27%, 0, 0, 6, 31.28
1575125278, 0, 5241, 5322, 4616, 29, 14.27%, 0, 0, 6, 55.18
1575125288, 0, 5243, 5322, 4615, 28, 14.27%, 0, 0, 6, 59.14
1575125303, 0, 5244, 5322, 4614, 27, 14.27%, 0, 0, 6, 87.97
1575125313, 0, 5247, 5322, 4613, 26, 14.27%, 0, 0, 6, 82.35
1575125324, 0, 5250, 5322, 4612, 25, 14.27%, 0, 0, 6, 69.34
1575125329, 0, 5250, 5323, 4613, 25, 14.27%, 0, 0, 6, 71.18
1575125339, 0, 5250, 5327, 4616, 24, 14.27%, 0, 0, 6, 80.54
1575125344, 0, 5250, 5340, 4629, 24, 14.27%, 0, 0, 6, 47.39
1575125349, 0, 5258, 5343, 4632, 27, 14.27%, 0, 0, 6, 55.13
1575125359, 0, 5261, 5343, 4631, 26, 14.27%, 0, 0, 6, 72.36
1575125369, 0, 5288, 5343, 4630, 25, 14.27%, 0, 0, 6, 77.09
1575125374, 0, 5288, 5344, 4631, 25, 14.27%, 0, 0, 6, 89.06
1575125379, 0, 5291, 5344, 4630, 24, 14.27%, 0, 0, 6, 80.39
1575125395, 0, 5292, 5344, 4629, 23, 14.27%, 0, 0, 6, 77.77
1575125405, 0, 5292, 5351, 4635, 22, 14.27%, 0, 0, 6, 25.02
1575125410, 0, 5297, 5351, 4634, 22, 14.27%, 0, 0, 6, 69.89
1575125425, 0, 5312, 5352, 4634, 21, 14.27%, 0, 0, 6, 68.56
1575125435, 0, 5317, 5352, 4633, 20, 14.27%, 0, 0, 6, 69.99
1575125451, 0, 5321, 5352, 4632, 19, 14.27%, 0, 0, 6, 72.65
1575125461, 0, 5321, 5364, 4643, 18, 14.27%, 0, 0, 6, 59.08
1575125466, 0, 5325, 5372, 4651, 22, 14.27%, 0, 0, 6, 47.47
1575125481, 0, 5326, 5372, 4650, 21, 14.27%, 0, 0, 6, 70.76
1575125491, 0, 5334, 5373, 4650, 20, 14.27%, 0, 0, 6, 84.15
1575125502, 0, 5335, 5373, 4649, 19, 14.27%, 0, 0, 6, 66.78
1575125517, 0, 5336, 5373, 4648, 18, 14.27%, 0, 0, 6, 71.63
1575125527, 0, 5336, 5379, 4653, 17, 14.27%, 0, 0, 6, 57.46
1575125532, 0, 5338, 5383, 4657, 20, 14.27%, 0, 0, 6, 63.09
1575125542, 0, 5341, 5383, 4656, 19, 14.27%, 0, 0, 6, 76.46
1575125552, 0, 5350, 5383, 4655, 18, 14.27%, 0, 0, 6, 91.95
1575125557, 0, 5356, 5383, 4654, 17, 14.27%, 0, 0, 6, 77.66
1575125573, 0, 5358, 5383, 4653, 16, 14.27%, 0, 0, 6, 71.27
1575125578, 0, 5358, 5385, 4655, 16, 14.28%, 0, 0, 6, 74.87
1575125588, 0, 5358, 5386, 4656, 16, 14.28%, 0, 0, 6, 84.10
1575125603, 0, 5358, 5388, 4658, 16, 14.28%, 0, 0, 6, 73.87
1575125613, 0, 5358, 5389, 4659, 16, 14.28%, 0, 0, 6, 75.32
1575125623, 0, 5358, 5391, 4661, 16, 14.28%, 0, 0, 6, 77.33
