# unix_time, cycles_done, cur_path, paths_total, pending_total, pending_favs, map_size, unique_crashes, unique_hangs, max_depth, execs_per_sec
1574713296, 0, 0, 5, 5, 5, 10.15%, 0, 0, 1, 108.70
1574713301, 0, 0, 67, 67, 5, 10.85%, 0, 0, 2, 173.53
1574713306, 0, 0, 119, 119, 5, 11.23%, 0, 0, 2, 166.46
1574713311, 0, 0, 155, 155, 5, 11.29%, 0, 0, 2, 157.10
1574713316, 0, 0, 175, 175, 5, 11.31%, 0, 0, 2, 162.22
1574713322, 0, 0, 185, 185, 5, 11.32%, 0, 0, 2, 133.24
1574713327, 0, 0, 189, 189, 5, 11.32%, 0, 0, 2, 122.66
1574713332, 0, 0, 195, 195, 5, 11.38%, 0, 0, 2, 118.83
1574713337, 0, 0, 199, 199, 5, 11.38%, 0, 0, 2, 19.05
1574713342, 0, 0, 203, 203, 5, 11.39%, 0, 0, 2, 119.01
1574713347, 0, 0, 216, 216, 5, 11.41%, 0, 0, 2, 107.80
1574713352, 0, 0, 218, 218, 5, 11.41%, 0, 0, 2, 115.82
1574713357, 0, 0, 224, 224, 5, 11.45%, 0, 0, 2, 94.09
1574713362, 0, 0, 228, 228, 5, 11.46%, 0, 0, 2, 59.90
1574713378, 0, 0, 234, 234, 5, 11.47%, 0, 0, 2, 90.63
1574713383, 0, 0, 235, 235, 5, 11.47%, 0, 0, 2, 117.62
1574713388, 0, 0, 237, 237, 5, 11.47%, 0, 0, 2, 91.19
1574713393, 0, 0, 238, 238, 5, 11.47%, 0, 0, 2, 99.25
1574713398, 0, 0, 248, 248, 5, 11.50%, 0, 0, 2, 131.43
1574713404, 0, 0, 252, 252, 5, 11.51%, 0, 0, 2, 92.86
1574713409, 0, 0, 253, 253, 5, 11.51%, 0, 0, 2, 88.70
1574713419, 0, 0, 260, 260, 5, 11.51%, 0, 0, 2, 132.22
1574713440, 0, 0, 262, 262, 5, 11.52%, 0, 0, 2, 83.66
1574713445, 0, 0, 266, 266, 5, 11.52%, 0, 0, 2, 117.28
1574713460, 0, 0, 268, 268, 5, 11.53%, 0, 0, 2, 96.54
1574713465, 0, 0, 271, 271, 5, 11.53%, 0, 0, 2, 106.48
1574713470, 0, 0, 280, 280, 5, 11.53%, 0, 0, 2, 149.98
1574713475, 0, 0, 282, 282, 5, 11.54%, 0, 0, 2, 130.55
1574713480, 0, 0, 285, 285, 5, 11.54%, 0, 0, 2, 13.11
1574713486, 0, 0, 286, 286, 5, 11.54%, 0, 0, 2, 157.92
1574713491, 0, 0, 288, 288, 5, 11.54%, 0, 0, 2, 139.49
1574713511, 0, 0, 289, 289, 5, 11.54%, 0, 0, 2, 193.62
1574713516, 0, 0, 291, 291, 5, 11.54%, 0, 0, 2, 156.94
1574713537, 0, 0, 293, 293, 5, 11.54%, 0, 0, 2, 163.31
1574713562, 0, 0, 295, 295, 5, 11.54%, 0, 0, 2, 192.92
1574713567, 0, 0, 298, 298, 5, 11.54%, 0, 0, 2, 155.41
1574713572, 0, 0, 301, 301, 5, 11.55%, 0, 0, 2, 127.95
1574713577, 0, 0, 315, 315, 5, 11.60%, 0, 0, 2, 151.97
1574713583, 0, 0, 352, 352, 5, 11.62%, 0, 0, 2, 190.32
1574713588, 0, 0, 369, 369, 5, 11.64%, 0, 0, 2, 213.81
1574713593, 0, 0, 385, 385, 5, 11.67%, 0, 0, 2, 214.04
1574713598, 0, 0, 403, 403, 5, 11.67%, 0, 0, 2, 211.19
1574713603, 0, 0, 420, 420, 5, 11.69%, 0, 0, 2, 216.95
1574713608, 0, 0, 428, 428, 5, 11.69%, 0, 0, 2, 231.53
1574713613, 0, 0, 441, 441, 5, 11.70%, 0, 0, 2, 210.68
1574713618, 0, 0, 446, 446, 5, 11.70%, 0, 0, 2, 213.08
1574713623, 0, 0, 450, 450, 5, 11.70%, 0, 0, 2, 219.84
1574713628, 0, 0, 460, 460, 5, 11.70%, 0, 0, 2, 209.03
1574713633, 0, 0, 468, 468, 5, 11.71%, 0, 0, 2, 209.09
1574713638, 0, 0, 473, 473, 5, 11.71%, 0, 0, 2, 215.67
1574713643, 0, 0, 480, 480, 5, 11.74%, 0, 0, 2, 217.03
1574713649, 0, 0, 486, 486, 5, 11.74%, 0, 0, 2, 210.07
1574713654, 0, 0, 494, 494, 5, 11.75%, 0, 0, 2, 202.98
1574713659, 0, 0, 501, 501, 5, 11.75%, 0, 0, 2, 221.87
1574713664, 0, 0, 504, 504, 5, 11.75%, 0, 0, 2, 222.44
1574713669, 0, 0, 506, 506, 5, 11.76%, 0, 0, 2, 222.88
1574713674, 0, 0, 509, 509, 5, 11.76%, 0, 0, 2, 216.90
1574713679, 0, 0, 511, 511, 5, 11.76%, 0, 0, 2, 220.06
1574713684, 0, 0, 516, 516, 5, 11.76%, 0, 0, 2, 220.46
1574713689, 0, 0, 519, 519, 5, 11.76%, 0, 0, 2, 220.26
1574713694, 0, 0, 522, 522, 5, 11.76%, 0, 0, 2, 221.33
1574713699, 0, 0, 527, 527, 5, 11.76%, 0, 0, 2, 215.55
1574713704, 0, 0, 530, 530, 5, 11.76%, 0, 0, 2, 222.33
1574713709, 0, 0, 534, 534, 5, 11.76%, 0, 0, 2, 216.96
1574713714, 0, 0, 535, 535, 5, 11.76%, 0, 0, 2, 222.19
1574713720, 0, 0, 541, 541, 5, 11.76%, 0, 0, 2, 224.64
1574713725, 0, 0, 545, 545, 5, 11.77%, 0, 0, 2, 219.12
1574713730, 0, 0, 549, 549, 5, 11.77%, 0, 0, 2, 221.43
1574713735, 0, 0, 552, 552, 5, 11.77%, 0, 0, 2, 222.09
1574713740, 0, 0, 566, 565, 4, 12.03%, 0, 0, 2, 174.09
1574713745, 0, 0, 620, 619, 4, 12.73%, 0, 0, 2, 113.77
1574713750, 0, 0, 670, 669, 4, 12.96%, 0, 0, 2, 92.21
1574713755, 0, 0, 701, 700, 4, 13.20%, 0, 0, 2, 79.59
1574713760, 0, 0, 739, 738, 4, 13.24%, 0, 0, 2, 78.09
1574713765, 0, 0, 789, 788, 4, 13.33%, 0, 0, 2, 95.94
1574713770, 0, 0, 828, 827, 4, 13.43%, 0, 0, 2, 76.79
1574713775, 0, 0, 865, 864, 4, 13.56%, 0, 0, 2, 79.19
1574713781, 0, 0, 915, 914, 4, 13.60%, 0, 0, 2, 92.25
1574713786, 0, 0, 963, 962, 4, 13.69%, 0, 0, 2, 93.79
1574713791, 0, 0, 1005, 1004, 4, 13.75%, 0, 0, 2, 76.29
1574713796, 0, 0, 1044, 1043, 4, 13.76%, 0, 0, 2, 78.88
1574713801, 0, 0, 1084, 1083, 4, 13.78%, 0, 0, 2, 82.98
1574713806, 0, 0, 1126, 1125, 4, 13.81%, 0, 0, 2, 87.64
1574713811, 0, 0, 1173, 1172, 4, 13.84%, 0, 0, 2, 97.17
1574713816, 0, 0, 1214, 1213, 4, 13.88%, 0, 0, 2, 92.28
1574713821, 0, 0, 1252, 1251, 4, 13.90%, 0, 0, 2, 81.07
1574713827, 0, 0, 1267, 1266, 4, 13.90%, 0, 0, 2, 70.35
1574713832, 0, 0, 1278, 1277, 4, 13.90%, 0, 0, 2, 89.57
1574713837, 0, 0, 1301, 1300, 4, 13.97%, 0, 0, 2, 89.01
1574713842, 0, 0, 1314, 1313, 4, 13.97%, 0, 0, 2, 94.84
1574713847, 0, 0, 1332, 1331, 4, 14.00%, 0, 0, 2, 91.26
1574713852, 0, 0, 1345, 1344, 4, 14.04%, 0, 0, 2, 102.02
1574713857, 0, 0, 1353, 1352, 4, 14.05%, 0, 0, 2, 5.13
1574713862, 0, 0, 1363, 1362, 4, 14.05%, 0, 0, 2, 78.22
1574713868, 0, 0, 1378, 1377, 4, 14.08%, 0, 0, 2, 78.11
1574713873, 0, 0, 1388, 1387, 4, 14.09%, 0, 0, 2, 75.86
1574713878, 0, 41, 1392, 1391, 226, 14.09%, 0, 0, 2, 169.90
1574713888, 0, 41, 1393, 1392, 226, 14.09%, 0, 0, 3, 236.96
1574713904, 0, 101, 1393, 1391, 226, 14.09%, 0, 0, 3, 212.78
1574713909, 0, 101, 1394, 1392, 226, 14.09%, 0, 0, 3, 134.56
1574714144, 0, 101, 1395, 1393, 226, 14.09%, 0, 0, 3, 122.40
1574714159, 0, 101, 1396, 1394, 226, 14.09%, 0, 0, 3, 203.52
1574714164, 0, 102, 1396, 1393, 226, 14.09%, 0, 0, 3, 214.29
1574714261, 0, 102, 1397, 1394, 226, 14.09%, 0, 0, 3, 244.34
1574714266, 0, 112, 1397, 1393, 223, 14.09%, 0, 0, 3, 158.44
1574714506, 0, 112, 1398, 1394, 223, 14.09%, 0, 0, 3, 144.42
1574714527, 0, 119, 1398, 1393, 222, 14.09%, 0, 0, 3, 14.41
1574714537, 0, 119, 1399, 1394, 222, 14.09%, 0, 0, 3, 104.17
1574714547, 0, 119, 1400, 1395, 222, 14.09%, 0, 0, 3, 97.40
1574714783, 0, 119, 1408, 1402, 221, 14.25%, 0, 0, 3, 178.74
1574714788, 0, 119, 1453, 1447, 221, 14.43%, 0, 0, 3, 101.06
1574714793, 0, 119, 1503, 1497, 221, 14.74%, 0, 0, 3, 89.30
1574714798, 0, 119, 1546, 1540, 221, 14.76%, 0, 0, 3, 82.09
1574714803, 0, 119, 1585, 1579, 221, 14.79%, 0, 0, 3, 69.17
1574714808, 0, 119, 1613, 1607, 221, 14.80%, 0, 0, 3, 53.50
1574714813, 0, 119, 1649, 1643, 221, 14.84%, 0, 0, 3, 62.93
1574714818, 0, 119, 1685, 1679, 221, 14.90%, 0, 0, 3, 71.22
1574714823, 0, 119, 1728, 1722, 221, 14.94%, 0, 0, 3, 74.73
1574714828, 0, 119, 1761, 1755, 221, 14.98%, 0, 0, 3, 64.57
1574714834, 0, 119, 1803, 1797, 221, 15.06%, 0, 0, 3, 114.89
1574714839, 0, 119, 1832, 1826, 221, 15.22%, 0, 0, 3, 33.71
1574714844, 0, 119, 1872, 1866, 221, 15.23%, 0, 0, 3, 69.17
1574714849, 0, 119, 1922, 1916, 221, 15.25%, 0, 0, 3, 89.31
1574714854, 0, 119, 1963, 1957, 221, 15.28%, 0, 0, 3, 82.25
1574714859, 0, 119, 2003, 1997, 221, 15.29%, 0, 0, 3, 75.96
1574714864, 0, 119, 2038, 2032, 221, 15.32%, 0, 0, 3, 69.45
1574714870, 0, 119, 2070, 2064, 221, 15.39%, 0, 0, 3, 59.55
1574714875, 0, 119, 2108, 2102, 221, 15.43%, 0, 0, 3, 23.63
1574714880, 0, 119, 2123, 2117, 221, 15.45%, 0, 0, 3, 62.03
1574714885, 0, 119, 2129, 2123, 221, 15.45%, 0, 0, 3, 65.39
1574714890, 0, 119, 2142, 2136, 221, 15.46%, 0, 0, 3, 56.05
1574714895, 0, 119, 2151, 2145, 221, 15.46%, 0, 0, 3, 61.16
1574714900, 0, 119, 2161, 2155, 221, 15.46%, 0, 0, 3, 70.23
1574714905, 0, 119, 2167, 2161, 221, 15.46%, 0, 0, 3, 81.43
1574714911, 0, 119, 2171, 2165, 221, 15.47%, 0, 0, 3, 1.97
1574714916, 0, 137, 2176, 2170, 284, 15.48%, 0, 0, 3, 99.02
1574714921, 0, 137, 2177, 2171, 284, 15.48%, 0, 0, 3, 107.86
1574714926, 0, 137, 2178, 2172, 284, 15.51%, 0, 0, 3, 92.07
1574715175, 0, 137, 2179, 2173, 284, 15.51%, 0, 0, 3, 116.91
1574715185, 0, 155, 2179, 2172, 285, 15.51%, 0, 0, 3, 214.34
1574715333, 0, 157, 2179, 2171, 284, 15.51%, 0, 0, 3, 223.48
1574715344, 0, 157, 2180, 2172, 284, 15.51%, 0, 0, 3, 99.54
1574715349, 0, 157, 2181, 2173, 284, 15.51%, 0, 0, 3, 88.56
1574715614, 0, 157, 2182, 2174, 284, 15.51%, 0, 0, 3, 192.79
1574715619, 0, 158, 2182, 2173, 283, 15.51%, 0, 0, 3, 130.31
1574715624, 0, 158, 2183, 2174, 283, 15.51%, 0, 0, 3, 109.93
1574715884, 0, 181, 2183, 2173, 282, 15.51%, 0, 0, 3, 137.23
1574715889, 0, 181, 2184, 2174, 282, 15.51%, 0, 0, 3, 106.19
1574715904, 0, 181, 2185, 2175, 282, 15.51%, 0, 0, 3, 110.98
1574716007, 0, 181, 2186, 2176, 282, 15.51%, 0, 0, 3, 100.94
1574716175, 0, 181, 2213, 2202, 281, 15.81%, 0, 0, 3, 115.94
1574716180, 0, 181, 2242, 2231, 281, 15.92%, 0, 0, 3, 10.65
1574716185, 0, 181, 2274, 2263, 281, 16.01%, 0, 0, 3, 59.55
1574716190, 0, 181, 2302, 2291, 281, 16.04%, 0, 0, 3, 54.36
1574716195, 0, 181, 2328, 2317, 281, 16.05%, 0, 0, 3, 48.24
1574716200, 0, 181, 2357, 2346, 281, 16.09%, 0, 0, 3, 48.94
1574716206, 0, 181, 2388, 2377, 281, 16.13%, 0, 0, 3, 54.14
1574716211, 0, 181, 2418, 2407, 281, 16.17%, 0, 0, 3, 50.72
1574716216, 0, 181, 2438, 2427, 281, 16.20%, 0, 0, 3, 45.14
1574716221, 0, 181, 2462, 2451, 281, 16.21%, 0, 0, 3, 42.63
1574716226, 0, 181, 2493, 2482, 281, 16.22%, 0, 0, 3, 52.27
1574716231, 0, 181, 2524, 2513, 281, 16.24%, 0, 0, 3, 52.41
1574716236, 0, 181, 2557, 2546, 281, 16.25%, 0, 0, 3, 60.53
1574716242, 0, 181, 2589, 2578, 281, 16.28%, 0, 0, 3, 58.34
1574716247, 0, 181, 2623, 2612, 281, 16.28%, 0, 0, 3, 55.56
1574716252, 0, 181, 2647, 2636, 281, 16.28%, 0, 0, 3, 48.28
1574716257, 0, 181, 2682, 2671, 281, 16.33%, 0, 0, 3, 62.70
1574716262, 0, 181, 2711, 2700, 281, 16.39%, 0, 0, 3, 57.87
1574716267, 0, 181, 2742, 2731, 281, 16.46%, 0, 0, 3, 59.80
1574716272, 0, 181, 2770, 2759, 281, 16.48%, 0, 0, 3, 53.04
1574716277, 0, 181, 2799, 2788, 281, 16.50%, 0, 0, 3, 53.40
1574716283, 0, 181, 2829, 2818, 281, 16.50%, 0, 0, 3, 57.89
1574716288, 0, 181, 2852, 2841, 281, 16.54%, 0, 0, 3, 51.94
1574716293, 0, 181, 2890, 2879, 281, 16.55%, 0, 0, 3, 71.07
1574716298, 0, 181, 2928, 2917, 281, 16.56%, 0, 0, 3, 72.67
1574716303, 0, 181, 2962, 2951, 281, 16.59%, 0, 0, 3, 66.81
1574716308, 0, 181, 2987, 2976, 281, 16.61%, 0, 0, 3, 61.32
1574716313, 0, 181, 2996, 2985, 281, 16.61%, 0, 0, 3, 57.88
1574716318, 0, 181, 3004, 2993, 281, 16.61%, 0, 0, 3, 54.78
1574716323, 0, 181, 3015, 3004, 281, 16.61%, 0, 0, 3, 50.48
1574716328, 0, 181, 3027, 3016, 281, 16.61%, 0, 0, 3, 53.82
1574716334, 0, 181, 3038, 3027, 281, 16.63%, 0, 0, 3, 55.03
1574716339, 0, 181, 3049, 3038, 281, 16.65%, 0, 0, 3, 55.14
1574716344, 0, 181, 3057, 3046, 281, 16.65%, 0, 0, 3, 65.11
1574716349, 0, 181, 3062, 3051, 281, 16.66%, 0, 0, 3, 66.13
1574716354, 0, 181, 3070, 3059, 281, 16.66%, 0, 0, 3, 62.71
1574716359, 0, 181, 3073, 3062, 281, 16.67%, 0, 0, 3, 71.50
1574716364, 0, 181, 3081, 3070, 281, 16.68%, 0, 0, 3, 60.16
1574716369, 0, 230, 3083, 3072, 350, 16.68%, 0, 0, 3, 88.27
1574716405, 0, 230, 3084, 3073, 350, 16.68%, 0, 0, 3, 88.07
1574716691, 0, 232, 3084, 3072, 349, 16.68%, 0, 0, 3, 187.35
1574717065, 0, 249, 3084, 3071, 348, 16.68%, 0, 0, 3, 148.24
1574717351, 0, 250, 3084, 3070, 347, 16.68%, 0, 0, 3, 204.70
1574717627, 0, 250, 3085, 3071, 347, 16.68%, 0, 0, 3, 113.15
1574717647, 0, 251, 3085, 3070, 346, 16.68%, 0, 0, 3, 190.13
1574717922, 0, 251, 3086, 3071, 346, 16.68%, 0, 0, 3, 118.98
1574717948, 0, 251, 3094, 3078, 345, 16.69%, 0, 0, 3, 152.84
1574717953, 0, 251, 3119, 3103, 345, 16.74%, 0, 0, 3, 70.43
1574717958, 0, 251, 3152, 3136, 345, 16.79%, 0, 0, 3, 61.64
1574717963, 0, 251, 3182, 3166, 345, 16.84%, 0, 0, 3, 57.15
1574717968, 0, 251, 3217, 3201, 345, 16.93%, 0, 0, 3, 62.20
1574717973, 0, 251, 3251, 3235, 345, 16.98%, 0, 0, 3, 61.54
1574717979, 0, 251, 3284, 3268, 345, 17.01%, 0, 0, 3, 38.60
1574717984, 0, 251, 3316, 3300, 345, 17.02%, 0, 0, 3, 57.01
1574717989, 0, 251, 3344, 3328, 345, 17.03%, 0, 0, 3, 49.66
1574717994, 0, 251, 3370, 3354, 345, 17.30%, 0, 0, 3, 45.54
1574717999, 0, 251, 3396, 3380, 345, 17.31%, 0, 0, 3, 49.28
1574718004, 0, 251, 3424, 3408, 345, 17.32%, 0, 0, 3, 50.53
1574718009, 0, 251, 3452, 3436, 345, 17.34%, 0, 0, 3, 54.34
1574718014, 0, 251, 3478, 3462, 345, 17.35%, 0, 0, 3, 6.61
1574718019, 0, 251, 3506, 3490, 345, 17.35%, 0, 0, 3, 50.82
1574718024, 0, 251, 3533, 3517, 345, 17.38%, 0, 0, 3, 51.39
1574718029, 0, 251, 3560, 3544, 345, 17.42%, 0, 0, 3, 50.30
1574718034, 0, 251, 3586, 3570, 345, 17.43%, 0, 0, 3, 50.65
1574718040, 0, 251, 3614, 3598, 345, 17.43%, 0, 0, 3, 51.92
1574718045, 0, 251, 3642, 3626, 345, 17.44%, 0, 0, 3, 52.39
1574718050, 0, 251, 3676, 3660, 345, 17.48%, 0, 0, 3, 61.14
1574718055, 0, 251, 3701, 3685, 345, 17.48%, 0, 0, 3, 54.06
1574718060, 0, 251, 3734, 3718, 345, 17.49%, 0, 0, 3, 58.67
1574718065, 0, 251, 3763, 3747, 345, 17.49%, 0, 0, 3, 57.26
1574718070, 0, 251, 3794, 3778, 345, 17.50%, 0, 0, 3, 58.43
1574718075, 0, 251, 3820, 3804, 345, 17.50%, 0, 0, 3, 50.77
1574718080, 0, 251, 3846, 3830, 345, 17.53%, 0, 0, 3, 52.20
1574718085, 0, 251, 3876, 3860, 345, 17.54%, 0, 0, 3, 57.69
1574718090, 0, 251, 3901, 3885, 345, 17.55%, 0, 0, 3, 45.81
1574718095, 0, 251, 3924, 3908, 345, 17.55%, 0, 0, 3, 50.04
1574718100, 0, 251, 3929, 3913, 345, 17.55%, 0, 0, 3, 57.46
1574718105, 0, 251, 3937, 3921, 345, 17.55%, 0, 0, 3, 54.74
1574718110, 0, 251, 3947, 3931, 345, 17.55%, 0, 0, 3, 55.43
1574718116, 0, 251, 3954, 3938, 345, 17.55%, 0, 0, 3, 49.65
1574718121, 0, 251, 3965, 3949, 345, 17.55%, 0, 0, 3, 52.36
1574718126, 0, 251, 3973, 3957, 345, 17.55%, 0, 0, 3, 34.07
1574718131, 0, 251, 3976, 3960, 345, 17.55%, 0, 0, 3, 52.64
1574718136, 0, 251, 3979, 3963, 345, 17.55%, 0, 0, 3, 56.61
1574718141, 0, 251, 3984, 3968, 345, 17.55%, 0, 0, 3, 52.52
1574718146, 0, 251, 3989, 3973, 345, 17.55%, 0, 0, 3, 58.38
1574718151, 0, 267, 3992, 3976, 376, 17.55%, 0, 0, 3, 110.11
1574718283, 0, 267, 3993, 3977, 376, 17.55%, 0, 0, 3, 232.05
1574718289, 0, 267, 3994, 3978, 376, 17.55%, 0, 0, 3, 230.67
1574718304, 0, 270, 3994, 3977, 376, 17.55%, 0, 0, 3, 144.29
1574718345, 0, 270, 3995, 3978, 376, 17.55%, 0, 0, 3, 96.95
1574718591, 0, 303, 3995, 3977, 376, 17.55%, 0, 0, 3, 197.48
1574718601, 0, 303, 3996, 3978, 376, 17.55%, 0, 0, 3, 96.33
1574718881, 0, 305, 3996, 3977, 375, 17.55%, 0, 0, 3, 224.19
1574718968, 0, 312, 3996, 3976, 375, 17.55%, 0, 0, 3, 231.45
1574719044, 0, 312, 4007, 3986, 374, 17.56%, 0, 0, 3, 63.24
1574719049, 0, 312, 4033, 4012, 374, 17.59%, 0, 0, 3, 48.89
1574719054, 0, 312, 4056, 4035, 374, 17.63%, 0, 0, 3, 43.60
1574719059, 0, 312, 4078, 4057, 374, 17.66%, 0, 0, 3, 41.07
1574719065, 0, 312, 4106, 4085, 374, 17.72%, 0, 0, 3, 48.14
1574719070, 0, 312, 4125, 4104, 374, 17.73%, 0, 0, 3, 12.66
1574719075, 0, 312, 4144, 4123, 374, 17.75%, 0, 0, 3, 32.16
1574719080, 0, 312, 4163, 4142, 374, 17.76%, 0, 0, 3, 33.32
1574719085, 0, 312, 4190, 4169, 374, 17.77%, 0, 0, 3, 44.59
1574719090, 0, 312, 4211, 4190, 374, 17.79%, 0, 0, 3, 40.96
1574719095, 0, 312, 4236, 4215, 374, 17.88%, 0, 0, 3, 50.58
1574719100, 0, 312, 4258, 4237, 374, 17.89%, 0, 0, 3, 42.57
1574719106, 0, 312, 4280, 4259, 374, 17.89%, 0, 0, 3, 52.84
1574719111, 0, 312, 4304, 4283, 374, 17.93%, 0, 0, 3, 48.59
1574719116, 0, 312, 4330, 4309, 374, 17.94%, 0, 0, 3, 48.82
1574719121, 0, 312, 4353, 4332, 374, 17.95%, 0, 0, 3, 45.03
1574719126, 0, 312, 4375, 4354, 374, 17.97%, 0, 0, 3, 44.96
1574719131, 0, 312, 4399, 4378, 374, 17.97%, 0, 0, 3, 42.16
1574719136, 0, 312, 4420, 4399, 374, 17.99%, 0, 0, 3, 39.48
1574719141, 0, 312, 4440, 4419, 374, 18.00%, 0, 0, 3, 36.52
1574719147, 0, 312, 4461, 4440, 374, 18.01%, 0, 0, 3, 39.94
1574719152, 0, 312, 4479, 4458, 374, 18.01%, 0, 0, 3, 46.23
1574719157, 0, 312, 4488, 4467, 374, 18.01%, 0, 0, 3, 37.31
1574719162, 0, 312, 4496, 4475, 374, 18.01%, 0, 0, 3, 37.12
1574719167, 0, 312, 4504, 4483, 374, 18.01%, 0, 0, 3, 42.44
1574719172, 0, 312, 4513, 4492, 374, 18.01%, 0, 0, 3, 0.00
1574719177, 0, 312, 4519, 4498, 374, 18.01%, 0, 0, 3, 30.87
1574719183, 0, 312, 4524, 4503, 374, 18.01%, 0, 0, 3, 38.19
1574719188, 0, 312, 4526, 4505, 374, 18.01%, 0, 0, 3, 40.04
1574719193, 0, 312, 4529, 4508, 374, 18.01%, 0, 0, 3, 32.77
1574719198, 0, 312, 4532, 4511, 374, 18.01%, 0, 0, 3, 38.38
1574719203, 0, 312, 4536, 4515, 374, 18.01%, 0, 0, 3, 35.56
1574719208, 0, 339, 4537, 4516, 405, 18.01%, 0, 0, 3, 236.55
1574719269, 0, 372, 4537, 4515, 404, 18.01%, 0, 0, 3, 240.23
1574719382, 0, 390, 4537, 4514, 403, 18.01%, 0, 0, 3, 239.10
1574719463, 0, 405, 4537, 4513, 402, 18.01%, 0, 0, 3, 163.20
1574719468, 0, 405, 4538, 4514, 402, 18.01%, 0, 0, 3, 124.19
1574719478, 0, 405, 4539, 4515, 402, 18.02%, 0, 0, 3, 100.49
1574719714, 0, 405, 4540, 4516, 402, 18.02%, 0, 0, 3, 141.54
1574719744, 0, 411, 4540, 4515, 403, 18.02%, 0, 0, 3, 207.39
1574719822, 0, 411, 4553, 4527, 402, 18.03%, 0, 0, 3, 154.02
1574719827, 0, 411, 4577, 4551, 402, 18.09%, 0, 0, 3, 35.97
1574719832, 0, 411, 4603, 4577, 402, 18.18%, 0, 0, 3, 45.91
1574719837, 0, 411, 4631, 4605, 402, 18.21%, 0, 0, 3, 49.93
1574719842, 0, 411, 4652, 4626, 402, 18.22%, 0, 0, 3, 48.86
1574719847, 0, 411, 4679, 4653, 402, 18.22%, 0, 0, 3, 45.02
1574719852, 0, 411, 4700, 4674, 402, 18.24%, 0, 0, 3, 42.74
1574719857, 0, 411, 4728, 4702, 402, 18.25%, 0, 0, 3, 48.91
1574719862, 0, 411, 4751, 4725, 402, 18.25%, 0, 0, 3, 45.97
1574719867, 0, 411, 4777, 4751, 402, 18.26%, 0, 0, 3, 50.39
1574719873, 0, 411, 4791, 4765, 402, 18.26%, 0, 0, 3, 49.84
1574719878, 0, 411, 4794, 4768, 402, 18.26%, 0, 0, 3, 20.85
1574719883, 0, 411, 4797, 4771, 402, 18.26%, 0, 0, 3, 43.11
1574719888, 0, 412, 4800, 4774, 411, 18.26%, 0, 0, 3, 141.28
1574719954, 0, 415, 4800, 4773, 410, 18.26%, 0, 0, 3, 227.81
1574720015, 0, 423, 4800, 4772, 409, 18.26%, 0, 0, 3, 227.49
1574720143, 0, 466, 4800, 4771, 409, 18.26%, 0, 0, 3, 229.87
1574720300, 0, 479, 4800, 4770, 408, 18.26%, 0, 0, 3, 158.19
1574720653, 0, 479, 4809, 4778, 407, 18.62%, 0, 0, 3, 36.14
1574720658, 0, 479, 4835, 4804, 407, 18.64%, 0, 0, 3, 46.08
1574720663, 0, 479, 4859, 4828, 407, 18.65%, 0, 0, 3, 42.76
1574720669, 0, 479, 4884, 4853, 407, 18.67%, 0, 0, 3, 46.71
1574720674, 0, 479, 4910, 4879, 407, 18.68%, 0, 0, 3, 48.09
1574720679, 0, 479, 4933, 4902, 407, 18.68%, 0, 0, 3, 40.43
1574720684, 0, 479, 4956, 4925, 407, 18.68%, 0, 0, 3, 61.22
1574720689, 0, 479, 4980, 4949, 407, 18.69%, 0, 0, 3, 47.33
1574720694, 0, 479, 5005, 4974, 407, 18.69%, 0, 0, 3, 42.40
1574720699, 0, 479, 5031, 5000, 407, 18.69%, 0, 0, 3, 48.57
1574720704, 0, 479, 5058, 5027, 407, 18.69%, 0, 0, 3, 49.69
1574720710, 0, 479, 5081, 5050, 407, 18.70%, 0, 0, 3, 47.30
1574720715, 0, 479, 5104, 5073, 407, 18.70%, 0, 0, 3, 42.32
1574720720, 0, 479, 5125, 5094, 407, 18.70%, 0, 0, 3, 39.43
1574720725, 0, 479, 5147, 5116, 407, 18.71%, 0, 0, 3, 42.17
1574720730, 0, 479, 5172, 5141, 407, 18.71%, 0, 0, 3, 47.83
1574720735, 0, 479, 5185, 5154, 407, 18.71%, 0, 0, 3, 45.75
1574720740, 0, 479, 5190, 5159, 407, 18.71%, 0, 0, 3, 38.45
1574720746, 0, 479, 5198, 5167, 407, 18.71%, 0, 0, 3, 38.49
1574720751, 0, 479, 5204, 5173, 407, 18.71%, 0, 0, 3, 42.58
1574720766, 0, 491, 5204, 5173, 396, 18.71%, 0, 0, 3, 108.40
1574720771, 0, 491, 5205, 5174, 396, 18.71%, 0, 0, 3, 107.27
1574721042, 0, 504, 5205, 5173, 395, 18.71%, 0, 0, 3, 193.60
1574721052, 0, 504, 5206, 5174, 395, 18.71%, 0, 0, 3, 103.75
1574721072, 0, 504, 5207, 5175, 395, 18.71%, 0, 0, 3, 90.98
1574721302, 0, 504, 5208, 5176, 395, 18.71%, 0, 0, 3, 133.96
1574721338, 0, 504, 5209, 5177, 395, 18.71%, 0, 0, 3, 95.64
1574721343, 0, 504, 5210, 5178, 395, 18.71%, 0, 0, 3, 204.18
1574721349, 0, 563, 5210, 5177, 396, 18.71%, 0, 0, 3, 202.02
1574721451, 0, 610, 5210, 5176, 395, 18.71%, 0, 0, 3, 153.24
1574721835, 0, 610, 5211, 5177, 395, 18.71%, 0, 0, 3, 125.72
1574721901, 0, 616, 5211, 5176, 395, 18.71%, 0, 0, 3, 212.85
1574721988, 0, 616, 5236, 5200, 395, 18.74%, 0, 0, 3, 29.25
1574721993, 0, 616, 5268, 5232, 395, 18.77%, 0, 0, 3, 52.49
1574721998, 0, 616, 5291, 5255, 395, 18.78%, 0, 0, 3, 44.31
1574722003, 0, 616, 5313, 5277, 395, 18.79%, 0, 0, 3, 37.67
1574722009, 0, 616, 5334, 5298, 395, 18.81%, 0, 0, 3, 38.50
1574722014, 0, 616, 5358, 5322, 395, 18.81%, 0, 0, 3, 42.06
1574722019, 0, 616, 5380, 5344, 395, 18.81%, 0, 0, 3, 39.21
1574722024, 0, 616, 5406, 5370, 395, 18.81%, 0, 0, 3, 47.35
1574722029, 0, 616, 5430, 5394, 395, 18.82%, 0, 0, 3, 57.75
1574722034, 0, 616, 5452, 5416, 395, 18.82%, 0, 0, 3, 44.02
1574722039, 0, 616, 5473, 5437, 395, 18.83%, 0, 0, 3, 42.51
1574722044, 0, 616, 5495, 5459, 395, 18.83%, 0, 0, 3, 41.67
1574722050, 0, 616, 5517, 5481, 395, 18.84%, 0, 0, 3, 39.83
1574722055, 0, 616, 5539, 5503, 395, 18.84%, 0, 0, 3, 42.81
1574722060, 0, 616, 5560, 5524, 395, 18.85%, 0, 0, 3, 39.92
1574722065, 0, 616, 5576, 5540, 395, 18.85%, 0, 0, 3, 36.44
1574722070, 0, 616, 5584, 5548, 395, 18.85%, 0, 0, 3, 41.20
1574722075, 0, 616, 5589, 5553, 395, 18.85%, 0, 0, 3, 40.83
1574722080, 0, 616, 5594, 5558, 395, 18.85%, 0, 0, 3, 42.70
1574722095, 0, 670, 5594, 5558, 400, 18.85%, 0, 0, 3, 80.64
1574722739, 0, 670, 5595, 5559, 400, 18.85%, 0, 0, 3, 121.23
1574722764, 0, 670, 5596, 5560, 400, 18.85%, 0, 0, 3, 77.22
1574722780, 0, 670, 5597, 5561, 400, 18.85%, 0, 0, 3, 114.86
1574722882, 0, 709, 5597, 5560, 400, 18.85%, 0, 0, 3, 207.95
1574722922, 0, 756, 5597, 5559, 399, 18.85%, 0, 0, 3, 145.82
1574723004, 0, 756, 5598, 5560, 399, 18.85%, 0, 0, 3, 117.78
1574723525, 0, 756, 5599, 5561, 399, 18.85%, 0, 0, 3, 118.94
1574723672, 0, 822, 5599, 5560, 399, 18.85%, 0, 0, 3, 219.51
1574723719, 0, 829, 5599, 5559, 398, 18.85%, 0, 0, 3, 175.07
1574723729, 0, 829, 5601, 5561, 398, 18.85%, 0, 0, 3, 127.12
1574723734, 0, 829, 5602, 5562, 398, 18.85%, 0, 0, 3, 109.46
1574723912, 0, 829, 5603, 5563, 398, 18.85%, 0, 0, 3, 89.87
1574723917, 0, 829, 5604, 5564, 398, 18.85%, 0, 0, 3, 100.43
1574724188, 0, 829, 5605, 5565, 398, 18.85%, 0, 0, 3, 133.38
1574724193, 0, 829, 5606, 5566, 398, 18.85%, 0, 0, 3, 113.77
1574724223, 0, 829, 5607, 5567, 398, 18.85%, 0, 0, 3, 146.28
1574724238, 0, 829, 5608, 5568, 398, 18.85%, 0, 0, 3, 106.28
1574724310, 0, 829, 5620, 5579, 397, 18.89%, 0, 0, 3, 36.38
1574724315, 0, 829, 5637, 5596, 397, 18.89%, 0, 0, 3, 30.50
1574724320, 0, 829, 5655, 5614, 397, 18.91%, 0, 0, 3, 31.73
1574724325, 0, 829, 5671, 5630, 397, 18.93%, 0, 0, 3, 32.68
1574724330, 0, 829, 5692, 5651, 397, 18.94%, 0, 0, 3, 35.04
1574724335, 0, 829, 5713, 5672, 397, 18.95%, 0, 0, 3, 37.34
1574724341, 0, 829, 5734, 5693, 397, 18.95%, 0, 0, 3, 36.30
1574724346, 0, 829, 5753, 5712, 397, 18.96%, 0, 0, 3, 36.77
1574724351, 0, 829, 5771, 5730, 397, 18.96%, 0, 0, 3, 32.83
1574724356, 0, 829, 5788, 5747, 397, 18.96%, 0, 0, 3, 33.86
1574724361, 0, 829, 5809, 5768, 397, 18.97%, 0, 0, 3, 39.35
1574724366, 0, 829, 5827, 5786, 397, 18.97%, 0, 0, 3, 33.38
1574724371, 0, 829, 5845, 5804, 397, 18.97%, 0, 0, 3, 32.63
1574724376, 0, 829, 5861, 5820, 397, 18.97%, 0, 0, 3, 33.73
1574724381, 0, 829, 5878, 5837, 397, 18.97%, 0, 0, 3, 32.27
1574724386, 0, 829, 5897, 5856, 397, 18.97%, 0, 0, 3, 38.59
1574724391, 0, 829, 5921, 5880, 397, 18.98%, 0, 0, 3, 43.17
1574724396, 0, 829, 5940, 5899, 397, 18.98%, 0, 0, 3, 39.47
1574724402, 0, 829, 5959, 5918, 397, 18.98%, 0, 0, 3, 35.59
1574724407, 0, 829, 5983, 5942, 397, 18.98%, 0, 0, 3, 41.93
1574724412, 0, 829, 6001, 5960, 397, 18.98%, 0, 0, 3, 36.91
1574724417, 0, 829, 6020, 5979, 397, 18.98%, 0, 0, 3, 37.94
1574724422, 0, 829, 6038, 5997, 397, 18.98%, 0, 0, 3, 34.62
1574724427, 0, 829, 6057, 6016, 397, 18.98%, 0, 0, 3, 34.79
1574724432, 0, 829, 6063, 6022, 397, 18.98%, 0, 0, 3, 31.59
1574724438, 0, 829, 6067, 6026, 397, 18.98%, 0, 0, 3, 29.18
1574724443, 0, 829, 6069, 6028, 397, 18.98%, 0, 0, 3, 32.79
1574724448, 0, 829, 6075, 6034, 397, 18.98%, 0, 0, 3, 34.17
1574724453, 0, 829, 6081, 6040, 397, 18.98%, 0, 0, 3, 39.66
1574724458, 0, 829, 6086, 6045, 397, 18.98%, 0, 0, 3, 35.51
1574724463, 0, 829, 6088, 6047, 397, 18.98%, 0, 0, 3, 34.77
1574724468, 0, 829, 6092, 6051, 397, 18.98%, 0, 0, 3, 39.62
1574724473, 0, 829, 6095, 6054, 397, 18.98%, 0, 0, 3, 35.68
1574724478, 0, 884, 6099, 6058, 403, 18.98%, 0, 0, 3, 241.26
1574724539, 0, 888, 6099, 6057, 402, 18.98%, 0, 0, 3, 241.70
1574724549, 0, 902, 6099, 6056, 401, 18.98%, 0, 0, 3, 157.98
1574724800, 0, 903, 6099, 6055, 400, 18.98%, 0, 0, 3, 188.46
1574725275, 0, 903, 6100, 6056, 400, 18.98%, 0, 0, 3, 140.34
1574725290, 0, 903, 6101, 6057, 400, 18.98%, 0, 0, 3, 96.40
1574725408, 0, 961, 6101, 6056, 400, 18.98%, 0, 0, 3, 212.88
1574725663, 0, 961, 6104, 6058, 399, 18.98%, 0, 0, 3, 30.13
1574725669, 0, 961, 6123, 6077, 399, 19.03%, 0, 0, 3, 33.26
1574725674, 0, 961, 6141, 6095, 399, 19.04%, 0, 0, 3, 31.66
1574725679, 0, 961, 6162, 6116, 399, 19.08%, 0, 0, 3, 36.29
1574725684, 0, 961, 6186, 6140, 399, 19.08%, 0, 0, 3, 43.44
1574725689, 0, 961, 6208, 6162, 399, 19.08%, 0, 0, 3, 43.03
1574725694, 0, 961, 6230, 6184, 399, 19.09%, 0, 0, 3, 41.83
1574725699, 0, 961, 6251, 6205, 399, 19.09%, 0, 0, 3, 39.10
1574725704, 0, 961, 6266, 6220, 399, 19.09%, 0, 0, 3, 29.55
1574725709, 0, 961, 6282, 6236, 399, 19.09%, 0, 0, 3, 30.02
1574725715, 0, 961, 6304, 6258, 399, 19.10%, 0, 0, 3, 37.73
1574725720, 0, 961, 6319, 6273, 399, 19.10%, 0, 0, 3, 26.28
1574725725, 0, 961, 6326, 6280, 399, 19.10%, 0, 0, 3, 29.48
1574725730, 0, 961, 6329, 6283, 399, 19.10%, 0, 0, 3, 34.08
1574725735, 0, 961, 6332, 6286, 399, 19.10%, 0, 0, 3, 33.74
1574725740, 0, 968, 6332, 6286, 410, 19.10%, 0, 0, 3, 38.00
1574725796, 0, 984, 6332, 6285, 409, 19.10%, 0, 0, 3, 180.53
1574726414, 0, 984, 6333, 6286, 409, 19.10%, 0, 0, 3, 132.37
1574726450, 0, 984, 6334, 6287, 409, 19.10%, 0, 0, 3, 116.05
1574726573, 0, 1022, 6334, 6285, 408, 19.10%, 0, 0, 3, 233.27
1574726835, 0, 1038, 6334, 6284, 408, 19.10%, 0, 0, 3, 174.98
1574726870, 0, 1038, 6342, 6291, 407, 19.11%, 0, 0, 3, 33.86
1574726876, 0, 1038, 6359, 6308, 407, 19.12%, 0, 0, 3, 30.94
1574726881, 0, 1038, 6379, 6328, 407, 19.13%, 0, 0, 3, 34.53
1574726886, 0, 1038, 6398, 6347, 407, 19.13%, 0, 0, 3, 35.69
1574726891, 0, 1038, 6415, 6364, 407, 19.13%, 0, 0, 3, 32.86
1574726896, 0, 1038, 6432, 6381, 407, 19.13%, 0, 0, 3, 32.37
1574726901, 0, 1038, 6451, 6400, 407, 19.14%, 0, 0, 3, 34.44
1574726906, 0, 1038, 6470, 6419, 407, 19.14%, 0, 0, 3, 36.06
1574726911, 0, 1038, 6486, 6435, 407, 19.14%, 0, 0, 3, 30.92
1574726916, 0, 1038, 6504, 6453, 407, 19.14%, 0, 0, 3, 34.96
1574726922, 0, 1038, 6525, 6474, 407, 19.14%, 0, 0, 3, 38.49
1574726927, 0, 1038, 6541, 6490, 407, 19.14%, 0, 0, 3, 31.90
1574726932, 0, 1038, 6553, 6502, 407, 19.14%, 0, 0, 3, 34.00
1574726937, 0, 1038, 6558, 6507, 407, 19.15%, 0, 0, 3, 33.71
1574726942, 0, 1038, 6567, 6516, 407, 19.15%, 0, 0, 3, 41.21
1574726947, 0, 1038, 6573, 6522, 407, 19.15%, 0, 0, 3, 40.41
1574726952, 0, 1082, 6577, 6526, 415, 19.15%, 0, 0, 3, 65.00
1574727039, 0, 1082, 6578, 6527, 415, 19.15%, 0, 0, 3, 95.33
1574727759, 0, 1115, 6578, 6526, 414, 19.15%, 0, 0, 3, 135.91
1574728788, 0, 1125, 6578, 6525, 413, 19.15%, 0, 0, 3, 99.37
1574728916, 0, 1153, 6578, 6524, 412, 19.15%, 0, 0, 3, 161.88
1574729151, 0, 1211, 6578, 6523, 411, 19.15%, 0, 0, 3, 155.40
1574729743, 0, 1211, 6584, 6528, 410, 19.15%, 0, 0, 3, 161.50
1574729748, 0, 1211, 6603, 6547, 410, 19.17%, 0, 0, 3, 30.68
1574729753, 0, 1211, 6622, 6566, 410, 19.18%, 0, 0, 3, 34.20
1574729758, 0, 1211, 6644, 6588, 410, 19.18%, 0, 0, 3, 36.00
1574729763, 0, 1211, 6664, 6608, 410, 19.18%, 0, 0, 3, 35.07
1574729768, 0, 1211, 6688, 6632, 410, 19.18%, 0, 0, 3, 39.18
1574729774, 0, 1211, 6710, 6654, 410, 19.18%, 0, 0, 3, 36.94
1574729779, 0, 1211, 6729, 6673, 410, 19.18%, 0, 0, 3, 37.82
1574729784, 0, 1211, 6749, 6693, 410, 19.18%, 0, 0, 3, 36.06
1574729789, 0, 1211, 6770, 6714, 410, 19.19%, 0, 0, 3, 37.50
1574729794, 0, 1211, 6789, 6733, 410, 19.19%, 0, 0, 3, 36.63
1574729799, 0, 1211, 6808, 6752, 410, 19.19%, 0, 0, 3, 36.99
1574729804, 0, 1211, 6827, 6771, 410, 19.19%, 0, 0, 3, 25.70
1574729810, 0, 1211, 6842, 6786, 410, 19.19%, 0, 0, 3, 28.66
1574729815, 0, 1211, 6844, 6788, 410, 19.19%, 0, 0, 3, 37.33
1574729820, 0, 1211, 6847, 6791, 410, 19.19%, 0, 0, 3, 35.18
1574729825, 0, 1211, 6848, 6792, 410, 19.19%, 0, 0, 3, 35.75
1574729830, 0, 1213, 6848, 6792, 414, 19.19%, 0, 0, 3, 63.97
1574729856, 0, 1213, 6849, 6793, 414, 19.20%, 0, 0, 3, 84.30
1574729922, 0, 1213, 6850, 6794, 414, 19.20%, 0, 0, 3, 87.24
1574730550, 0, 1217, 6850, 6793, 415, 19.20%, 0, 0, 3, 224.85
1574730586, 0, 1228, 6850, 6792, 414, 19.20%, 0, 0, 3, 226.06
1574730734, 0, 1228, 6851, 6793, 414, 19.20%, 0, 0, 3, 79.39
1574731091, 0, 1283, 6851, 6792, 414, 19.20%, 0, 0, 3, 127.77
1574731111, 0, 1283, 6852, 6793, 414, 19.20%, 0, 0, 3, 89.05
1574731902, 0, 1296, 6852, 6792, 413, 19.20%, 0, 0, 3, 142.18
1574732428, 0, 1296, 6855, 6794, 412, 19.20%, 0, 0, 3, 25.37
1574732433, 0, 1296, 6872, 6811, 412, 19.20%, 0, 0, 3, 28.16
1574732438, 0, 1296, 6887, 6826, 412, 19.20%, 0, 0, 3, 27.27
1574732443, 0, 1296, 6903, 6842, 412, 19.20%, 0, 0, 3, 28.37
1574732448, 0, 1296, 6926, 6865, 412, 19.21%, 0, 0, 3, 39.59
1574732453, 0, 1296, 6944, 6883, 412, 19.21%, 0, 0, 3, 35.37
1574732458, 0, 1296, 6958, 6897, 412, 19.21%, 0, 0, 3, 27.54
1574732463, 0, 1296, 6973, 6912, 412, 19.21%, 0, 0, 3, 27.68
1574732469, 0, 1296, 6989, 6928, 412, 19.21%, 0, 0, 3, 29.32
1574732474, 0, 1296, 7004, 6943, 412, 19.21%, 0, 0, 3, 26.48
1574732479, 0, 1296, 7019, 6958, 412, 19.21%, 0, 0, 3, 27.97
1574732484, 0, 1296, 7033, 6972, 412, 19.21%, 0, 0, 3, 24.50
1574732489, 0, 1296, 7050, 6989, 412, 19.22%, 0, 0, 3, 30.91
1574732494, 0, 1296, 7064, 7003, 412, 19.22%, 0, 0, 3, 27.03
1574732499, 0, 1296, 7079, 7018, 412, 19.22%, 0, 0, 3, 27.94
1574732505, 0, 1296, 7086, 7025, 412, 19.22%, 0, 0, 3, 26.61
1574732510, 0, 1296, 7090, 7029, 412, 19.22%, 0, 0, 3, 22.87
1574732515, 0, 1296, 7096, 7035, 412, 19.22%, 0, 0, 3, 38.70
1574732520, 0, 1296, 7098, 7037, 412, 19.22%, 0, 0, 3, 29.57
1574732530, 0, 1331, 7098, 7037, 417, 19.22%, 0, 0, 3, 148.09
1574732551, 0, 1331, 7099, 7038, 417, 19.22%, 0, 0, 3, 81.35
1574732556, 0, 1331, 7100, 7039, 417, 19.22%, 0, 0, 3, 110.74
1574732791, 0, 1331, 7101, 7040, 417, 19.22%, 0, 0, 3, 84.13
1574732796, 0, 1331, 7102, 7041, 417, 19.22%, 0, 0, 3, 96.51
1574733251, 0, 1343, 7102, 7040, 417, 19.22%, 0, 0, 3, 188.12
1574733874, 0, 1388, 7102, 7039, 416, 19.22%, 0, 0, 3, 130.88
1574734445, 0, 1392, 7102, 7038, 416, 19.22%, 0, 0, 3, 204.55
1574734476, 0, 1394, 7102, 7037, 415, 19.22%, 0, 0, 3, 187.38
1574734741, 0, 1394, 7103, 7038, 415, 19.22%, 0, 0, 4, 140.32
1574734797, 0, 1394, 7104, 7039, 415, 19.22%, 0, 0, 4, 193.49
1574734802, 0, 1394, 7119, 7053, 414, 19.23%, 0, 0, 4, 32.91
1574734807, 0, 1394, 7136, 7070, 414, 19.23%, 0, 0, 4, 33.93
1574734812, 0, 1394, 7155, 7089, 414, 19.23%, 0, 0, 4, 33.06
1574734818, 0, 1394, 7178, 7112, 414, 19.24%, 0, 0, 4, 38.79
1574734823, 0, 1394, 7197, 7131, 414, 19.24%, 0, 0, 4, 38.36
1574734828, 0, 1394, 7217, 7151, 414, 19.24%, 0, 0, 4, 37.29
1574734833, 0, 1394, 7245, 7179, 414, 19.25%, 0, 0, 4, 50.11
1574734838, 0, 1394, 7261, 7195, 414, 19.25%, 0, 0, 4, 34.04
1574734843, 0, 1394, 7274, 7208, 414, 19.25%, 0, 0, 4, 32.07
1574734848, 0, 1394, 7277, 7211, 414, 19.25%, 0, 0, 4, 36.65
1574734853, 0, 1394, 7280, 7214, 414, 19.25%, 0, 0, 4, 36.25
1574734858, 0, 1398, 7280, 7214, 423, 19.25%, 0, 0, 4, 86.65
1574735164, 0, 1403, 7280, 7213, 422, 19.25%, 0, 0, 4, 222.13
1574735318, 0, 1454, 7280, 7212, 421, 19.25%, 0, 0, 4, 228.61
1574735394, 0, 1454, 7281, 7213, 421, 19.25%, 0, 0, 4, 143.55
1574735481, 0, 1456, 7281, 7212, 421, 19.25%, 0, 0, 4, 165.78
1574736008, 0, 1456, 7282, 7213, 421, 19.25%, 0, 0, 4, 135.11
1574736090, 0, 1474, 7282, 7212, 420, 19.25%, 0, 0, 4, 181.88
1574736131, 0, 1474, 7283, 7213, 420, 19.25%, 0, 0, 4, 104.38
1574736141, 0, 1474, 7284, 7214, 420, 19.25%, 0, 0, 4, 91.05
1574736417, 0, 1474, 7285, 7215, 420, 19.25%, 0, 0, 4, 153.24
1574736422, 0, 1474, 7286, 7216, 420, 19.25%, 0, 0, 4, 148.92
1574736642, 0, 1474, 7287, 7217, 420, 19.25%, 0, 0, 4, 99.19
1574736765, 0, 1474, 7302, 7231, 419, 19.25%, 0, 0, 4, 25.67
1574736770, 0, 1474, 7324, 7253, 419, 19.26%, 0, 0, 4, 37.65
1574736775, 0, 1474, 7343, 7272, 419, 19.26%, 0, 0, 4, 37.08
1574736780, 0, 1474, 7359, 7288, 419, 19.26%, 0, 0, 4, 32.27
1574736785, 0, 1474, 7379, 7308, 419, 19.26%, 0, 0, 4, 34.74
1574736790, 0, 1474, 7382, 7311, 419, 19.26%, 0, 0, 4, 33.71
1574736795, 0, 1478, 7382, 7311, 424, 19.26%, 0, 0, 4, 87.17
1574737352, 0, 1478, 7383, 7312, 424, 19.26%, 0, 0, 4, 110.62
1574737445, 0, 1500, 7383, 7311, 423, 19.26%, 0, 0, 4, 154.20
1574737455, 0, 1500, 7385, 7313, 423, 19.27%, 0, 0, 4, 86.06
1574737486, 0, 1500, 7386, 7314, 423, 19.27%, 0, 0, 4, 136.57
1574738043, 0, 1500, 7387, 7315, 423, 19.27%, 0, 0, 4, 118.23
1574738201, 0, 1505, 7387, 7314, 424, 19.27%, 0, 0, 4, 209.20
1574738222, 0, 1505, 7388, 7315, 424, 19.27%, 0, 0, 4, 208.73
1574738477, 0, 1542, 7388, 7314, 423, 19.27%, 0, 0, 4, 137.97
1574738906, 0, 1572, 7388, 7313, 422, 19.27%, 0, 0, 4, 120.24
1574739018, 0, 1572, 7389, 7314, 422, 19.27%, 0, 0, 4, 81.17
1574739212, 0, 1572, 7390, 7315, 422, 19.27%, 0, 0, 4, 77.44
1574739760, 0, 1572, 7400, 7324, 422, 19.31%, 0, 0, 4, 28.60
1574739765, 0, 1572, 7421, 7345, 422, 19.33%, 0, 0, 4, 37.05
1574739770, 0, 1572, 7447, 7371, 422, 19.33%, 0, 0, 4, 43.86
1574739776, 0, 1572, 7466, 7390, 422, 19.33%, 0, 0, 4, 34.65
1574739781, 0, 1572, 7485, 7409, 422, 19.34%, 0, 0, 4, 34.58
1574739786, 0, 1572, 7509, 7433, 422, 19.35%, 0, 0, 4, 42.63
1574739791, 0, 1572, 7535, 7459, 422, 19.36%, 0, 0, 4, 47.43
1574739796, 0, 1572, 7553, 7477, 422, 19.36%, 0, 0, 4, 40.61
1574739801, 0, 1572, 7562, 7486, 422, 19.37%, 0, 0, 4, 31.86
1574739806, 0, 1572, 7568, 7492, 422, 19.37%, 0, 0, 4, 39.22
1574739811, 0, 1572, 7572, 7496, 422, 19.37%, 0, 0, 4, 35.86
1574739816, 0, 1597, 7573, 7497, 445, 19.37%, 0, 0, 4, 108.71
1574739975, 0, 1620, 7573, 7496, 444, 19.37%, 0, 0, 4, 185.68
1574739990, 0, 1620, 7574, 7497, 444, 19.37%, 0, 0, 4, 82.62
1574740240, 0, 1620, 7575, 7498, 444, 19.37%, 0, 0, 4, 116.57
1574740322, 0, 1635, 7575, 7497, 444, 19.37%, 0, 0, 4, 186.40
1574740358, 0, 1635, 7576, 7498, 444, 19.37%, 0, 0, 4, 96.72
1574740910, 0, 1645, 7576, 7497, 444, 19.37%, 0, 0, 4, 198.50
1574741006, 0, 1645, 7577, 7498, 444, 19.37%, 0, 0, 4, 146.09
1574741564, 0, 1652, 7577, 7497, 443, 19.37%, 0, 0, 4, 192.15
1574741687, 0, 1652, 7606, 7525, 443, 19.42%, 0, 0, 4, 40.32
1574741692, 0, 1652, 7643, 7562, 443, 19.47%, 0, 0, 4, 56.27
1574741697, 0, 1652, 7684, 7603, 443, 19.48%, 0, 0, 4, 73.32
1574741702, 0, 1652, 7712, 7631, 443, 19.49%, 0, 0, 4, 55.00
1574741707, 0, 1652, 7745, 7664, 443, 19.50%, 0, 0, 4, 59.06
1574741712, 0, 1652, 7759, 7678, 443, 19.50%, 0, 0, 4, 55.48
1574741717, 0, 1672, 7760, 7679, 470, 19.50%, 0, 0, 4, 79.40
1574741835, 0, 1676, 7760, 7678, 470, 19.50%, 0, 0, 4, 69.14
1574741953, 0, 1676, 7761, 7679, 470, 19.50%, 0, 0, 4, 103.37
1574742562, 0, 1691, 7761, 7678, 470, 19.50%, 0, 0, 4, 196.26
1574742628, 0, 1700, 7761, 7677, 469, 19.50%, 0, 0, 4, 163.21
1574743271, 0, 1706, 7761, 7676, 468, 19.50%, 0, 0, 4, 182.14
1574743511, 0, 1706, 7776, 7690, 468, 19.50%, 0, 0, 4, 26.28
1574743516, 0, 1706, 7792, 7706, 468, 19.50%, 0, 0, 4, 28.14
1574743521, 0, 1706, 7805, 7719, 468, 19.50%, 0, 0, 4, 24.50
1574743526, 0, 1706, 7821, 7735, 468, 19.50%, 0, 0, 4, 28.38
1574743531, 0, 1706, 7830, 7744, 468, 19.50%, 0, 0, 4, 26.18
1574743537, 0, 1706, 7831, 7745, 468, 19.50%, 0, 0, 4, 26.68
1574743542, 0, 1721, 7831, 7745, 472, 19.50%, 0, 0, 4, 106.95
1574744012, 0, 1741, 7831, 7744, 471, 19.50%, 0, 0, 4, 149.53
1574744252, 0, 1750, 7831, 7743, 470, 19.50%, 0, 0, 4, 188.53
1574744380, 0, 1770, 7831, 7742, 469, 19.50%, 0, 0, 4, 41.36
1574744814, 0, 1789, 7831, 7741, 468, 19.50%, 0, 0, 4, 135.18
1574745065, 0, 1789, 7844, 7753, 467, 19.51%, 0, 0, 4, 35.17
1574745070, 0, 1789, 7861, 7770, 467, 19.51%, 0, 0, 4, 32.13
1574745075, 0, 1789, 7878, 7787, 467, 19.51%, 0, 0, 4, 33.62
1574745081, 0, 1792, 7883, 7792, 464, 19.51%, 0, 0, 4, 79.56
1574745274, 0, 1817, 7883, 7791, 463, 19.51%, 0, 0, 4, 45.67
1574745851, 0, 1842, 7883, 7790, 462, 19.51%, 0, 0, 4, 132.51
1574745861, 0, 1842, 7883, 7790, 462, 19.51%, 1, 0, 4, 99.80
1574746178, 0, 1859, 7883, 7789, 461, 19.51%, 1, 0, 4, 132.70
1574746805, 0, 1872, 7883, 7788, 461, 19.51%, 1, 0, 4, 120.96
1574747740, 0, 1872, 7886, 7790, 461, 19.51%, 1, 0, 4, 169.34
1574747745, 0, 1872, 7902, 7806, 461, 19.51%, 1, 0, 4, 30.35
1574747750, 0, 1872, 7919, 7823, 461, 19.51%, 1, 0, 4, 32.50
1574747755, 0, 1872, 7943, 7847, 461, 19.51%, 1, 0, 4, 38.84
1574747761, 0, 1872, 7958, 7862, 461, 19.51%, 1, 0, 4, 32.34
1574747766, 0, 1872, 7963, 7867, 461, 19.51%, 1, 0, 4, 29.91
1574747771, 0, 1876, 7963, 7867, 460, 19.51%, 1, 0, 4, 203.23
1574747868, 0, 1884, 7963, 7866, 460, 19.51%, 1, 0, 4, 238.12
1574747914, 0, 1893, 7963, 7865, 459, 19.51%, 1, 0, 4, 164.04
1574747919, 0, 1893, 7964, 7866, 459, 19.51%, 1, 0, 4, 154.56
1574748107, 0, 1893, 7965, 7867, 459, 19.51%, 1, 0, 4, 119.15
1574748112, 0, 1898, 7965, 7866, 460, 19.51%, 1, 0, 4, 208.30
1574748163, 0, 1900, 7965, 7865, 459, 19.51%, 1, 0, 4, 50.80
1574748199, 0, 1900, 7966, 7866, 459, 19.51%, 1, 0, 4, 90.29
1574748816, 0, 1900, 7972, 7871, 458, 19.51%, 1, 0, 4, 30.50
1574748821, 0, 1900, 7993, 7892, 458, 19.51%, 1, 0, 4, 39.07
1574748827, 0, 1900, 8010, 7909, 458, 19.51%, 1, 0, 4, 32.06
1574748832, 0, 1910, 8014, 7913, 461, 19.51%, 1, 0, 4, 240.51
1574749005, 0, 1915, 8014, 7912, 461, 19.51%, 1, 0, 4, 50.81
1574749215, 0, 1916, 8014, 7911, 460, 19.51%, 1, 0, 4, 181.81
1574749469, 0, 1916, 8015, 7912, 460, 19.51%, 1, 0, 4, 51.11
1574749929, 0, 1962, 8015, 7911, 459, 19.51%, 1, 0, 4, 155.04
1574750807, 0, 1965, 8015, 7910, 458, 19.51%, 1, 0, 4, 114.66
1574751412, 0, 1965, 8028, 7922, 457, 19.51%, 1, 0, 4, 27.38
1574751417, 0, 1965, 8045, 7939, 457, 19.51%, 1, 0, 4, 29.69
1574751422, 0, 1965, 8066, 7960, 457, 19.52%, 1, 0, 4, 35.62
1574751427, 0, 1965, 8081, 7975, 457, 19.52%, 1, 0, 4, 30.32
1574751432, 0, 1965, 8099, 7993, 457, 19.53%, 1, 0, 4, 37.10
1574751437, 0, 1965, 8116, 8010, 457, 19.54%, 1, 0, 4, 58.29
1574751443, 0, 1965, 8135, 8029, 457, 19.54%, 1, 0, 4, 38.61
1574751448, 0, 1965, 8142, 8036, 457, 19.54%, 1, 0, 4, 31.35
1574751453, 0, 1965, 8144, 8038, 457, 19.54%, 1, 0, 4, 30.65
1574751458, 0, 1970, 8145, 8039, 464, 19.54%, 1, 0, 4, 71.92
1574751652, 0, 1976, 8145, 8038, 463, 19.54%, 1, 0, 4, 221.77
1574751718, 0, 1991, 8145, 8037, 462, 19.54%, 1, 0, 4, 135.07
1574751739, 0, 1991, 8146, 8038, 462, 19.54%, 1, 0, 4, 90.90
1574751754, 0, 1991, 8147, 8039, 462, 19.54%, 1, 0, 4, 118.75
1574751897, 0, 1991, 8148, 8040, 462, 19.54%, 1, 0, 4, 99.56
1574752331, 0, 2012, 8148, 8039, 463, 19.54%, 1, 0, 4, 124.00
1574752413, 0, 2017, 8148, 8038, 462, 19.54%, 1, 0, 4, 122.00
1574752474, 0, 2017, 8160, 8049, 461, 19.54%, 1, 0, 4, 28.58
1574752479, 0, 2040, 8169, 8058, 461, 19.54%, 1, 0, 4, 233.83
1574752597, 0, 2046, 8169, 8057, 460, 19.54%, 1, 0, 4, 240.62
1574752975, 0, 2074, 8169, 8056, 459, 19.54%, 1, 0, 4, 135.17
1574753446, 0, 2097, 8169, 8055, 458, 19.54%, 1, 0, 4, 135.26
1574754080, 0, 2101, 8169, 8054, 457, 19.54%, 1, 0, 4, 175.44
1574754258, 0, 2101, 8181, 8065, 456, 19.55%, 1, 0, 4, 37.86
1574754263, 0, 2101, 8205, 8089, 456, 19.56%, 1, 0, 4, 45.62
1574754268, 0, 2138, 8211, 8095, 459, 19.56%, 1, 0, 4, 75.77
1574754508, 0, 2155, 8211, 8094, 458, 19.56%, 1, 0, 4, 52.37
1574755209, 0, 2164, 8211, 8093, 457, 19.56%, 1, 0, 4, 156.91
1574755659, 0, 2177, 8211, 8092, 456, 19.56%, 1, 0, 4, 196.79
1574755970, 0, 2178, 8211, 8091, 455, 19.56%, 1, 0, 4, 178.39
1574756271, 0, 2178, 8231, 8110, 455, 19.56%, 1, 0, 4, 37.75
1574756276, 0, 2178, 8250, 8129, 455, 19.56%, 1, 0, 4, 33.71
1574756281, 0, 2178, 8273, 8152, 455, 19.57%, 1, 0, 4, 42.98
1574756286, 0, 2203, 8274, 8153, 459, 19.57%, 1, 0, 4, 63.60
1574756624, 0, 2211, 8274, 8152, 459, 19.57%, 1, 0, 4, 138.97
1574757252, 0, 2222, 8274, 8151, 458, 19.57%, 1, 0, 4, 161.00
1574757793, 0, 2223, 8274, 8150, 457, 19.57%, 1, 0, 4, 154.78
1574758069, 0, 2236, 8274, 8149, 456, 19.57%, 1, 0, 4, 43.69
1574759304, 0, 2236, 8275, 8149, 456, 19.57%, 1, 0, 4, 176.55
1574759309, 0, 2236, 8290, 8164, 456, 19.57%, 1, 0, 4, 26.38
1574759314, 0, 2236, 8308, 8182, 456, 19.57%, 1, 0, 4, 31.74
1574759319, 0, 2236, 8324, 8198, 456, 19.58%, 1, 0, 4, 30.84
1574759324, 0, 2236, 8339, 8213, 456, 19.58%, 1, 0, 4, 26.70
1574759329, 0, 2236, 8345, 8219, 456, 19.58%, 1, 0, 4, 26.86
1574759334, 0, 2248, 8345, 8219, 455, 19.58%, 1, 0, 4, 179.14
1574759523, 0, 2268, 8345, 8218, 454, 19.58%, 1, 0, 4, 140.89
1574760068, 0, 2272, 8345, 8217, 453, 19.58%, 1, 0, 4, 194.35
1574760186, 0, 2281, 8345, 8216, 452, 19.58%, 1, 0, 4, 204.80
1574761326, 0, 2289, 8345, 8215, 452, 19.58%, 1, 0, 4, 203.62
1574761454, 0, 2289, 8349, 8218, 451, 19.58%, 1, 0, 4, 37.11
1574761459, 0, 2289, 8364, 8233, 451, 19.59%, 1, 0, 4, 28.93
1574761464, 0, 2289, 8384, 8253, 451, 19.59%, 1, 0, 4, 34.68
1574761469, 0, 2337, 8390, 8259, 455, 19.59%, 1, 0, 4, 48.25
1574762600, 0, 2345, 8390, 8258, 455, 19.59%, 1, 0, 4, 115.35
1574763306, 0, 2353, 8390, 8257, 454, 19.59%, 1, 0, 4, 187.92
1574763602, 0, 2379, 8390, 8256, 453, 19.59%, 1, 0, 4, 145.68
1574763889, 0, 2379, 8391, 8257, 453, 19.59%, 1, 0, 4, 97.68
1574764555, 0, 2384, 8391, 8256, 453, 19.59%, 1, 0, 4, 131.29
1574765230, 0, 2384, 8405, 8269, 452, 19.60%, 1, 0, 4, 24.69
1574765235, 0, 2384, 8424, 8288, 452, 19.60%, 1, 0, 4, 31.14
1574765240, 0, 2384, 8444, 8308, 452, 19.60%, 1, 0, 4, 31.71
1574765245, 0, 2384, 8459, 8323, 452, 19.60%, 1, 0, 4, 28.60
1574765250, 0, 2384, 8473, 8337, 452, 19.60%, 1, 0, 4, 31.94
1574765255, 0, 2414, 8474, 8338, 454, 19.60%, 1, 0, 4, 34.61
1574766070, 0, 2420, 8474, 8337, 453, 19.60%, 1, 0, 4, 157.77
1574766423, 0, 2472, 8474, 8336, 453, 19.60%, 1, 0, 4, 198.73
1574766556, 0, 2494, 8474, 8335, 452, 19.60%, 1, 0, 4, 154.76
1574766925, 0, 2552, 8474, 8334, 451, 19.60%, 1, 0, 4, 127.66
1574767364, 0, 2552, 8481, 8340, 450, 19.60%, 1, 0, 4, 21.62
1574767369, 0, 2552, 8503, 8362, 450, 19.60%, 1, 0, 4, 35.08
1574767374, 0, 2552, 8528, 8387, 450, 19.60%, 1, 0, 4, 42.09
1574767379, 0, 2552, 8547, 8406, 450, 19.60%, 1, 0, 4, 38.96
1574767384, 0, 2594, 8552, 8411, 450, 19.60%, 1, 0, 4, 240.06
1574767456, 0, 2596, 8552, 8410, 449, 19.60%, 1, 0, 4, 124.07
1574768003, 0, 2597, 8552, 8409, 448, 19.60%, 1, 0, 4, 193.04
1574768182, 0, 2611, 8552, 8408, 447, 19.60%, 1, 0, 4, 55.79
1574769148, 0, 2660, 8552, 8407, 447, 19.60%, 1, 0, 4, 185.99
1574769269, 0, 2660, 8572, 8426, 446, 19.60%, 1, 0, 4, 33.93
1574769274, 0, 2660, 8588, 8442, 446, 19.60%, 1, 0, 4, 39.19
1574769280, 0, 2674, 8588, 8442, 447, 19.60%, 1, 0, 4, 235.15
1574769361, 0, 2692, 8588, 8441, 446, 19.60%, 1, 0, 4, 179.39
1574769546, 0, 2699, 8588, 8440, 446, 19.60%, 1, 0, 4, 137.91
1574770640, 0, 2735, 8588, 8439, 446, 19.60%, 1, 0, 4, 200.87
1574770747, 0, 2771, 8588, 8438, 445, 19.60%, 1, 0, 4, 141.49
1574771453, 0, 2771, 8589, 8439, 445, 19.61%, 1, 0, 4, 68.22
1574771602, 0, 2771, 8606, 8455, 444, 19.61%, 1, 0, 4, 37.93
1574771607, 0, 2771, 8626, 8475, 444, 19.61%, 1, 0, 4, 34.95
1574771612, 0, 2771, 8642, 8491, 444, 19.61%, 1, 0, 4, 37.30
1574771617, 0, 2790, 8645, 8494, 445, 19.61%, 1, 0, 4, 212.77
1574771884, 0, 2812, 8645, 8493, 444, 19.61%, 1, 0, 4, 143.31
1574772144, 0, 2812, 8646, 8494, 444, 19.61%, 1, 0, 4, 110.40
1574772773, 0, 2812, 8647, 8495, 444, 19.61%, 1, 0, 4, 86.60
1574772824, 0, 2860, 8647, 8494, 444, 19.61%, 1, 0, 4, 153.55
1574772880, 0, 2866, 8647, 8493, 443, 19.61%, 1, 0, 4, 143.19
1574773115, 0, 2869, 8647, 8492, 443, 19.61%, 1, 0, 4, 216.60
1574773141, 0, 2869, 8655, 8499, 442, 19.62%, 1, 0, 4, 27.41
1574773146, 0, 2869, 8677, 8521, 442, 19.63%, 1, 0, 4, 34.01
1574773151, 0, 2869, 8700, 8544, 442, 19.65%, 1, 0, 4, 41.19
1574773156, 0, 2869, 8707, 8551, 442, 19.65%, 1, 0, 4, 37.00
1574773161, 0, 2873, 8707, 8551, 447, 19.65%, 1, 0, 4, 88.46
1574774015, 0, 2876, 8707, 8550, 446, 19.65%, 1, 0, 4, 187.52
1574774097, 0, 2880, 8707, 8549, 445, 19.65%, 1, 0, 4, 144.76
1574774970, 0, 2892, 8707, 8548, 444, 19.65%, 1, 0, 4, 135.43
1574775602, 0, 2897, 8707, 8547, 443, 19.65%, 1, 0, 4, 161.33
1574776170, 0, 2897, 8709, 8548, 442, 19.65%, 1, 0, 4, 21.20
1574776175, 0, 2897, 8730, 8569, 442, 19.65%, 1, 0, 4, 31.00
1574776180, 0, 2897, 8751, 8590, 442, 19.65%, 1, 0, 4, 34.99
1574776185, 0, 2897, 8768, 8607, 442, 19.65%, 1, 0, 4, 30.58
1574776190, 0, 2897, 8786, 8625, 442, 19.66%, 1, 0, 4, 33.75
1574776195, 0, 2897, 8796, 8635, 442, 19.66%, 1, 0, 4, 32.05
1574776200, 0, 2919, 8797, 8636, 446, 19.66%, 1, 0, 4, 48.39
1574776810, 0, 2921, 8797, 8635, 445, 19.66%, 1, 0, 4, 165.83
1574777593, 0, 2922, 8797, 8634, 444, 19.66%, 1, 0, 4, 138.04
1574778226, 0, 2933, 8797, 8633, 443, 19.66%, 1, 0, 4, 168.15
1574778584, 0, 2939, 8797, 8632, 442, 19.66%, 1, 0, 4, 187.14
1574779198, 0, 2939, 8803, 8637, 441, 19.66%, 1, 0, 4, 23.24
1574779203, 0, 2939, 8826, 8660, 441, 19.66%, 1, 0, 4, 37.96
1574779208, 0, 2939, 8840, 8674, 441, 19.67%, 1, 0, 4, 34.62
1574779213, 0, 3053, 8841, 8675, 441, 19.67%, 1, 0, 4, 67.67
1574780401, 0, 3083, 8841, 8674, 440, 19.67%, 1, 0, 4, 161.02
1574780733, 0, 3085, 8841, 8673, 439, 19.67%, 1, 0, 4, 204.31
1574781070, 0, 3104, 8841, 8672, 438, 19.67%, 1, 0, 4, 133.74
1574781729, 0, 3107, 8841, 8671, 437, 19.67%, 1, 0, 4, 156.18
1574782886, 0, 3107, 8844, 8673, 436, 19.67%, 1, 0, 4, 176.28
1574782891, 0, 3107, 8859, 8688, 436, 19.67%, 1, 0, 4, 23.93
1574782896, 0, 3107, 8876, 8705, 436, 19.68%, 1, 0, 4, 29.91
1574782901, 0, 3107, 8897, 8726, 436, 19.68%, 1, 0, 4, 38.86
1574782906, 0, 3110, 8899, 8728, 437, 19.68%, 1, 0, 4, 18.26
1574783028, 0, 3121, 8899, 8727, 436, 19.68%, 1, 0, 4, 142.48
1574783320, 0, 3123, 8899, 8726, 435, 19.68%, 1, 0, 4, 134.11
1574784041, 0, 3132, 8899, 8725, 434, 19.68%, 1, 0, 4, 195.66
1574784046, 0, 3132, 8900, 8726, 434, 19.68%, 1, 0, 4, 132.93
1574784382, 0, 3142, 8900, 8725, 434, 19.68%, 1, 0, 4, 124.31
1574784403, 0, 3142, 8901, 8726, 434, 19.68%, 1, 0, 4, 77.34
1574785026, 0, 3142, 8902, 8726, 433, 19.68%, 1, 0, 4, 190.37
1574785031, 0, 3142, 8919, 8743, 433, 19.73%, 1, 0, 4, 29.34
1574785036, 0, 3142, 8934, 8758, 433, 19.74%, 1, 0, 4, 30.75
1574785041, 0, 3158, 8934, 8758, 436, 19.74%, 1, 0, 4, 87.44
1574785286, 0, 3191, 8934, 8757, 435, 19.74%, 1, 0, 4, 102.49
1574786869, 0, 3215, 8934, 8756, 435, 19.74%, 1, 0, 4, 146.21
1574787135, 0, 3215, 8934, 8756, 435, 19.74%, 2, 0, 4, 166.80
1574787140, 0, 3219, 8934, 8755, 434, 19.74%, 2, 0, 4, 172.15
1574787878, 0, 3220, 8934, 8754, 433, 19.74%, 2, 0, 4, 197.21
1574787980, 0, 3220, 8956, 8775, 432, 19.76%, 2, 0, 4, 41.17
1574787985, 0, 3220, 8974, 8793, 432, 19.76%, 2, 0, 4, 35.71
1574787990, 0, 3220, 8989, 8808, 432, 19.76%, 2, 0, 4, 36.48
1574787996, 0, 3240, 8989, 8808, 437, 19.76%, 2, 0, 4, 60.14
1574788052, 0, 3240, 8990, 8809, 437, 19.76%, 2, 0, 4, 97.49
1574789215, 0, 3244, 8990, 8808, 436, 19.76%, 2, 0, 4, 140.85
1574789486, 0, 3253, 8990, 8807, 435, 19.76%, 2, 0, 4, 165.10
1574789496, 0, 3253, 8990, 8807, 435, 19.76%, 3, 0, 4, 84.21
1574789757, 0, 3253, 8991, 8808, 435, 19.76%, 3, 0, 4, 146.86
1574789808, 0, 3257, 8991, 8807, 435, 19.76%, 3, 0, 4, 165.79
1574790350, 0, 3265, 8991, 8806, 434, 19.76%, 3, 0, 4, 214.17
1574790447, 0, 3265, 9000, 8814, 433, 19.77%, 3, 0, 4, 27.65
1574790452, 0, 3265, 9015, 8829, 433, 19.77%, 3, 0, 4, 28.76
1574790457, 0, 3265, 9030, 8844, 433, 19.77%, 3, 0, 4, 27.78
1574790462, 0, 3268, 9034, 8848, 437, 19.77%, 3, 0, 4, 34.41
1574790794, 0, 3293, 9034, 8847, 436, 19.77%, 3, 0, 4, 39.01
1574791504, 0, 3332, 9034, 8846, 435, 19.77%, 3, 0, 4, 122.79
1574792374, 0, 3354, 9034, 8845, 434, 19.77%, 3, 0, 4, 152.76
1574792803, 0, 3354, 9035, 8846, 434, 19.77%, 3, 0, 4, 110.71
1574792824, 0, 3371, 9035, 8845, 434, 19.77%, 3, 0, 4, 130.04
1574793738, 0, 3371, 9062, 8871, 434, 19.79%, 3, 0, 4, 31.28
1574793743, 0, 3371, 9081, 8890, 434, 19.79%, 3, 0, 4, 34.14
1574793748, 0, 3371, 9096, 8905, 434, 19.79%, 3, 0, 4, 30.24
1574793753, 0, 3371, 9105, 8914, 434, 19.79%, 3, 0, 4, 33.29
1574793758, 0, 3396, 9105, 8914, 440, 19.79%, 3, 0, 4, 90.69
1574794039, 0, 3400, 9105, 8913, 439, 19.79%, 3, 0, 4, 127.86
1574794771, 0, 3442, 9105, 8912, 439, 19.79%, 3, 0, 4, 158.51
1574796423, 0, 3446, 9105, 8911, 439, 19.79%, 3, 0, 4, 109.08
1574797797, 0, 3458, 9105, 8910, 439, 19.79%, 3, 0, 4, 153.41
1574798053, 0, 3458, 9120, 8924, 438, 19.80%, 3, 0, 4, 26.22
1574798058, 0, 3458, 9142, 8946, 438, 19.80%, 3, 0, 4, 34.40
1574798063, 0, 3458, 9158, 8962, 438, 19.80%, 3, 0, 4, 30.65
1574798068, 0, 3458, 9180, 8984, 438, 19.80%, 3, 0, 4, 37.77
1574798073, 0, 3458, 9198, 9002, 438, 19.80%, 3, 0, 4, 37.23
1574798078, 0, 3458, 9211, 9015, 438, 19.80%, 3, 0, 4, 35.48
1574798083, 0, 3461, 9211, 9015, 437, 19.80%, 3, 0, 4, 34.30
1574798370, 0, 3462, 9211, 9014, 436, 19.80%, 3, 0, 4, 129.48
1574798836, 0, 3465, 9211, 9013, 435, 19.80%, 3, 0, 4, 194.40
1574798917, 0, 3472, 9211, 9012, 434, 19.80%, 3, 0, 4, 150.78
1574800102, 0, 3483, 9211, 9011, 433, 19.80%, 3, 0, 4, 157.47
1574800388, 0, 3483, 9215, 9014, 432, 19.80%, 3, 0, 4, 25.41
1574800393, 0, 3483, 9231, 9030, 432, 19.80%, 3, 0, 4, 31.22
1574800398, 0, 3490, 9231, 9030, 433, 19.80%, 3, 0, 4, 100.28
