# unix_time, cycles_done, cur_path, paths_total, pending_total, pending_favs, map_size, unique_crashes, unique_hangs, max_depth, execs_per_sec
1575114276, 0, 0, 1, 1, 1, 7.00%, 0, 0, 1, 95.24
1575114281, 0, 0, 71, 71, 1, 7.85%, 0, 0, 2, 132.72
1575114286, 0, 0, 125, 125, 1, 8.19%, 0, 0, 2, 140.90
1575114291, 0, 0, 167, 167, 1, 8.55%, 0, 0, 2, 140.68
1575114297, 0, 0, 200, 200, 1, 8.66%, 0, 0, 2, 144.66
1575114302, 0, 0, 225, 225, 1, 8.89%, 0, 0, 2, 143.98
1575114307, 0, 0, 251, 251, 1, 8.99%, 0, 0, 2, 141.07
1575114312, 0, 0, 265, 265, 1, 9.01%, 0, 0, 2, 139.80
1575114317, 0, 0, 276, 276, 1, 9.04%, 0, 0, 2, 141.82
1575114323, 0, 0, 287, 287, 1, 9.04%, 0, 0, 2, 139.44
1575114328, 0, 0, 299, 299, 1, 9.06%, 0, 0, 2, 135.93
1575114333, 0, 0, 311, 311, 1, 9.23%, 0, 0, 2, 132.82
1575114338, 0, 0, 322, 322, 1, 9.25%, 0, 0, 2, 134.29
1575114343, 0, 0, 329, 329, 1, 9.27%, 0, 0, 2, 125.83
1575114348, 0, 0, 340, 340, 1, 9.29%, 0, 0, 2, 119.30
1575114353, 0, 0, 346, 346, 1, 9.30%, 0, 0, 2, 127.53
1575114358, 0, 0, 354, 354, 1, 9.32%, 0, 0, 2, 135.93
1575114363, 0, 0, 363, 363, 1, 9.33%, 0, 0, 2, 121.41
1575114368, 0, 0, 374, 374, 1, 9.35%, 0, 0, 2, 118.82
1575114373, 0, 0, 384, 384, 1, 9.39%, 0, 0, 2, 124.84
1575114379, 0, 0, 392, 392, 1, 9.39%, 0, 0, 2, 112.69
1575114384, 0, 0, 409, 408, 0, 9.45%, 0, 0, 2, 94.91
1575114389, 0, 0, 451, 450, 0, 9.88%, 0, 0, 2, 87.18
1575114394, 0, 0, 498, 497, 0, 9.95%, 0, 0, 2, 96.70
1575114399, 0, 0, 538, 537, 0, 10.00%, 0, 0, 2, 86.17
1575114404, 0, 0, 570, 569, 0, 10.01%, 0, 0, 2, 77.09
1575114409, 0, 0, 601, 600, 0, 10.08%, 0, 0, 2, 90.15
1575114414, 0, 0, 629, 628, 0, 10.10%, 0, 0, 2, 99.27
1575114419, 0, 0, 641, 640, 0, 10.14%, 0, 0, 2, 94.99
1575114424, 0, 0, 653, 652, 0, 10.33%, 0, 0, 2, 84.31
1575114429, 0, 0, 661, 660, 0, 10.35%, 0, 0, 2, 92.98
1575114434, 0, 0, 674, 673, 0, 10.35%, 0, 0, 2, 97.86
1575114440, 0, 0, 688, 687, 0, 10.36%, 0, 0, 2, 86.80
1575114445, 0, 0, 694, 693, 0, 10.47%, 0, 0, 2, 80.04
1575114450, 0, 0, 696, 695, 0, 10.47%, 0, 0, 2, 95.17
1575114455, 0, 12, 699, 698, 138, 10.47%, 0, 0, 2, 105.01
1575114465, 0, 33, 699, 697, 137, 10.47%, 0, 0, 2, 105.18
1575114470, 0, 48, 702, 699, 136, 10.47%, 0, 0, 3, 120.59
1575114475, 0, 88, 705, 700, 135, 10.48%, 0, 0, 3, 124.50
1575114480, 0, 88, 706, 701, 135, 10.48%, 0, 0, 3, 107.99
1575114485, 0, 88, 734, 728, 134, 10.50%, 0, 0, 3, 87.50
1575114490, 0, 88, 765, 759, 134, 10.51%, 0, 0, 3, 77.72
1575114495, 0, 88, 779, 773, 134, 10.51%, 0, 0, 3, 86.98
1575114501, 0, 88, 786, 780, 134, 10.52%, 0, 0, 3, 89.86
1575114506, 0, 97, 802, 796, 145, 10.52%, 0, 0, 3, 88.86
1575114511, 0, 99, 802, 795, 144, 10.52%, 0, 0, 3, 101.75
1575114521, 0, 121, 804, 795, 142, 10.52%, 0, 0, 3, 108.27
1575114531, 0, 123, 804, 794, 141, 10.52%, 0, 0, 3, 106.99
1575114536, 0, 132, 829, 818, 145, 10.56%, 0, 0, 3, 94.60
1575114541, 0, 132, 830, 819, 145, 10.56%, 0, 0, 3, 100.91
1575114557, 0, 135, 830, 818, 144, 10.56%, 0, 0, 3, 90.69
1575114567, 0, 145, 831, 818, 143, 10.56%, 0, 0, 3, 101.86
1575114582, 0, 149, 831, 816, 141, 10.56%, 0, 0, 3, 95.80
1575114587, 0, 149, 847, 831, 141, 10.57%, 0, 0, 3, 94.05
1575114592, 0, 149, 882, 866, 141, 10.58%, 0, 0, 3, 95.17
1575114597, 0, 150, 888, 872, 147, 10.58%, 0, 0, 3, 110.04
1575114602, 0, 159, 888, 871, 146, 10.58%, 0, 0, 3, 98.27
1575114607, 0, 160, 891, 873, 144, 10.58%, 0, 0, 3, 106.13
1575114612, 0, 181, 891, 871, 143, 10.58%, 0, 0, 3, 109.21
1575114617, 0, 187, 909, 888, 146, 10.61%, 0, 0, 3, 105.01
1575114623, 0, 195, 910, 888, 145, 10.61%, 0, 0, 3, 101.28
1575114628, 0, 216, 910, 887, 144, 10.61%, 0, 0, 3, 117.26
1575114633, 0, 229, 910, 885, 142, 10.61%, 0, 0, 3, 121.49
1575114638, 0, 229, 915, 889, 141, 10.62%, 0, 0, 3, 101.65
1575114643, 0, 232, 926, 900, 143, 10.63%, 0, 0, 3, 102.54
1575114648, 0, 234, 926, 899, 142, 10.63%, 0, 0, 3, 108.13
1575114653, 0, 236, 926, 898, 141, 10.63%, 0, 0, 3, 89.33
1575114658, 0, 236, 927, 899, 141, 10.65%, 0, 0, 3, 94.27
1575114663, 0, 236, 929, 901, 141, 10.65%, 0, 0, 3, 103.66
1575114668, 0, 236, 930, 902, 141, 10.65%, 0, 0, 3, 111.30
1575114673, 0, 236, 933, 905, 141, 10.65%, 0, 0, 3, 109.91
1575114679, 0, 236, 934, 906, 141, 10.65%, 0, 0, 3, 100.88
1575114684, 0, 236, 936, 908, 141, 10.66%, 0, 0, 3, 107.58
1575114694, 0, 236, 939, 911, 141, 10.66%, 0, 0, 3, 122.08
1575114699, 0, 236, 940, 912, 141, 10.66%, 0, 0, 3, 116.29
1575114709, 0, 236, 941, 913, 141, 10.66%, 0, 0, 3, 110.91
1575114714, 0, 236, 942, 914, 141, 10.66%, 0, 0, 3, 107.40
1575114724, 0, 244, 945, 916, 141, 10.66%, 0, 0, 3, 104.61
1575114734, 0, 249, 946, 916, 140, 10.66%, 0, 0, 3, 120.15
1575114750, 0, 249, 976, 945, 140, 10.74%, 0, 0, 3, 81.59
1575114755, 0, 249, 993, 962, 140, 10.82%, 0, 0, 3, 80.51
1575114760, 0, 249, 1004, 973, 140, 10.82%, 0, 0, 3, 89.60
1575114765, 0, 257, 1014, 983, 151, 10.83%, 0, 0, 3, 94.87
1575114770, 0, 258, 1014, 982, 150, 10.83%, 0, 0, 3, 100.98
1575114780, 0, 261, 1014, 981, 149, 10.83%, 0, 0, 3, 111.81
1575114785, 0, 278, 1014, 980, 148, 10.83%, 0, 0, 3, 106.34
1575114790, 0, 281, 1015, 980, 147, 10.83%, 0, 0, 3, 101.76
1575114801, 0, 281, 1034, 998, 146, 10.84%, 0, 0, 3, 90.53
1575114806, 0, 288, 1035, 999, 145, 10.84%, 0, 0, 3, 106.91
1575114811, 0, 295, 1037, 1000, 145, 10.84%, 0, 0, 3, 93.00
1575114816, 0, 295, 1038, 1001, 145, 10.84%, 0, 0, 3, 97.43
1575114821, 0, 298, 1038, 1000, 144, 10.84%, 0, 0, 3, 109.23
1575114831, 0, 331, 1038, 999, 143, 10.84%, 0, 0, 3, 107.34
1575114836, 0, 337, 1038, 998, 143, 10.84%, 0, 0, 3, 100.40
1575114846, 0, 337, 1040, 999, 142, 10.85%, 0, 0, 3, 99.24
1575114852, 0, 337, 1071, 1030, 142, 10.87%, 0, 0, 3, 82.68
1575114857, 0, 339, 1074, 1033, 146, 10.87%, 0, 0, 3, 89.27
1575114867, 0, 339, 1075, 1034, 146, 10.87%, 0, 0, 3, 99.82
1575114877, 0, 339, 1076, 1035, 146, 10.87%, 0, 0, 3, 92.34
1575114882, 0, 339, 1077, 1036, 146, 10.87%, 0, 0, 3, 94.65
1575114887, 0, 339, 1078, 1037, 146, 10.87%, 0, 0, 3, 90.41
1575114913, 0, 339, 1079, 1038, 146, 10.87%, 0, 0, 3, 105.99
1575114918, 0, 339, 1080, 1039, 146, 10.87%, 0, 0, 3, 107.16
1575114923, 0, 339, 1081, 1040, 146, 10.87%, 0, 0, 3, 108.00
1575114928, 0, 344, 1082, 1040, 145, 10.87%, 0, 0, 3, 109.80
1575114933, 0, 352, 1084, 1041, 144, 10.87%, 0, 0, 3, 99.95
1575114943, 0, 384, 1084, 1039, 142, 10.87%, 0, 0, 3, 98.27
1575114949, 0, 384, 1085, 1040, 142, 10.87%, 0, 0, 3, 95.83
1575114959, 0, 384, 1116, 1070, 141, 10.92%, 0, 0, 3, 87.20
1575114964, 0, 384, 1154, 1108, 141, 10.95%, 0, 0, 3, 80.41
1575114969, 0, 384, 1174, 1128, 141, 11.02%, 0, 0, 3, 69.51
1575114974, 0, 388, 1178, 1132, 149, 11.03%, 0, 0, 3, 67.80
1575114984, 0, 412, 1179, 1132, 150, 11.03%, 0, 0, 3, 96.79
1575114989, 0, 437, 1179, 1131, 149, 11.03%, 0, 0, 3, 93.91
1575114999, 0, 437, 1182, 1134, 149, 11.03%, 0, 0, 3, 68.56
1575115005, 0, 437, 1184, 1136, 149, 11.03%, 0, 0, 3, 90.25
1575115010, 0, 440, 1184, 1135, 148, 11.03%, 0, 0, 3, 96.09
1575115020, 0, 444, 1185, 1135, 148, 11.03%, 0, 0, 3, 95.49
1575115035, 0, 444, 1214, 1163, 147, 11.05%, 0, 0, 3, 84.52
1575115040, 0, 458, 1223, 1172, 149, 11.06%, 0, 0, 3, 89.17
1575115056, 0, 461, 1223, 1171, 148, 11.06%, 0, 0, 3, 101.03
1575115066, 0, 462, 1223, 1170, 147, 11.06%, 0, 0, 3, 111.76
1575115076, 0, 474, 1223, 1169, 146, 11.06%, 0, 0, 3, 125.70
1575115081, 0, 481, 1227, 1171, 144, 11.06%, 0, 0, 3, 121.17
1575115086, 0, 481, 1252, 1196, 144, 11.21%, 0, 0, 3, 83.42
1575115091, 0, 495, 1252, 1196, 149, 11.21%, 0, 0, 3, 92.36
1575115101, 0, 497, 1252, 1195, 148, 11.21%, 0, 0, 3, 108.75
1575115107, 0, 498, 1252, 1194, 147, 11.21%, 0, 0, 3, 97.19
1575115117, 0, 505, 1252, 1193, 146, 11.21%, 0, 0, 3, 119.63
1575115122, 0, 519, 1252, 1192, 145, 11.21%, 0, 0, 3, 115.54
1575115132, 0, 519, 1255, 1194, 144, 11.21%, 0, 0, 3, 102.83
1575115137, 0, 522, 1277, 1216, 144, 11.23%, 0, 0, 3, 88.12
1575115142, 0, 527, 1277, 1215, 143, 11.23%, 0, 0, 3, 102.10
1575115147, 0, 527, 1278, 1216, 143, 11.23%, 0, 0, 3, 105.76
1575115152, 0, 527, 1280, 1218, 143, 11.23%, 0, 0, 3, 97.56
1575115157, 0, 553, 1280, 1217, 141, 11.23%, 0, 0, 3, 102.63
1575115162, 0, 565, 1282, 1218, 139, 11.23%, 0, 0, 3, 107.48
1575115168, 0, 582, 1282, 1217, 138, 11.23%, 0, 0, 3, 103.55
1575115178, 0, 582, 1283, 1218, 138, 11.23%, 0, 0, 3, 95.73
1575115183, 0, 582, 1310, 1244, 137, 11.25%, 0, 0, 3, 87.41
1575115188, 0, 583, 1315, 1249, 142, 11.27%, 0, 0, 3, 95.19
1575115193, 0, 601, 1315, 1248, 141, 11.27%, 0, 0, 3, 89.83
1575115203, 0, 603, 1315, 1247, 140, 11.27%, 0, 0, 3, 107.63
1575115218, 0, 618, 1315, 1246, 139, 11.27%, 0, 0, 3, 70.99
1575115229, 0, 623, 1315, 1245, 138, 11.27%, 0, 0, 3, 103.08
1575115234, 0, 623, 1329, 1258, 137, 11.27%, 0, 0, 3, 88.10
1575115239, 0, 624, 1339, 1268, 141, 11.29%, 0, 0, 3, 89.11
1575115249, 0, 630, 1339, 1267, 140, 11.29%, 0, 0, 3, 101.36
1575115254, 0, 633, 1340, 1267, 139, 11.29%, 0, 0, 3, 96.40
1575115259, 0, 633, 1353, 1280, 139, 11.29%, 0, 0, 3, 87.27
1575115264, 0, 633, 1361, 1288, 139, 11.29%, 0, 0, 3, 89.92
1575115269, 0, 633, 1364, 1291, 139, 11.29%, 0, 0, 3, 102.12
1575115274, 0, 642, 1364, 1290, 141, 11.29%, 0, 0, 3, 113.24
1575115279, 0, 645, 1364, 1289, 140, 11.29%, 0, 0, 3, 112.12
1575115284, 0, 645, 1367, 1292, 140, 11.29%, 0, 0, 3, 98.98
1575115289, 0, 645, 1373, 1298, 140, 11.29%, 0, 0, 3, 94.69
1575115295, 0, 645, 1379, 1304, 140, 11.29%, 0, 0, 3, 97.85
1575115300, 0, 645, 1397, 1321, 139, 11.29%, 0, 0, 3, 75.54
1575115305, 0, 645, 1418, 1342, 139, 11.30%, 0, 0, 3, 66.84
1575115310, 0, 652, 1421, 1345, 142, 11.30%, 0, 0, 3, 90.67
1575115315, 0, 652, 1422, 1346, 142, 11.30%, 0, 0, 3, 96.89
1575115325, 0, 658, 1423, 1346, 143, 11.30%, 0, 0, 3, 110.55
1575115330, 0, 677, 1424, 1346, 142, 11.30%, 0, 0, 3, 110.78
1575115335, 0, 703, 1424, 1345, 141, 11.30%, 0, 0, 3, 118.21
1575115340, 0, 704, 1424, 1344, 140, 11.30%, 0, 0, 3, 106.34
1575115345, 0, 704, 1436, 1355, 139, 11.33%, 0, 0, 3, 81.24
1575115350, 0, 710, 1438, 1357, 142, 11.33%, 0, 0, 3, 98.02
1575115355, 0, 724, 1438, 1355, 141, 11.33%, 0, 0, 3, 104.17
1575115361, 0, 724, 1440, 1357, 141, 11.33%, 0, 0, 3, 98.77
1575115366, 0, 724, 1442, 1359, 141, 11.33%, 0, 0, 3, 85.49
1575115371, 0, 724, 1444, 1361, 141, 11.33%, 0, 0, 3, 84.46
1575115376, 0, 734, 1444, 1360, 140, 11.33%, 0, 0, 3, 97.52
1575115381, 0, 736, 1444, 1359, 139, 11.33%, 0, 0, 3, 93.45
1575115391, 0, 736, 1446, 1360, 138, 11.33%, 0, 0, 3, 105.34
1575115396, 0, 736, 1476, 1390, 138, 11.34%, 0, 0, 3, 82.67
1575115401, 0, 752, 1476, 1390, 143, 11.34%, 0, 0, 3, 95.61
1575115406, 0, 787, 1477, 1390, 142, 11.34%, 0, 0, 3, 96.55
1575115417, 0, 808, 1479, 1391, 141, 11.35%, 0, 0, 3, 96.22
1575115422, 0, 808, 1480, 1392, 141, 11.35%, 0, 0, 3, 95.72
1575115437, 0, 809, 1480, 1391, 141, 11.35%, 0, 0, 3, 97.66
1575115442, 0, 809, 1484, 1395, 141, 11.35%, 0, 0, 3, 87.31
1575115447, 0, 809, 1485, 1396, 141, 11.35%, 0, 0, 3, 103.46
1575115462, 0, 809, 1486, 1397, 141, 11.35%, 0, 0, 3, 98.49
1575115498, 0, 809, 1488, 1399, 141, 11.35%, 0, 0, 3, 114.61
1575115503, 0, 816, 1489, 1399, 141, 11.35%, 0, 0, 3, 110.19
1575115513, 0, 816, 1525, 1434, 140, 11.38%, 0, 0, 3, 89.83
1575115518, 0, 818, 1530, 1439, 142, 11.38%, 0, 0, 3, 91.18
1575115523, 0, 823, 1530, 1438, 141, 11.38%, 0, 0, 3, 91.71
1575115533, 0, 841, 1530, 1437, 140, 11.38%, 0, 0, 3, 103.85
1575115543, 0, 868, 1530, 1436, 139, 11.38%, 0, 0, 3, 120.31
1575115549, 0, 877, 1530, 1435, 138, 11.38%, 0, 0, 3, 102.58
1575115554, 0, 877, 1535, 1439, 138, 11.39%, 0, 0, 3, 87.96
1575115559, 0, 887, 1551, 1455, 138, 11.40%, 0, 0, 3, 80.43
1575115564, 0, 892, 1551, 1454, 137, 11.40%, 0, 0, 3, 95.79
1575115574, 0, 894, 1551, 1453, 136, 11.40%, 0, 0, 3, 101.94
1575115589, 0, 899, 1553, 1454, 135, 11.40%, 0, 0, 3, 102.00
1575115599, 0, 907, 1556, 1455, 133, 11.40%, 0, 0, 3, 102.08
1575115604, 0, 914, 1580, 1479, 138, 11.41%, 0, 0, 3, 78.18
1575115615, 0, 914, 1581, 1480, 138, 11.41%, 0, 0, 3, 112.41
1575115620, 0, 921, 1582, 1480, 138, 11.41%, 0, 0, 3, 103.27
1575115625, 0, 921, 1583, 1481, 138, 11.41%, 0, 0, 3, 93.66
1575115630, 0, 921, 1584, 1482, 138, 11.41%, 0, 0, 3, 95.77
1575115640, 0, 921, 1585, 1483, 138, 11.41%, 0, 0, 3, 97.41
1575115696, 0, 923, 1585, 1482, 140, 11.41%, 0, 0, 3, 93.37
1575115706, 0, 929, 1585, 1481, 139, 11.41%, 0, 0, 3, 98.72
1575115716, 0, 931, 1585, 1480, 138, 11.41%, 0, 0, 3, 102.94
1575115732, 0, 931, 1609, 1503, 137, 11.42%, 0, 0, 3, 63.25
1575115737, 0, 931, 1634, 1528, 137, 11.43%, 0, 0, 3, 61.71
1575115742, 0, 931, 1646, 1540, 137, 11.43%, 0, 0, 3, 60.27
1575115747, 0, 935, 1646, 1540, 139, 11.43%, 0, 0, 3, 85.78
1575115752, 0, 935, 1648, 1542, 139, 11.43%, 0, 0, 4, 82.92
1575115757, 0, 945, 1648, 1540, 139, 11.43%, 0, 0, 4, 100.47
1575115773, 0, 964, 1648, 1539, 138, 11.43%, 0, 0, 4, 92.55
1575115778, 0, 964, 1649, 1540, 138, 11.43%, 0, 0, 4, 103.92
1575115783, 0, 974, 1649, 1539, 137, 11.43%, 0, 0, 4, 113.88
1575115788, 0, 974, 1650, 1539, 136, 11.43%, 0, 0, 4, 112.81
1575115793, 0, 975, 1661, 1550, 142, 11.50%, 0, 0, 4, 89.31
1575115798, 0, 975, 1666, 1555, 142, 11.50%, 0, 0, 4, 86.38
1575115803, 0, 975, 1667, 1556, 142, 11.50%, 0, 0, 4, 90.24
1575115813, 0, 980, 1667, 1555, 140, 11.50%, 0, 0, 4, 99.07
1575115818, 0, 984, 1667, 1554, 139, 11.50%, 0, 0, 4, 101.35
1575115824, 0, 985, 1667, 1553, 138, 11.50%, 0, 0, 4, 103.56
1575115829, 0, 986, 1667, 1552, 137, 11.50%, 0, 0, 4, 93.27
1575115834, 0, 986, 1668, 1553, 137, 11.50%, 0, 0, 4, 100.48
1575115839, 0, 986, 1672, 1556, 136, 11.51%, 0, 0, 4, 102.15
1575115844, 0, 991, 1694, 1578, 133, 11.61%, 0, 0, 4, 82.92
1575115859, 0, 994, 1696, 1579, 132, 11.61%, 0, 0, 4, 103.15
1575115869, 0, 1001, 1696, 1578, 131, 11.61%, 0, 0, 4, 94.45
1575115874, 0, 1005, 1697, 1578, 130, 11.61%, 0, 0, 4, 98.62
1575115879, 0, 1005, 1698, 1579, 130, 11.61%, 0, 0, 4, 103.43
1575115885, 0, 1011, 1698, 1578, 130, 11.61%, 0, 0, 4, 105.59
1575115895, 0, 1011, 1706, 1585, 129, 11.61%, 0, 0, 4, 95.67
1575115900, 0, 1017, 1711, 1590, 131, 11.62%, 0, 0, 4, 100.30
1575115905, 0, 1020, 1711, 1589, 130, 11.62%, 0, 0, 4, 96.50
1575115920, 0, 1032, 1711, 1588, 129, 11.62%, 0, 0, 4, 93.60
1575115930, 0, 1039, 1711, 1587, 128, 11.62%, 0, 0, 4, 101.94
1575115940, 0, 1047, 1711, 1586, 127, 11.62%, 0, 0, 4, 86.68
1575115956, 0, 1060, 1738, 1612, 132, 11.64%, 0, 0, 4, 87.45
1575115961, 0, 1060, 1739, 1613, 132, 11.65%, 0, 0, 4, 105.20
1575115966, 0, 1060, 1740, 1614, 132, 11.65%, 0, 0, 4, 100.44
1575115971, 0, 1068, 1740, 1613, 132, 11.65%, 0, 0, 4, 89.27
1575115981, 0, 1085, 1740, 1612, 131, 11.65%, 0, 0, 4, 104.09
1575115991, 0, 1090, 1740, 1611, 130, 11.65%, 0, 0, 4, 102.61
1575116007, 0, 1093, 1740, 1610, 129, 11.65%, 0, 0, 4, 99.86
1575116012, 0, 1093, 1749, 1618, 128, 11.65%, 0, 0, 4, 92.88
1575116017, 0, 1097, 1752, 1621, 125, 11.65%, 0, 0, 4, 97.56
1575116027, 0, 1098, 1752, 1620, 125, 11.65%, 0, 0, 4, 93.80
1575116038, 0, 1115, 1752, 1619, 124, 11.65%, 0, 0, 4, 103.10
1575116048, 0, 1116, 1753, 1619, 123, 11.65%, 0, 0, 4, 83.79
1575116063, 0, 1122, 1753, 1618, 122, 11.65%, 0, 0, 4, 86.00
1575116073, 0, 1122, 1763, 1627, 121, 11.66%, 0, 0, 4, 32.08
1575116078, 0, 1122, 1769, 1633, 121, 11.66%, 0, 0, 4, 68.75
1575116083, 0, 1123, 1772, 1636, 126, 11.66%, 0, 0, 4, 97.41
1575116094, 0, 1123, 1773, 1637, 126, 11.66%, 0, 0, 4, 108.56
1575116099, 0, 1127, 1773, 1636, 125, 11.66%, 0, 0, 4, 111.69
1575116109, 0, 1127, 1777, 1640, 125, 11.67%, 0, 0, 4, 94.01
1575116114, 0, 1127, 1780, 1643, 125, 11.67%, 0, 0, 4, 95.52
1575116119, 0, 1136, 1780, 1642, 125, 11.67%, 0, 0, 4, 90.74
1575116124, 0, 1136, 1781, 1643, 125, 11.67%, 0, 0, 4, 105.13
1575116129, 0, 1151, 1781, 1642, 124, 11.67%, 0, 0, 4, 117.04
1575116139, 0, 1155, 1781, 1641, 123, 11.67%, 0, 0, 4, 96.82
1575116144, 0, 1155, 1786, 1645, 122, 11.67%, 0, 0, 4, 94.49
1575116149, 0, 1155, 1810, 1669, 122, 11.71%, 0, 0, 4, 77.51
1575116154, 0, 1155, 1828, 1687, 122, 11.78%, 0, 0, 4, 67.38
1575116160, 0, 1160, 1837, 1696, 133, 11.79%, 0, 0, 4, 80.49
1575116175, 0, 1166, 1837, 1695, 132, 11.79%, 0, 0, 4, 99.87
1575116180, 0, 1174, 1837, 1694, 131, 11.79%, 0, 0, 4, 101.01
1575116185, 0, 1188, 1837, 1693, 130, 11.79%, 0, 0, 4, 93.61
1575116195, 0, 1214, 1837, 1692, 129, 11.79%, 0, 0, 4, 99.12
1575116205, 0, 1214, 1861, 1715, 128, 11.80%, 0, 0, 4, 82.03
1575116210, 0, 1218, 1861, 1715, 127, 11.80%, 0, 0, 4, 96.32
1575116215, 0, 1218, 1862, 1716, 127, 11.80%, 0, 0, 4, 97.83
1575116220, 0, 1223, 1862, 1715, 126, 11.80%, 0, 0, 4, 95.75
1575116226, 0, 1224, 1862, 1714, 125, 11.80%, 0, 0, 4, 87.13
1575116231, 0, 1229, 1862, 1713, 124, 11.80%, 0, 0, 4, 86.53
1575116241, 0, 1262, 1863, 1713, 123, 11.80%, 0, 0, 4, 89.89
1575116246, 0, 1262, 1866, 1716, 123, 11.80%, 0, 0, 4, 104.42
1575116271, 0, 1262, 1874, 1723, 122, 11.81%, 0, 0, 4, 78.94
1575116276, 0, 1284, 1880, 1729, 126, 11.81%, 0, 0, 4, 93.53
1575116286, 0, 1284, 1881, 1730, 126, 11.83%, 0, 0, 4, 93.55
1575116291, 0, 1294, 1881, 1729, 123, 11.83%, 0, 0, 4, 105.50
1575116297, 0, 1294, 1883, 1731, 123, 11.83%, 0, 0, 4, 109.73
1575116307, 0, 1298, 1883, 1730, 122, 11.83%, 0, 0, 4, 92.58
1575116317, 0, 1301, 1883, 1729, 121, 11.83%, 0, 0, 4, 84.07
1575116322, 0, 1301, 1884, 1730, 121, 11.83%, 0, 0, 4, 87.32
1575116332, 0, 1321, 1884, 1729, 120, 11.83%, 0, 0, 4, 100.92
1575116342, 0, 1321, 1885, 1730, 120, 11.83%, 0, 0, 4, 105.41
1575116348, 0, 1321, 1915, 1759, 119, 11.84%, 0, 0, 4, 83.54
1575116353, 0, 1324, 1916, 1760, 123, 11.84%, 0, 0, 4, 99.50
1575116363, 0, 1335, 1916, 1759, 122, 11.84%, 0, 0, 4, 80.41
1575116368, 0, 1335, 1918, 1761, 122, 11.84%, 0, 0, 4, 85.00
1575116383, 0, 1335, 1919, 1762, 122, 11.84%, 0, 0, 4, 114.02
1575116388, 0, 1337, 1919, 1761, 121, 11.84%, 0, 0, 4, 115.12
1575116393, 0, 1348, 1919, 1760, 120, 11.84%, 0, 0, 4, 101.04
1575116398, 0, 1376, 1919, 1759, 119, 11.84%, 0, 0, 4, 88.99
1575116403, 0, 1376, 1931, 1770, 119, 11.85%, 0, 0, 4, 84.50
1575116409, 0, 1380, 1941, 1780, 118, 11.85%, 0, 0, 4, 79.18
1575116414, 0, 1380, 1949, 1788, 118, 11.85%, 0, 0, 4, 92.88
1575116419, 0, 1380, 1950, 1789, 118, 11.85%, 0, 0, 4, 89.46
1575116424, 0, 1380, 1953, 1792, 118, 11.85%, 0, 0, 4, 83.23
1575116439, 0, 1421, 1953, 1791, 118, 11.85%, 0, 0, 4, 84.63
1575116454, 0, 1428, 1953, 1790, 117, 11.85%, 0, 0, 4, 78.67
1575116459, 0, 1428, 1955, 1792, 117, 11.85%, 0, 0, 4, 84.33
1575116464, 0, 1431, 1955, 1791, 117, 11.85%, 0, 0, 4, 90.82
1575116469, 0, 1435, 1955, 1790, 116, 11.85%, 0, 0, 4, 95.82
1575116485, 0, 1435, 1979, 1813, 115, 11.90%, 0, 0, 4, 66.02
1575116490, 0, 1440, 1979, 1813, 117, 11.90%, 0, 0, 4, 75.08
1575116500, 0, 1451, 1979, 1812, 117, 11.90%, 0, 0, 4, 94.35
1575116515, 0, 1455, 1979, 1811, 116, 11.90%, 0, 0, 4, 82.22
1575116520, 0, 1455, 1980, 1812, 116, 11.90%, 0, 0, 4, 95.10
1575116525, 0, 1455, 1981, 1813, 116, 11.90%, 0, 0, 4, 92.22
1575116531, 0, 1456, 1981, 1812, 114, 11.90%, 0, 0, 4, 100.37
1575116536, 0, 1460, 1981, 1811, 113, 11.90%, 0, 0, 4, 93.21
1575116546, 0, 1460, 1990, 1819, 112, 11.90%, 0, 0, 4, 75.64
1575116551, 0, 1470, 1994, 1823, 116, 11.90%, 0, 0, 4, 73.56
1575116561, 0, 1478, 1994, 1822, 115, 11.90%, 0, 0, 4, 94.54
1575116576, 0, 1484, 1994, 1821, 114, 11.90%, 0, 0, 4, 99.21
1575116581, 0, 1486, 1994, 1820, 113, 11.90%, 0, 0, 4, 92.17
1575116587, 0, 1489, 1995, 1820, 112, 11.90%, 0, 0, 4, 96.90
1575116597, 0, 1501, 2012, 1836, 114, 11.91%, 0, 0, 4, 84.33
1575116612, 0, 1507, 2012, 1835, 112, 11.91%, 0, 0, 4, 89.73
1575116622, 0, 1510, 2012, 1834, 111, 11.91%, 0, 0, 4, 106.06
1575116637, 0, 1518, 2019, 1840, 110, 11.91%, 0, 0, 4, 104.10
1575116642, 0, 1518, 2021, 1842, 110, 11.91%, 0, 0, 4, 117.61
1575116653, 0, 1518, 2023, 1844, 110, 11.91%, 0, 0, 4, 96.78
1575116663, 0, 1518, 2024, 1845, 110, 11.91%, 0, 0, 4, 111.41
1575116668, 0, 1518, 2025, 1846, 110, 11.91%, 0, 0, 4, 103.82
1575116719, 0, 1521, 2027, 1847, 113, 11.91%, 0, 0, 4, 107.70
1575116729, 0, 1521, 2056, 1875, 112, 11.98%, 0, 0, 4, 101.24
1575116734, 0, 1524, 2069, 1888, 123, 12.01%, 0, 0, 4, 102.68
1575116739, 0, 1528, 2070, 1888, 122, 12.01%, 0, 0, 4, 100.13
1575116744, 0, 1531, 2070, 1887, 121, 12.01%, 0, 0, 4, 95.19
1575116749, 0, 1531, 2072, 1889, 121, 12.02%, 0, 0, 4, 93.09
1575116754, 0, 1532, 2073, 1889, 121, 12.02%, 0, 0, 4, 104.83
1575116759, 0, 1533, 2073, 1888, 120, 12.02%, 0, 0, 4, 106.70
1575116769, 0, 1535, 2086, 1900, 121, 12.03%, 0, 0, 4, 82.61
1575116785, 0, 1535, 2093, 1907, 121, 12.03%, 0, 0, 4, 105.43
1575116790, 0, 1540, 2094, 1907, 119, 12.03%, 0, 0, 4, 95.18
1575116805, 0, 1547, 2094, 1906, 118, 12.03%, 0, 0, 4, 103.36
1575116810, 0, 1547, 2095, 1907, 118, 12.03%, 0, 0, 4, 110.24
1575116815, 0, 1559, 2096, 1907, 117, 12.03%, 0, 0, 4, 93.06
1575116825, 0, 1560, 2096, 1906, 118, 12.03%, 0, 0, 4, 76.43
1575116830, 0, 1560, 2104, 1913, 118, 12.04%, 0, 0, 4, 78.78
1575116836, 0, 1560, 2120, 1929, 118, 12.04%, 0, 0, 4, 49.25
1575116841, 0, 1561, 2122, 1931, 121, 12.04%, 0, 0, 4, 86.25
1575116846, 0, 1565, 2122, 1930, 120, 12.04%, 0, 0, 4, 106.01
1575116851, 0, 1580, 2122, 1929, 119, 12.04%, 0, 0, 4, 103.79
1575116856, 0, 1581, 2122, 1928, 118, 12.04%, 0, 0, 4, 101.32
1575116866, 0, 1582, 2122, 1927, 117, 12.04%, 0, 0, 4, 108.50
1575116876, 0, 1582, 2126, 1930, 116, 12.04%, 0, 0, 4, 76.49
1575116882, 0, 1584, 2136, 1940, 119, 12.05%, 0, 0, 4, 52.15
1575116897, 0, 1641, 2136, 1939, 118, 12.05%, 0, 0, 4, 98.83
1575116907, 0, 1641, 2138, 1941, 118, 12.05%, 0, 0, 4, 103.78
1575116912, 0, 1647, 2138, 1940, 117, 12.05%, 0, 0, 4, 86.96
1575116922, 0, 1654, 2139, 1940, 116, 12.05%, 0, 0, 4, 104.45
1575116938, 0, 1660, 2139, 1939, 115, 12.05%, 0, 0, 4, 97.80
1575116948, 0, 1660, 2147, 1946, 114, 12.06%, 0, 0, 4, 104.64
1575116953, 0, 1666, 2153, 1952, 115, 12.06%, 0, 0, 4, 104.16
1575116963, 0, 1678, 2154, 1952, 114, 12.06%, 0, 0, 4, 96.21
1575116978, 0, 1682, 2154, 1951, 113, 12.06%, 0, 0, 4, 90.16
1575116983, 0, 1682, 2156, 1953, 113, 12.06%, 0, 0, 4, 98.26
1575117004, 0, 1684, 2157, 1953, 112, 12.06%, 0, 0, 4, 89.96
1575117009, 0, 1684, 2159, 1955, 112, 12.06%, 0, 0, 4, 97.39
1575117025, 0, 1684, 2161, 1957, 112, 12.07%, 0, 0, 4, 95.52
1575117030, 0, 1684, 2162, 1958, 112, 12.07%, 0, 0, 4, 90.82
1575117045, 0, 1684, 2163, 1959, 112, 12.07%, 0, 0, 4, 95.13
1575117050, 0, 1684, 2165, 1961, 112, 12.07%, 0, 0, 4, 101.48
1575117060, 0, 1684, 2166, 1962, 112, 12.07%, 0, 0, 4, 96.08
1575117070, 0, 1684, 2167, 1963, 112, 12.07%, 0, 0, 4, 95.41
1575117075, 0, 1688, 2167, 1962, 116, 12.07%, 0, 0, 4, 102.75
1575117080, 0, 1688, 2168, 1963, 116, 12.07%, 0, 0, 4, 95.83
1575117091, 0, 1688, 2187, 1981, 115, 12.08%, 0, 0, 4, 65.95
1575117096, 0, 1688, 2197, 1991, 115, 12.08%, 0, 0, 4, 59.67
1575117101, 0, 1709, 2197, 1990, 117, 12.08%, 0, 0, 4, 87.93
1575117106, 0, 1709, 2198, 1991, 117, 12.08%, 0, 0, 4, 93.40
1575117111, 0, 1711, 2198, 1990, 116, 12.08%, 0, 0, 4, 99.41
1575117121, 0, 1720, 2198, 1989, 115, 12.08%, 0, 0, 4, 90.27
1575117131, 0, 1726, 2199, 1989, 114, 12.08%, 0, 0, 4, 98.13
1575117137, 0, 1726, 2200, 1990, 114, 12.08%, 0, 0, 4, 105.64
1575117142, 0, 1726, 2202, 1992, 114, 12.08%, 0, 0, 4, 105.03
1575117147, 0, 1726, 2203, 1993, 114, 12.08%, 0, 0, 4, 103.76
1575117172, 0, 1726, 2204, 1994, 114, 12.08%, 0, 0, 4, 106.43
1575117198, 0, 1726, 2223, 2012, 113, 12.10%, 0, 0, 4, 91.73
1575117203, 0, 1726, 2250, 2039, 113, 12.13%, 0, 0, 4, 76.10
1575117208, 0, 1729, 2250, 2039, 122, 12.13%, 0, 0, 4, 80.05
1575117213, 0, 1729, 2251, 2040, 122, 12.13%, 0, 0, 4, 96.79
1575117218, 0, 1729, 2252, 2041, 122, 12.13%, 0, 0, 4, 100.00
1575117223, 0, 1742, 2253, 2041, 121, 12.13%, 0, 0, 4, 96.53
1575117238, 0, 1749, 2253, 2040, 121, 12.13%, 0, 0, 4, 106.13
1575117249, 0, 1758, 2253, 2039, 120, 12.13%, 0, 0, 4, 97.92
1575117254, 0, 1761, 2253, 2038, 119, 12.13%, 0, 0, 4, 106.61
1575117264, 0, 1761, 2269, 2053, 118, 12.15%, 0, 0, 4, 72.38
1575117269, 0, 1768, 2281, 2065, 121, 12.23%, 0, 0, 4, 65.36
1575117274, 0, 1768, 2282, 2066, 121, 12.23%, 0, 0, 4, 99.91
1575117284, 0, 1770, 2282, 2065, 120, 12.23%, 0, 0, 4, 92.79
1575117289, 0, 1779, 2282, 2064, 119, 12.23%, 0, 0, 4, 91.88
1575117299, 0, 1795, 2282, 2063, 118, 12.23%, 0, 0, 4, 104.08
1575117304, 0, 1795, 2283, 2064, 118, 12.23%, 0, 0, 4, 90.45
1575117310, 0, 1795, 2286, 2067, 118, 12.23%, 0, 0, 4, 97.60
1575117315, 0, 1795, 2288, 2069, 118, 12.23%, 0, 0, 4, 106.51
1575117320, 0, 1797, 2292, 2072, 117, 12.23%, 0, 0, 4, 120.21
1575117325, 0, 1797, 2293, 2073, 117, 12.23%, 0, 0, 4, 102.39
1575117330, 0, 1797, 2294, 2074, 117, 12.23%, 0, 0, 4, 100.06
1575117351, 0, 1797, 2296, 2076, 117, 12.23%, 0, 0, 4, 87.99
1575117356, 0, 1797, 2313, 2092, 116, 12.23%, 0, 0, 4, 72.91
1575117361, 0, 1797, 2342, 2121, 116, 12.24%, 0, 0, 4, 60.42
1575117366, 0, 1829, 2354, 2133, 118, 12.24%, 0, 0, 4, 61.62
1575117371, 0, 1829, 2355, 2134, 118, 12.24%, 0, 0, 4, 94.57
1575117381, 0, 1847, 2355, 2133, 117, 12.24%, 0, 0, 4, 106.16
1575117396, 0, 1849, 2355, 2132, 116, 12.24%, 0, 0, 4, 92.14
1575117402, 0, 1851, 2355, 2131, 115, 12.24%, 0, 0, 4, 99.97
1575117407, 0, 1851, 2357, 2133, 115, 12.24%, 0, 0, 4, 102.30
1575117412, 0, 1851, 2358, 2134, 115, 12.24%, 0, 0, 4, 89.33
1575117417, 0, 1851, 2359, 2135, 115, 12.24%, 0, 0, 4, 92.52
1575117422, 0, 1851, 2360, 2136, 115, 12.24%, 0, 0, 4, 100.91
1575117432, 0, 1851, 2362, 2138, 115, 12.24%, 0, 0, 4, 109.51
1575117437, 0, 1851, 2363, 2139, 115, 12.25%, 0, 0, 4, 97.03
1575117447, 0, 1851, 2364, 2140, 115, 12.25%, 0, 0, 4, 96.24
1575117452, 0, 1851, 2365, 2141, 115, 12.25%, 0, 0, 4, 106.24
1575117463, 0, 1851, 2366, 2142, 115, 12.25%, 0, 0, 4, 88.51
1575117473, 0, 1864, 2368, 2143, 116, 12.25%, 0, 0, 4, 106.47
1575117488, 0, 1864, 2381, 2155, 115, 12.27%, 0, 0, 4, 76.80
1575117493, 0, 1864, 2406, 2180, 115, 12.28%, 0, 0, 4, 54.30
1575117498, 0, 1864, 2435, 2209, 115, 12.32%, 0, 0, 4, 58.59
1575117503, 0, 1864, 2449, 2223, 115, 12.32%, 0, 0, 4, 60.02
1575117508, 0, 1864, 2455, 2229, 115, 12.32%, 0, 0, 4, 56.91
1575117513, 0, 1867, 2465, 2239, 123, 12.39%, 0, 0, 4, 67.88
1575117529, 0, 1879, 2465, 2238, 122, 12.39%, 0, 0, 4, 105.52
1575117534, 0, 1883, 2466, 2238, 121, 12.39%, 0, 0, 4, 90.39
1575117544, 0, 1901, 2467, 2238, 120, 12.39%, 0, 0, 4, 91.18
1575117549, 0, 1901, 2469, 2240, 120, 12.39%, 0, 0, 4, 96.04
1575117569, 0, 1903, 2469, 2239, 119, 12.39%, 0, 0, 4, 83.77
1575117579, 0, 1903, 2490, 2259, 118, 12.42%, 0, 0, 4, 63.24
1575117584, 0, 1903, 2514, 2283, 118, 12.43%, 0, 0, 4, 56.74
1575117590, 0, 1903, 2527, 2296, 118, 12.43%, 0, 0, 4, 58.93
1575117595, 0, 1938, 2528, 2297, 131, 12.43%, 0, 0, 4, 85.50
1575117600, 0, 1963, 2528, 2296, 130, 12.43%, 0, 0, 4, 90.33
1575117605, 0, 1970, 2528, 2294, 128, 12.43%, 0, 0, 4, 98.10
1575117615, 0, 1973, 2529, 2294, 128, 12.43%, 0, 0, 4, 91.66
1575117625, 0, 1973, 2543, 2307, 127, 12.44%, 0, 0, 4, 78.75
1575117630, 0, 1981, 2549, 2313, 133, 12.44%, 0, 0, 4, 74.79
1575117646, 0, 1984, 2549, 2312, 132, 12.44%, 0, 0, 4, 92.39
1575117651, 0, 1984, 2550, 2313, 132, 12.44%, 0, 0, 4, 98.17
1575117656, 0, 1987, 2550, 2312, 131, 12.44%, 0, 0, 4, 100.09
1575117666, 0, 1991, 2551, 2312, 130, 12.44%, 0, 0, 4, 101.21
1575117671, 0, 1992, 2551, 2310, 128, 12.44%, 0, 0, 4, 105.61
1575117676, 0, 1992, 2568, 2327, 128, 12.45%, 0, 0, 4, 71.35
1575117681, 0, 1994, 2569, 2328, 132, 12.45%, 0, 0, 4, 89.08
1575117691, 0, 2002, 2569, 2327, 132, 12.45%, 0, 0, 4, 97.87
1575117696, 0, 2005, 2570, 2327, 131, 12.45%, 0, 0, 4, 94.92
1575117701, 0, 2008, 2572, 2328, 130, 12.45%, 0, 0, 4, 98.21
1575117712, 0, 2009, 2572, 2327, 129, 12.45%, 0, 0, 4, 86.86
1575117722, 0, 2009, 2585, 2339, 128, 12.45%, 0, 0, 4, 88.25
1575117727, 0, 2019, 2590, 2343, 125, 12.46%, 0, 0, 4, 102.77
1575117732, 0, 2025, 2594, 2346, 124, 12.46%, 0, 0, 4, 96.10
1575117747, 0, 2026, 2595, 2346, 123, 12.46%, 0, 0, 4, 109.73
1575117752, 0, 2030, 2595, 2345, 123, 12.46%, 0, 0, 4, 94.19
1575117757, 0, 2030, 2600, 2349, 122, 12.47%, 0, 0, 4, 68.52
1575117762, 0, 2032, 2604, 2353, 121, 12.47%, 0, 0, 4, 79.41
1575117767, 0, 2032, 2605, 2354, 121, 12.47%, 0, 0, 4, 89.49
1575117772, 0, 2032, 2607, 2356, 121, 12.47%, 0, 0, 4, 86.05
1575117777, 0, 2041, 2607, 2355, 121, 12.47%, 0, 0, 4, 91.78
1575117793, 0, 2042, 2607, 2354, 120, 12.47%, 0, 0, 4, 100.59
1575117798, 0, 2044, 2609, 2355, 119, 12.47%, 0, 0, 4, 101.30
1575117803, 0, 2047, 2609, 2354, 118, 12.47%, 0, 0, 4, 99.39
1575117813, 0, 2047, 2614, 2358, 118, 12.48%, 0, 0, 4, 92.31
1575117824, 0, 2051, 2614, 2358, 120, 12.48%, 0, 0, 4, 89.77
1575117829, 0, 2051, 2617, 2361, 120, 12.48%, 0, 0, 4, 95.35
1575117834, 0, 2051, 2621, 2365, 120, 12.48%, 0, 0, 4, 82.69
1575117839, 0, 2051, 2624, 2368, 120, 12.49%, 0, 0, 4, 93.53
1575117844, 0, 2059, 2624, 2367, 116, 12.49%, 0, 0, 4, 102.30
1575117849, 0, 2059, 2625, 2368, 116, 12.49%, 0, 0, 4, 106.66
1575117854, 0, 2060, 2625, 2367, 115, 12.49%, 0, 0, 4, 94.08
1575117859, 0, 2060, 2626, 2368, 115, 12.49%, 0, 0, 4, 89.92
1575117864, 0, 2063, 2627, 2367, 113, 12.49%, 0, 0, 4, 91.09
1575117874, 0, 2063, 2637, 2376, 112, 12.49%, 0, 0, 4, 68.20
1575117880, 0, 2078, 2638, 2377, 113, 12.50%, 0, 0, 4, 83.41
1575117885, 0, 2083, 2640, 2378, 112, 12.50%, 0, 0, 4, 90.05
1575117895, 0, 2088, 2640, 2377, 111, 12.50%, 0, 0, 4, 104.41
1575117905, 0, 2089, 2640, 2376, 110, 12.50%, 0, 0, 4, 108.75
1575117915, 0, 2095, 2641, 2376, 109, 12.50%, 0, 0, 4, 87.81
1575117920, 0, 2095, 2642, 2377, 109, 12.50%, 0, 0, 4, 89.60
1575117925, 0, 2095, 2643, 2378, 109, 12.50%, 0, 0, 4, 98.07
1575117941, 0, 2095, 2645, 2379, 108, 12.50%, 0, 0, 4, 85.65
1575117946, 0, 2110, 2665, 2399, 112, 12.51%, 0, 0, 4, 63.00
1575117956, 0, 2111, 2665, 2398, 111, 12.51%, 0, 0, 4, 64.08
1575117961, 0, 2111, 2667, 2400, 111, 12.51%, 0, 0, 4, 61.63
1575117966, 0, 2121, 2668, 2400, 110, 12.51%, 0, 0, 4, 84.06
1575117976, 0, 2125, 2668, 2399, 109, 12.51%, 0, 0, 4, 98.03
1575117981, 0, 2125, 2672, 2403, 109, 12.51%, 0, 0, 4, 86.67
1575117986, 0, 2125, 2675, 2406, 109, 12.51%, 0, 0, 4, 100.08
1575117991, 0, 2125, 2677, 2408, 109, 12.51%, 0, 0, 4, 107.25
1575117996, 0, 2125, 2678, 2409, 109, 12.51%, 0, 0, 4, 93.77
1575118007, 0, 2125, 2679, 2410, 109, 12.51%, 0, 0, 4, 91.60
1575118012, 0, 2125, 2680, 2411, 109, 12.51%, 0, 0, 4, 93.07
1575118022, 0, 2125, 2681, 2412, 109, 12.51%, 0, 0, 4, 87.71
1575118032, 0, 2125, 2682, 2413, 109, 12.52%, 0, 0, 4, 88.08
1575118042, 0, 2125, 2683, 2414, 109, 12.52%, 0, 0, 4, 88.24
1575118072, 0, 2133, 2683, 2413, 111, 12.52%, 0, 0, 4, 85.67
1575118082, 0, 2133, 2691, 2420, 111, 12.52%, 0, 0, 4, 90.64
1575118087, 0, 2133, 2723, 2452, 111, 12.53%, 0, 0, 4, 68.02
1575118093, 0, 2134, 2729, 2458, 116, 12.53%, 0, 0, 4, 63.55
1575118103, 0, 2139, 2729, 2457, 115, 12.53%, 0, 0, 4, 93.29
1575118108, 0, 2139, 2730, 2458, 115, 12.53%, 0, 0, 4, 89.79
1575118113, 0, 2139, 2731, 2459, 115, 12.53%, 0, 0, 4, 93.06
1575118128, 0, 2141, 2731, 2458, 114, 12.53%, 0, 0, 4, 91.17
1575118133, 0, 2141, 2732, 2459, 114, 12.53%, 0, 0, 4, 94.06
1575118138, 0, 2143, 2732, 2458, 113, 12.53%, 0, 0, 4, 96.40
1575118148, 0, 2157, 2732, 2457, 112, 12.53%, 0, 0, 4, 90.64
1575118164, 0, 2157, 2746, 2470, 111, 12.55%, 0, 0, 4, 60.58
1575118169, 0, 2165, 2748, 2472, 115, 12.55%, 0, 0, 4, 64.31
1575118184, 0, 2199, 2748, 2470, 113, 12.55%, 0, 0, 4, 90.38
1575118195, 0, 2201, 2748, 2469, 112, 12.55%, 0, 0, 4, 110.06
1575118210, 0, 2204, 2748, 2468, 111, 12.55%, 0, 0, 4, 91.79
1575118215, 0, 2204, 2749, 2469, 111, 12.55%, 0, 0, 4, 98.21
1575118220, 0, 2204, 2755, 2474, 110, 12.56%, 0, 0, 4, 87.18
1575118225, 0, 2204, 2778, 2497, 110, 12.60%, 0, 0, 4, 64.81
1575118230, 0, 2206, 2780, 2499, 107, 12.60%, 0, 0, 4, 94.76
1575118240, 0, 2207, 2781, 2499, 107, 12.60%, 0, 0, 4, 87.16
1575118251, 0, 2207, 2782, 2500, 107, 12.60%, 0, 0, 4, 100.79
1575118256, 0, 2218, 2783, 2500, 106, 12.60%, 0, 0, 4, 96.94
1575118261, 0, 2218, 2786, 2503, 106, 12.60%, 0, 0, 4, 96.56
1575118266, 0, 2218, 2787, 2504, 106, 12.60%, 0, 0, 4, 112.51
1575118271, 0, 2218, 2788, 2505, 106, 12.60%, 0, 0, 4, 99.62
1575118286, 0, 2218, 2790, 2507, 106, 12.60%, 0, 0, 4, 105.71
1575118291, 0, 2218, 2791, 2508, 106, 12.60%, 0, 0, 4, 95.78
1575118296, 0, 2218, 2793, 2510, 106, 12.60%, 0, 0, 4, 91.75
1575118302, 0, 2218, 2795, 2512, 106, 12.60%, 0, 0, 4, 99.01
1575118327, 0, 2232, 2795, 2511, 107, 12.60%, 0, 0, 4, 100.96
1575118332, 0, 2261, 2795, 2510, 106, 12.60%, 0, 0, 4, 99.54
1575118342, 0, 2261, 2796, 2510, 105, 12.60%, 0, 0, 4, 93.19
1575118347, 0, 2261, 2825, 2539, 105, 12.62%, 0, 0, 4, 63.57
1575118352, 0, 2261, 2857, 2571, 105, 12.62%, 0, 0, 4, 63.50
1575118358, 0, 2261, 2882, 2596, 105, 12.63%, 0, 0, 4, 54.76
1575118363, 0, 2261, 2895, 2609, 105, 12.63%, 0, 0, 4, 47.35
1575118368, 0, 2270, 2900, 2614, 111, 12.63%, 0, 0, 4, 56.30
1575118383, 0, 2293, 2900, 2613, 110, 12.63%, 0, 0, 4, 91.94
1575118388, 0, 2305, 2900, 2612, 109, 12.63%, 0, 0, 4, 97.11
1575118398, 0, 2316, 2900, 2611, 108, 12.63%, 0, 0, 4, 104.70
1575118403, 0, 2316, 2910, 2621, 108, 12.65%, 0, 0, 4, 81.85
1575118408, 0, 2316, 2919, 2630, 108, 12.65%, 0, 0, 4, 83.14
1575118413, 0, 2328, 2919, 2629, 107, 12.65%, 0, 0, 4, 98.24
1575118424, 0, 2328, 2933, 2642, 107, 12.65%, 0, 0, 4, 70.73
1575118429, 0, 2328, 2943, 2652, 107, 12.65%, 0, 0, 4, 54.52
1575118434, 0, 2337, 2943, 2652, 109, 12.65%, 0, 0, 4, 91.99
1575118444, 0, 2362, 2943, 2651, 108, 12.65%, 0, 0, 4, 90.02
1575118459, 0, 2367, 2943, 2650, 107, 12.65%, 0, 0, 4, 92.27
1575118464, 0, 2378, 2944, 2650, 106, 12.65%, 0, 0, 4, 90.51
1575118480, 0, 2411, 2945, 2650, 105, 12.65%, 0, 0, 4, 99.13
1575118490, 0, 2411, 2946, 2651, 105, 12.65%, 0, 0, 4, 104.85
1575118495, 0, 2411, 2951, 2656, 105, 12.65%, 0, 0, 4, 84.88
1575118500, 0, 2411, 2953, 2658, 105, 12.65%, 0, 0, 4, 76.17
1575118505, 0, 2411, 2958, 2663, 105, 12.65%, 0, 0, 4, 79.14
1575118510, 0, 2411, 2979, 2683, 104, 12.66%, 0, 0, 4, 54.86
1575118515, 0, 2411, 3007, 2711, 104, 12.69%, 0, 0, 4, 51.97
1575118520, 0, 2411, 3020, 2724, 104, 12.69%, 0, 0, 4, 50.59
1575118525, 0, 2411, 3029, 2733, 104, 12.69%, 0, 0, 4, 52.80
1575118531, 0, 2411, 3048, 2752, 104, 12.72%, 0, 0, 4, 43.70
1575118536, 0, 2433, 3054, 2758, 105, 12.73%, 0, 0, 4, 72.75
1575118546, 0, 2444, 3055, 2758, 104, 12.73%, 0, 0, 4, 88.20
1575118551, 0, 2444, 3056, 2759, 104, 12.73%, 0, 0, 4, 90.78
1575118566, 0, 2470, 3056, 2758, 102, 12.73%, 0, 0, 4, 100.55
1575118571, 0, 2470, 3057, 2759, 102, 12.73%, 0, 0, 4, 87.20
1575118581, 0, 2472, 3058, 2759, 102, 12.73%, 0, 0, 4, 95.05
1575118592, 0, 2473, 3058, 2758, 101, 12.73%, 0, 0, 4, 100.08
1575118602, 0, 2473, 3075, 2774, 100, 12.73%, 0, 0, 4, 58.69
1575118607, 0, 2473, 3090, 2789, 100, 12.76%, 0, 0, 4, 45.44
1575118612, 0, 2473, 3107, 2806, 100, 12.77%, 0, 0, 4, 39.57
1575118617, 0, 2473, 3124, 2823, 100, 12.77%, 0, 0, 4, 41.14
1575118622, 0, 2473, 3132, 2831, 100, 12.77%, 0, 0, 4, 49.13
1575118627, 0, 2476, 3134, 2833, 105, 12.77%, 0, 0, 4, 82.74
1575118632, 0, 2479, 3134, 2832, 104, 12.77%, 0, 0, 4, 81.48
1575118637, 0, 2483, 3134, 2831, 103, 12.77%, 0, 0, 4, 88.62
1575118642, 0, 2483, 3137, 2834, 103, 12.77%, 0, 0, 4, 102.17
1575118647, 0, 2483, 3141, 2838, 103, 12.77%, 0, 0, 4, 107.01
1575118653, 0, 2483, 3142, 2839, 103, 12.77%, 0, 0, 4, 97.13
1575118663, 0, 2483, 3143, 2840, 103, 12.77%, 0, 0, 4, 96.59
1575118673, 0, 2483, 3145, 2842, 103, 12.77%, 0, 0, 4, 93.96
1575118693, 0, 2483, 3147, 2844, 103, 12.77%, 0, 0, 4, 86.93
1575118728, 0, 2483, 3148, 2845, 103, 12.77%, 0, 0, 4, 90.77
1575118733, 0, 2485, 3148, 2844, 107, 12.77%, 0, 0, 4, 92.86
1575118738, 0, 2504, 3148, 2843, 106, 12.77%, 0, 0, 4, 89.52
1575118749, 0, 2504, 3149, 2844, 106, 12.77%, 0, 0, 4, 105.61
1575118754, 0, 2504, 3170, 2864, 105, 12.78%, 0, 0, 4, 67.31
1575118759, 0, 2504, 3195, 2889, 105, 12.79%, 0, 0, 4, 55.67
1575118764, 0, 2504, 3212, 2906, 105, 12.80%, 0, 0, 4, 53.40
1575118769, 0, 2504, 3219, 2913, 105, 12.80%, 0, 0, 4, 54.41
1575118774, 0, 2504, 3222, 2916, 105, 12.80%, 0, 0, 4, 48.17
1575118779, 0, 2525, 3222, 2915, 107, 12.80%, 0, 0, 4, 84.08
1575118784, 0, 2528, 3222, 2914, 106, 12.80%, 0, 0, 4, 77.62
1575118795, 0, 2529, 3222, 2913, 105, 12.80%, 0, 0, 4, 85.57
1575118800, 0, 2529, 3226, 2917, 105, 12.80%, 0, 0, 4, 93.01
1575118805, 0, 2529, 3230, 2921, 105, 12.80%, 0, 0, 4, 95.76
1575118815, 0, 2530, 3230, 2920, 105, 12.80%, 0, 0, 4, 87.31
1575118825, 0, 2530, 3245, 2934, 104, 12.80%, 0, 0, 4, 67.84
1575118830, 0, 2533, 3247, 2936, 105, 12.80%, 0, 0, 4, 77.96
1575118840, 0, 2538, 3247, 2935, 104, 12.80%, 0, 0, 4, 86.94
1575118850, 0, 2538, 3252, 2940, 104, 12.80%, 0, 0, 4, 86.94
1575118855, 0, 2538, 3259, 2947, 104, 12.80%, 0, 0, 4, 88.34
1575118861, 0, 2538, 3265, 2953, 104, 12.80%, 0, 0, 4, 75.33
1575118866, 0, 2542, 3267, 2954, 105, 12.80%, 0, 0, 4, 77.96
1575118871, 0, 2542, 3268, 2955, 105, 12.80%, 0, 0, 4, 87.31
1575118876, 0, 2551, 3268, 2954, 104, 12.80%, 0, 0, 4, 90.35
1575118886, 0, 2559, 3270, 2955, 103, 12.80%, 0, 0, 4, 106.26
1575118891, 0, 2559, 3271, 2956, 103, 12.80%, 0, 0, 4, 100.31
1575118912, 0, 2559, 3289, 2973, 102, 12.82%, 0, 0, 4, 71.84
1575118917, 0, 2559, 3296, 2980, 102, 12.82%, 0, 0, 4, 56.49
1575118922, 0, 2565, 3297, 2981, 105, 12.82%, 0, 0, 4, 75.90
1575118932, 0, 2567, 3297, 2980, 104, 12.82%, 0, 0, 4, 90.93
1575118942, 0, 2572, 3297, 2979, 103, 12.82%, 0, 0, 4, 96.80
1575118948, 0, 2583, 3297, 2978, 102, 12.82%, 0, 0, 4, 96.37
1575118958, 0, 2600, 3297, 2977, 101, 12.82%, 0, 0, 4, 99.46
1575118968, 0, 2600, 3314, 2993, 100, 12.82%, 0, 0, 4, 56.97
1575118973, 0, 2600, 3325, 3004, 100, 12.82%, 0, 0, 4, 42.50
1575118978, 0, 2600, 3335, 3014, 100, 12.82%, 0, 0, 4, 43.34
1575118983, 0, 2601, 3335, 3014, 99, 12.82%, 0, 0, 4, 92.15
1575118988, 0, 2604, 3335, 3013, 98, 12.82%, 0, 0, 4, 96.78
1575118993, 0, 2610, 3335, 3012, 98, 12.82%, 0, 0, 4, 88.30
1575119004, 0, 2614, 3335, 3010, 96, 12.82%, 0, 0, 4, 99.55
1575119019, 0, 2614, 3351, 3025, 95, 12.84%, 0, 0, 4, 57.47
1575119024, 0, 2614, 3370, 3044, 95, 12.85%, 0, 0, 4, 38.12
1575119029, 0, 2614, 3383, 3057, 95, 12.87%, 0, 0, 4, 32.97
1575119034, 0, 2629, 3391, 3065, 102, 12.87%, 0, 0, 4, 52.61
1575119044, 0, 2634, 3391, 3064, 101, 12.87%, 0, 0, 4, 104.44
1575119055, 0, 2642, 3393, 3065, 100, 12.87%, 0, 0, 4, 84.86
1575119060, 0, 2642, 3394, 3066, 100, 12.87%, 0, 0, 4, 85.57
1575119065, 0, 2642, 3395, 3067, 100, 12.87%, 0, 0, 4, 89.99
1575119100, 0, 2642, 3396, 3068, 100, 12.87%, 0, 0, 4, 90.33
1575119105, 0, 2654, 3396, 3067, 99, 12.87%, 0, 0, 4, 92.27
1575119110, 0, 2659, 3396, 3066, 98, 12.87%, 0, 0, 4, 98.87
1575119121, 0, 2659, 3409, 3078, 97, 12.88%, 0, 0, 4, 61.99
1575119126, 0, 2660, 3411, 3080, 100, 12.88%, 0, 0, 4, 53.41
1575119136, 0, 2677, 3411, 3079, 99, 12.88%, 0, 0, 4, 97.11
1575119146, 0, 2681, 3411, 3078, 98, 12.88%, 0, 0, 4, 91.32
1575119156, 0, 2684, 3411, 3077, 97, 12.88%, 0, 0, 4, 98.32
1575119166, 0, 2723, 3411, 3076, 96, 12.88%, 0, 0, 4, 106.77
1575119177, 0, 2729, 3423, 3087, 96, 12.88%, 0, 0, 4, 65.60
1575119187, 0, 2734, 3424, 3087, 95, 12.88%, 0, 0, 4, 95.33
1575119202, 0, 2736, 3424, 3086, 94, 12.88%, 0, 0, 4, 95.77
1575119207, 0, 2742, 3424, 3085, 93, 12.88%, 0, 0, 4, 87.10
1575119212, 0, 2742, 3425, 3086, 93, 12.88%, 0, 0, 4, 92.82
1575119222, 0, 2743, 3425, 3085, 92, 12.88%, 0, 0, 4, 101.12
1575119233, 0, 2743, 3440, 3099, 91, 12.88%, 0, 0, 4, 71.69
1575119238, 0, 2743, 3456, 3115, 91, 12.88%, 0, 0, 4, 46.19
1575119243, 0, 2768, 3458, 3117, 94, 12.88%, 0, 0, 4, 63.30
1575119258, 0, 2777, 3459, 3117, 93, 12.88%, 0, 0, 4, 86.70
1575119273, 0, 2782, 3459, 3116, 92, 12.88%, 0, 0, 4, 98.09
1575119289, 0, 2791, 3459, 3115, 91, 12.88%, 0, 0, 4, 89.10
1575119294, 0, 2808, 3459, 3114, 90, 12.88%, 0, 0, 4, 88.54
1575119304, 0, 2808, 3464, 3118, 89, 12.88%, 0, 0, 4, 90.59
1575119309, 0, 2808, 3484, 3138, 89, 12.90%, 0, 0, 4, 47.57
1575119314, 0, 2808, 3489, 3143, 89, 12.90%, 0, 0, 4, 39.17
1575119319, 0, 2811, 3489, 3143, 87, 12.90%, 0, 0, 4, 72.91
1575119324, 0, 2830, 3489, 3142, 87, 12.90%, 0, 0, 4, 97.15
1575119334, 0, 2843, 3489, 3141, 86, 12.90%, 0, 0, 4, 101.49
1575119345, 0, 2896, 3489, 3140, 85, 12.90%, 0, 0, 4, 92.17
1575119350, 0, 2960, 3489, 3139, 84, 12.90%, 0, 0, 4, 93.99
1575119360, 0, 2960, 3494, 3143, 83, 12.90%, 0, 0, 4, 78.28
1575119365, 0, 2960, 3502, 3151, 83, 12.90%, 0, 0, 4, 44.06
1575119370, 0, 2963, 3503, 3152, 83, 12.90%, 0, 0, 4, 65.13
1575119380, 0, 2964, 3503, 3151, 82, 12.90%, 0, 0, 4, 100.14
1575119390, 0, 2964, 3506, 3154, 82, 12.90%, 0, 0, 4, 84.20
1575119395, 0, 2992, 3506, 3153, 81, 12.90%, 0, 0, 4, 88.65
1575119406, 0, 2997, 3508, 3154, 80, 12.90%, 0, 0, 4, 99.54
1575119416, 0, 2997, 3512, 3158, 80, 12.91%, 0, 0, 4, 68.78
1575119421, 0, 2997, 3517, 3163, 80, 12.91%, 0, 0, 4, 67.30
1575119426, 0, 2997, 3519, 3165, 80, 12.91%, 0, 0, 4, 91.53
1575119431, 0, 3003, 3519, 3164, 78, 12.91%, 0, 0, 4, 87.77
1575119436, 0, 3003, 3520, 3165, 78, 12.91%, 0, 0, 4, 94.73
1575119452, 0, 3003, 3538, 3182, 77, 12.91%, 0, 0, 4, 51.52
1575119457, 0, 3003, 3554, 3198, 77, 12.93%, 0, 0, 4, 40.78
1575119462, 0, 3003, 3566, 3210, 77, 12.93%, 0, 0, 4, 32.19
1575119467, 0, 3010, 3567, 3211, 86, 12.93%, 0, 0, 4, 64.06
1575119477, 0, 3031, 3569, 3212, 85, 12.93%, 0, 0, 4, 74.76
1575119482, 0, 3031, 3571, 3214, 85, 12.93%, 0, 0, 4, 91.13
1575119487, 0, 3031, 3573, 3216, 85, 12.93%, 0, 0, 4, 90.21
1575119492, 0, 3031, 3575, 3218, 85, 12.93%, 0, 0, 4, 79.79
1575119497, 0, 3031, 3576, 3219, 85, 12.93%, 0, 0, 4, 66.13
1575119503, 0, 3031, 3577, 3220, 85, 12.93%, 0, 0, 4, 66.99
1575119508, 0, 3031, 3580, 3223, 85, 12.93%, 0, 0, 4, 70.76
1575119513, 0, 3031, 3582, 3225, 85, 12.93%, 0, 0, 4, 82.17
1575119518, 0, 3031, 3584, 3227, 85, 12.93%, 0, 0, 4, 83.04
1575119528, 0, 3031, 3586, 3229, 85, 12.93%, 0, 0, 4, 77.77
1575119533, 0, 3031, 3588, 3231, 85, 12.93%, 0, 0, 4, 91.19
1575119538, 0, 3031, 3590, 3233, 85, 12.93%, 0, 0, 4, 84.25
1575119543, 0, 3031, 3593, 3236, 85, 12.93%, 0, 0, 4, 72.46
1575119548, 0, 3031, 3594, 3237, 85, 12.93%, 0, 0, 4, 81.11
1575119559, 0, 3052, 3595, 3237, 85, 12.93%, 0, 0, 4, 93.41
1575119569, 0, 3056, 3595, 3236, 84, 12.93%, 0, 0, 4, 105.82
1575119574, 0, 3057, 3595, 3235, 83, 12.93%, 0, 0, 4, 97.32
1575119579, 0, 3057, 3597, 3237, 83, 12.93%, 0, 0, 4, 93.19
1575119584, 0, 3057, 3598, 3238, 83, 12.93%, 0, 0, 4, 94.48
1575119604, 0, 3057, 3611, 3250, 82, 12.93%, 0, 0, 4, 53.26
1575119609, 0, 3057, 3627, 3266, 82, 12.93%, 0, 0, 4, 42.41
1575119614, 0, 3057, 3640, 3279, 82, 12.94%, 0, 0, 4, 36.59
1575119620, 0, 3057, 3649, 3288, 82, 12.94%, 0, 0, 4, 38.88
1575119625, 0, 3057, 3655, 3294, 82, 12.94%, 0, 0, 4, 36.78
1575119630, 0, 3067, 3656, 3295, 91, 12.94%, 0, 0, 4, 67.81
1575119635, 0, 3067, 3657, 3296, 91, 12.94%, 0, 0, 4, 100.41
1575119645, 0, 3071, 3657, 3295, 90, 12.94%, 0, 0, 4, 72.97
1575119655, 0, 3076, 3657, 3294, 90, 12.94%, 0, 0, 4, 81.56
1575119665, 0, 3085, 3657, 3293, 89, 12.94%, 0, 0, 4, 70.78
1575119670, 0, 3085, 3658, 3294, 89, 12.94%, 0, 0, 4, 71.33
1575119675, 0, 3085, 3659, 3295, 89, 12.94%, 0, 0, 4, 77.16
1575119681, 0, 3085, 3661, 3297, 89, 12.94%, 0, 0, 4, 83.55
1575119691, 0, 3085, 3662, 3298, 89, 12.94%, 0, 0, 4, 84.27
1575119696, 0, 3085, 3663, 3299, 89, 12.94%, 0, 0, 4, 88.64
1575119706, 0, 3085, 3664, 3300, 89, 12.94%, 0, 0, 4, 92.71
1575119711, 0, 3085, 3665, 3301, 89, 12.94%, 0, 0, 4, 91.16
1575119726, 0, 3104, 3665, 3300, 90, 12.94%, 0, 0, 4, 79.34
1575119731, 0, 3104, 3667, 3302, 90, 12.94%, 0, 0, 4, 81.53
1575119737, 0, 3104, 3668, 3303, 90, 12.94%, 0, 0, 4, 86.87
1575119742, 0, 3104, 3669, 3304, 90, 12.95%, 0, 0, 4, 102.75
1575119747, 0, 3104, 3670, 3305, 90, 12.95%, 0, 0, 4, 90.38
1575119752, 0, 3104, 3671, 3306, 90, 12.95%, 0, 0, 4, 77.37
1575119767, 0, 3104, 3673, 3308, 90, 12.95%, 0, 0, 4, 90.81
1575119772, 0, 3104, 3674, 3309, 90, 12.95%, 0, 0, 4, 83.25
1575119787, 0, 3104, 3686, 3320, 89, 13.00%, 0, 0, 4, 84.64
1575119792, 0, 3104, 3710, 3344, 89, 13.00%, 0, 0, 4, 61.83
1575119797, 0, 3104, 3712, 3346, 89, 13.00%, 0, 0, 4, 54.72
1575119802, 0, 3104, 3719, 3353, 89, 13.00%, 0, 0, 4, 36.63
1575119808, 0, 3104, 3728, 3362, 89, 13.00%, 0, 0, 4, 35.03
1575119813, 0, 3104, 3730, 3364, 89, 13.00%, 0, 0, 4, 39.11
1575119818, 0, 3130, 3731, 3365, 99, 13.00%, 0, 0, 4, 87.02
1575119823, 0, 3135, 3731, 3364, 98, 13.00%, 0, 0, 4, 105.71
1575119833, 0, 3137, 3731, 3363, 97, 13.00%, 0, 0, 4, 85.39
1575119843, 0, 3159, 3731, 3362, 96, 13.00%, 0, 0, 4, 103.09
1575119853, 0, 3175, 3731, 3361, 95, 13.00%, 0, 0, 4, 93.52
1575119864, 0, 3175, 3753, 3382, 94, 13.01%, 0, 0, 4, 64.47
1575119869, 0, 3175, 3760, 3389, 94, 13.01%, 0, 0, 4, 47.79
1575119874, 0, 3175, 3762, 3391, 94, 13.01%, 0, 0, 4, 46.65
1575119879, 0, 3175, 3773, 3402, 94, 13.01%, 0, 0, 4, 42.83
1575119884, 0, 3188, 3778, 3407, 98, 13.01%, 0, 0, 4, 60.22
1575119899, 0, 3193, 3778, 3406, 97, 13.01%, 0, 0, 4, 84.68
1575119910, 0, 3198, 3778, 3405, 96, 13.01%, 0, 0, 4, 93.15
1575119925, 0, 3205, 3778, 3404, 95, 13.01%, 0, 0, 4, 85.52
1575119930, 0, 3209, 3780, 3405, 94, 13.01%, 0, 0, 4, 88.94
1575119940, 0, 3209, 3783, 3407, 93, 13.01%, 0, 0, 4, 80.48
1575119945, 0, 3209, 3792, 3416, 93, 13.08%, 0, 0, 4, 46.07
1575119950, 0, 3209, 3794, 3418, 93, 13.08%, 0, 0, 4, 43.24
1575119955, 0, 3211, 3794, 3418, 95, 13.08%, 0, 0, 4, 61.93
1575119960, 0, 3211, 3795, 3419, 95, 13.08%, 0, 0, 4, 83.97
1575119965, 0, 3211, 3799, 3423, 95, 13.08%, 0, 0, 4, 78.41
1575119970, 0, 3214, 3799, 3422, 95, 13.08%, 0, 0, 4, 83.29
1575119981, 0, 3219, 3799, 3421, 94, 13.08%, 0, 0, 4, 98.25
1575119986, 0, 3219, 3800, 3422, 94, 13.08%, 0, 0, 4, 92.34
1575120001, 0, 3271, 3800, 3421, 94, 13.08%, 0, 0, 4, 80.12
1575120011, 0, 3272, 3800, 3420, 93, 13.08%, 0, 0, 4, 85.68
1575120021, 0, 3272, 3809, 3428, 92, 13.08%, 0, 0, 4, 26.88
1575120026, 0, 3274, 3816, 3435, 88, 13.09%, 0, 0, 4, 62.93
1575120037, 0, 3274, 3822, 3441, 88, 13.09%, 0, 0, 4, 64.55
1575120042, 0, 3274, 3826, 3445, 88, 13.09%, 0, 0, 4, 61.29
1575120047, 0, 3274, 3829, 3448, 88, 13.09%, 0, 0, 4, 74.67
1575120052, 0, 3281, 3829, 3447, 87, 13.09%, 0, 0, 4, 84.73
1575120062, 0, 3283, 3829, 3446, 86, 13.09%, 0, 0, 4, 90.93
1575120072, 0, 3286, 3829, 3445, 85, 13.09%, 0, 0, 4, 90.56
1575120083, 0, 3293, 3829, 3444, 84, 13.09%, 0, 0, 4, 105.25
1575120088, 0, 3293, 3836, 3450, 83, 13.09%, 0, 0, 4, 75.75
1575120093, 0, 3293, 3847, 3461, 83, 13.10%, 0, 0, 4, 43.35
1575120098, 0, 3295, 3849, 3463, 87, 13.10%, 0, 0, 4, 84.25
1575120103, 0, 3348, 3849, 3462, 87, 13.10%, 0, 0, 4, 72.17
1575120113, 0, 3363, 3849, 3461, 86, 13.10%, 0, 0, 4, 87.64
1575120118, 0, 3363, 3850, 3462, 86, 13.10%, 0, 0, 4, 68.21
1575120128, 0, 3367, 3850, 3461, 85, 13.10%, 0, 0, 4, 74.31
1575120133, 0, 3367, 3851, 3462, 85, 13.10%, 0, 0, 4, 73.32
1575120138, 0, 3367, 3853, 3464, 85, 13.11%, 0, 0, 4, 73.39
1575120164, 0, 3375, 3853, 3463, 85, 13.11%, 0, 0, 4, 66.79
1575120169, 0, 3375, 3855, 3465, 85, 13.11%, 0, 0, 4, 65.48
1575120174, 0, 3375, 3858, 3468, 85, 13.11%, 0, 0, 4, 71.09
1575120179, 0, 3375, 3860, 3470, 85, 13.11%, 0, 0, 4, 83.42
1575120184, 0, 3375, 3864, 3474, 85, 13.11%, 0, 0, 4, 76.48
1575120189, 0, 3375, 3865, 3475, 85, 13.11%, 0, 0, 4, 70.61
1575120195, 0, 3375, 3868, 3478, 85, 13.11%, 0, 0, 4, 79.99
1575120200, 0, 3375, 3869, 3479, 85, 13.11%, 0, 0, 4, 91.83
1575120205, 0, 3375, 3872, 3482, 85, 13.11%, 0, 0, 4, 72.14
1575120210, 0, 3375, 3873, 3483, 85, 13.11%, 0, 0, 4, 75.52
1575120220, 0, 3375, 3875, 3485, 85, 13.11%, 0, 0, 4, 87.83
1575120230, 0, 3375, 3876, 3486, 85, 13.11%, 0, 0, 4, 76.64
1575120235, 0, 3375, 3877, 3487, 85, 13.17%, 0, 0, 4, 72.46
1575120245, 0, 3375, 3879, 3489, 85, 13.17%, 0, 0, 4, 83.54
1575120255, 0, 3375, 3883, 3493, 85, 13.17%, 0, 0, 4, 66.95
1575120260, 0, 3375, 3888, 3498, 85, 13.17%, 0, 0, 4, 57.60
1575120266, 0, 3375, 3890, 3500, 85, 13.17%, 0, 0, 4, 75.50
1575120271, 0, 3375, 3904, 3513, 84, 13.17%, 0, 0, 4, 49.29
1575120276, 0, 3375, 3922, 3531, 84, 13.17%, 0, 0, 4, 37.04
1575120281, 0, 3375, 3934, 3543, 84, 13.17%, 0, 0, 4, 27.32
1575120286, 0, 3375, 3947, 3556, 84, 13.17%, 0, 0, 4, 30.85
1575120291, 0, 3375, 3956, 3565, 84, 13.17%, 0, 0, 4, 31.07
1575120296, 0, 3375, 3960, 3569, 84, 13.17%, 0, 0, 4, 29.08
1575120301, 0, 3375, 3961, 3570, 84, 13.17%, 0, 0, 4, 25.90
1575120306, 0, 3375, 3964, 3573, 84, 13.18%, 0, 0, 4, 28.55
1575120311, 0, 3397, 3966, 3575, 90, 13.18%, 0, 0, 4, 38.99
1575120322, 0, 3399, 3966, 3574, 89, 13.18%, 0, 0, 4, 94.86
1575120327, 0, 3405, 3966, 3573, 88, 13.18%, 0, 0, 4, 88.12
1575120337, 0, 3406, 3966, 3572, 87, 13.18%, 0, 0, 4, 87.93
1575120347, 0, 3416, 3967, 3572, 86, 13.18%, 0, 0, 4, 95.68
1575120362, 0, 3416, 3972, 3576, 85, 13.18%, 0, 0, 4, 65.21
1575120367, 0, 3428, 3972, 3576, 86, 13.18%, 0, 0, 4, 81.99
1575120373, 0, 3428, 3973, 3577, 86, 13.18%, 0, 0, 4, 92.65
1575120378, 0, 3459, 3973, 3576, 85, 13.18%, 0, 0, 4, 92.88
1575120383, 0, 3468, 3973, 3575, 84, 13.18%, 0, 0, 4, 85.44
1575120393, 0, 3469, 3973, 3574, 83, 13.18%, 0, 0, 4, 97.43
1575120398, 0, 3470, 3974, 3574, 82, 13.18%, 0, 0, 4, 101.79
1575120408, 0, 3470, 3975, 3574, 82, 13.18%, 0, 0, 4, 100.21
1575120413, 0, 3510, 3983, 3582, 83, 13.18%, 0, 0, 4, 56.47
1575120428, 0, 3519, 3983, 3581, 82, 13.18%, 0, 0, 4, 94.54
1575120439, 0, 3528, 3983, 3580, 81, 13.18%, 0, 0, 4, 87.66
1575120449, 0, 3528, 3985, 3582, 81, 13.18%, 0, 0, 4, 95.48
1575120454, 0, 3529, 3986, 3582, 80, 13.18%, 0, 0, 4, 99.42
1575120464, 0, 3536, 3986, 3581, 79, 13.18%, 0, 0, 4, 63.00
1575120474, 0, 3536, 3996, 3590, 78, 13.18%, 0, 0, 4, 51.46
1575120479, 0, 3540, 4002, 3596, 77, 13.18%, 0, 0, 4, 53.21
1575120489, 0, 3544, 4002, 3595, 76, 13.18%, 0, 0, 4, 65.81
1575120494, 0, 3544, 4004, 3597, 76, 13.18%, 0, 0, 4, 74.72
1575120499, 0, 3544, 4006, 3599, 76, 13.18%, 0, 0, 4, 84.66
1575120515, 0, 3544, 4007, 3600, 76, 13.18%, 0, 0, 4, 89.42
1575120525, 0, 3544, 4008, 3601, 76, 13.18%, 0, 0, 4, 90.53
1575120540, 0, 3544, 4009, 3602, 76, 13.18%, 0, 0, 4, 85.92
1575120550, 0, 3577, 4009, 3601, 75, 13.18%, 0, 0, 4, 78.96
1575120555, 0, 3577, 4010, 3602, 75, 13.18%, 0, 0, 4, 76.76
1575120560, 0, 3580, 4010, 3601, 75, 13.18%, 0, 0, 4, 78.49
1575120566, 0, 3580, 4011, 3602, 75, 13.18%, 0, 0, 4, 91.61
1575120571, 0, 3618, 4011, 3601, 74, 13.18%, 0, 0, 4, 63.21
1575120581, 0, 3618, 4014, 3603, 73, 13.18%, 0, 0, 4, 91.02
1575120586, 0, 3618, 4028, 3617, 73, 13.18%, 0, 0, 4, 41.97
1575120591, 0, 3618, 4043, 3632, 73, 13.18%, 0, 0, 4, 36.35
1575120597, 0, 3618, 4046, 3635, 73, 13.18%, 0, 0, 4, 28.66
1575120602, 0, 3621, 4046, 3635, 75, 13.18%, 0, 0, 4, 45.06
1575120612, 0, 3633, 4046, 3634, 74, 13.18%, 0, 0, 4, 78.75
1575120617, 0, 3633, 4050, 3638, 74, 13.18%, 0, 0, 4, 73.79
1575120622, 0, 3633, 4054, 3642, 74, 13.18%, 0, 0, 4, 62.37
1575120627, 0, 3633, 4055, 3643, 74, 13.18%, 0, 0, 4, 73.92
1575120632, 0, 3636, 4055, 3642, 73, 13.18%, 0, 0, 4, 85.56
1575120643, 0, 3643, 4055, 3641, 72, 13.18%, 0, 0, 4, 90.10
1575120653, 0, 3646, 4055, 3640, 71, 13.18%, 0, 0, 4, 81.38
1575120663, 0, 3646, 4057, 3641, 70, 13.18%, 0, 0, 4, 80.48
1575120668, 0, 3646, 4068, 3652, 70, 13.20%, 0, 0, 4, 45.31
1575120673, 0, 3647, 4069, 3653, 73, 13.20%, 0, 0, 4, 89.46
1575120678, 0, 3655, 4069, 3652, 72, 13.20%, 0, 0, 4, 80.74
1575120693, 0, 3660, 4069, 3651, 71, 13.20%, 0, 0, 4, 86.51
1575120704, 0, 3677, 4070, 3651, 70, 13.20%, 0, 0, 4, 97.23
1575120709, 0, 3677, 4071, 3652, 70, 13.20%, 0, 0, 4, 88.86
1575120724, 0, 3678, 4073, 3653, 69, 13.20%, 0, 0, 4, 104.88
1575120729, 0, 3678, 4079, 3658, 68, 13.20%, 0, 0, 4, 87.64
1575120734, 0, 3680, 4085, 3664, 68, 13.20%, 0, 0, 4, 71.31
1575120739, 0, 3680, 4089, 3668, 68, 13.20%, 0, 0, 4, 84.26
1575120744, 0, 3680, 4093, 3672, 68, 13.20%, 0, 0, 4, 91.07
1575120749, 0, 3680, 4094, 3673, 68, 13.20%, 0, 0, 4, 91.47
1575120755, 0, 3687, 4094, 3672, 67, 13.20%, 0, 0, 4, 87.53
1575120765, 0, 3687, 4095, 3673, 67, 13.20%, 0, 0, 4, 101.33
1575120770, 0, 3689, 4095, 3672, 66, 13.20%, 0, 0, 4, 76.97
1575120785, 0, 3692, 4095, 3671, 65, 13.20%, 0, 0, 4, 87.02
1575120795, 0, 3701, 4096, 3671, 64, 13.20%, 0, 0, 4, 86.81
1575120806, 0, 3701, 4105, 3679, 63, 13.20%, 0, 0, 4, 77.76
1575120811, 0, 3703, 4105, 3679, 65, 13.20%, 0, 0, 4, 85.82
1575120816, 0, 3703, 4106, 3680, 65, 13.20%, 0, 0, 4, 94.66
1575120826, 0, 3705, 4106, 3679, 64, 13.20%, 0, 0, 4, 75.37
1575120841, 0, 3728, 4106, 3678, 63, 13.20%, 0, 0, 4, 95.49
1575120851, 0, 3737, 4107, 3678, 62, 13.20%, 0, 0, 4, 89.00
1575120856, 0, 3737, 4109, 3680, 62, 13.20%, 0, 0, 4, 85.55
1575120867, 0, 3737, 4110, 3681, 62, 13.20%, 0, 0, 4, 88.82
1575120877, 0, 3737, 4112, 3683, 62, 13.20%, 0, 0, 4, 101.87
1575120882, 0, 3737, 4115, 3686, 62, 13.20%, 0, 0, 4, 100.08
1575120917, 0, 3737, 4116, 3687, 62, 13.20%, 0, 0, 4, 84.72
1575120948, 0, 3738, 4116, 3686, 63, 13.20%, 0, 0, 4, 98.43
1575120953, 0, 3738, 4124, 3693, 62, 13.20%, 0, 0, 4, 87.18
1575120958, 0, 3738, 4146, 3715, 62, 13.28%, 0, 0, 4, 56.21
1575120963, 0, 3738, 4155, 3724, 62, 13.28%, 0, 0, 4, 46.01
1575120968, 0, 3740, 4156, 3725, 72, 13.28%, 0, 0, 4, 89.07
1575120973, 0, 3741, 4156, 3724, 71, 13.28%, 0, 0, 4, 95.70
1575120984, 0, 3766, 4156, 3723, 70, 13.28%, 0, 0, 4, 103.46
1575120989, 0, 3768, 4156, 3722, 69, 13.28%, 0, 0, 4, 73.35
1575120994, 0, 3768, 4157, 3723, 69, 13.28%, 0, 0, 4, 77.43
1575120999, 0, 3782, 4157, 3722, 68, 13.28%, 0, 0, 4, 87.84
1575121004, 0, 3782, 4164, 3728, 67, 13.28%, 0, 0, 4, 55.90
1575121009, 0, 3782, 4172, 3736, 67, 13.28%, 0, 0, 4, 29.34
1575121014, 0, 3783, 4174, 3738, 68, 13.28%, 0, 0, 4, 53.91
1575121024, 0, 3789, 4174, 3737, 67, 13.28%, 0, 0, 4, 62.94
1575121034, 0, 3791, 4174, 3736, 66, 13.28%, 0, 0, 4, 99.80
1575121040, 0, 3794, 4174, 3735, 65, 13.28%, 0, 0, 4, 83.62
1575121050, 0, 3797, 4174, 3734, 64, 13.28%, 0, 0, 4, 82.76
1575121055, 0, 3797, 4176, 3736, 64, 13.28%, 0, 0, 4, 94.72
1575121070, 0, 3797, 4178, 3737, 63, 13.28%, 0, 0, 4, 16.74
1575121075, 0, 3797, 4192, 3751, 63, 13.28%, 0, 0, 4, 22.06
1575121080, 0, 3797, 4202, 3761, 63, 13.28%, 0, 0, 4, 19.73
1575121085, 0, 3797, 4208, 3767, 63, 13.28%, 0, 0, 4, 20.80
1575121090, 0, 3797, 4212, 3771, 63, 13.28%, 0, 0, 4, 19.83
1575121095, 0, 3803, 4212, 3771, 62, 13.28%, 0, 0, 4, 60.83
1575121106, 0, 3814, 4213, 3770, 60, 13.28%, 0, 0, 4, 92.27
1575121116, 0, 3827, 4215, 3771, 59, 13.28%, 0, 0, 4, 77.79
1575121126, 0, 3832, 4215, 3770, 59, 13.28%, 0, 0, 4, 88.23
1575121136, 0, 3832, 4230, 3784, 58, 13.33%, 0, 0, 4, 55.33
1575121141, 0, 3832, 4234, 3788, 58, 13.33%, 0, 0, 4, 39.15
1575121146, 0, 3835, 4234, 3788, 59, 13.33%, 0, 0, 4, 71.55
1575121151, 0, 3835, 4235, 3789, 59, 13.33%, 0, 0, 4, 90.42
1575121156, 0, 3840, 4235, 3788, 58, 13.33%, 0, 0, 4, 89.51
1575121166, 0, 3841, 4235, 3787, 57, 13.33%, 0, 0, 4, 83.60
1575121172, 0, 3841, 4237, 3789, 57, 13.36%, 0, 0, 4, 82.54
1575121192, 0, 3850, 4237, 3788, 58, 13.36%, 0, 0, 4, 90.21
1575121202, 0, 3851, 4237, 3787, 57, 13.36%, 0, 0, 4, 65.74
1575121212, 0, 3851, 4240, 3789, 56, 13.36%, 0, 0, 4, 18.88
1575121217, 0, 3851, 4247, 3796, 56, 13.36%, 0, 0, 4, 26.93
1575121223, 0, 3876, 4248, 3797, 58, 13.36%, 0, 0, 4, 39.89
1575121228, 0, 3876, 4249, 3798, 58, 13.37%, 0, 0, 4, 70.03
1575121233, 0, 3900, 4249, 3797, 58, 13.37%, 0, 0, 4, 68.84
1575121238, 0, 3900, 4250, 3798, 58, 13.37%, 0, 0, 4, 73.49
1575121243, 0, 3902, 4250, 3797, 57, 13.37%, 0, 0, 4, 90.44
1575121258, 0, 3905, 4250, 3796, 56, 13.37%, 0, 0, 4, 60.43
1575121268, 0, 3912, 4250, 3795, 55, 13.37%, 0, 0, 4, 79.46
1575121273, 0, 3912, 4252, 3797, 55, 13.37%, 0, 0, 4, 79.22
1575121289, 0, 3912, 4257, 3801, 54, 13.37%, 0, 0, 4, 65.43
1575121294, 0, 3916, 4264, 3808, 55, 13.38%, 0, 0, 4, 44.10
1575121299, 0, 3916, 4266, 3810, 55, 13.38%, 0, 0, 4, 33.34
1575121304, 0, 3916, 4267, 3811, 55, 13.38%, 0, 0, 4, 62.84
1575121309, 0, 3916, 4268, 3812, 55, 13.38%, 0, 0, 4, 69.64
1575121319, 0, 3916, 4269, 3813, 55, 13.38%, 0, 0, 4, 79.79
1575121324, 0, 3916, 4270, 3814, 55, 13.38%, 0, 0, 4, 26.85
1575121340, 0, 3916, 4271, 3815, 55, 13.38%, 0, 0, 4, 70.65
1575121355, 0, 3916, 4272, 3816, 55, 13.38%, 0, 0, 4, 73.19
1575121360, 0, 3916, 4275, 3819, 55, 13.38%, 0, 0, 4, 32.84
1575121365, 0, 3916, 4279, 3823, 55, 13.38%, 0, 0, 4, 45.99
1575121375, 0, 3917, 4279, 3822, 54, 13.38%, 0, 0, 4, 72.90
1575121386, 0, 3928, 4279, 3821, 53, 13.38%, 0, 0, 4, 71.59
1575121396, 0, 3939, 4279, 3820, 52, 13.38%, 0, 0, 4, 84.98
1575121406, 0, 3947, 4279, 3819, 52, 13.38%, 0, 0, 4, 102.32
1575121416, 0, 3947, 4295, 3834, 51, 13.39%, 0, 0, 4, 30.68
1575121421, 0, 3947, 4307, 3846, 51, 13.39%, 0, 0, 4, 31.00
1575121432, 0, 3947, 4308, 3847, 51, 13.39%, 0, 0, 4, 34.39
1575121437, 0, 3947, 4311, 3850, 51, 13.39%, 0, 0, 4, 30.39
1575121442, 0, 3963, 4312, 3851, 52, 13.39%, 0, 0, 4, 58.88
1575121447, 0, 3969, 4312, 3850, 51, 13.39%, 0, 0, 4, 81.06
1575121457, 0, 3975, 4312, 3849, 50, 13.39%, 0, 0, 4, 97.66
1575121467, 0, 3981, 4312, 3848, 49, 13.39%, 0, 0, 4, 107.60
1575121472, 0, 4002, 4312, 3847, 48, 13.39%, 0, 0, 4, 88.84
1575121477, 0, 4002, 4313, 3848, 48, 13.39%, 0, 0, 4, 75.45
1575121498, 0, 4002, 4327, 3861, 47, 13.45%, 0, 0, 4, 44.23
1575121503, 0, 4013, 4332, 3866, 45, 13.45%, 0, 0, 4, 36.25
1575121513, 0, 4013, 4334, 3868, 45, 13.45%, 0, 0, 4, 85.99
1575121518, 0, 4030, 4334, 3867, 44, 13.45%, 0, 0, 4, 86.11
1575121528, 0, 4055, 4334, 3866, 43, 13.45%, 0, 0, 4, 101.05
1575121533, 0, 4073, 4334, 3865, 42, 13.45%, 0, 0, 4, 96.12
1575121538, 0, 4073, 4336, 3867, 42, 13.45%, 0, 0, 4, 88.36
1575121548, 0, 4073, 4337, 3868, 42, 13.45%, 0, 0, 4, 89.73
1575121579, 0, 4080, 4337, 3867, 42, 13.45%, 0, 0, 4, 79.14
1575121594, 0, 4080, 4355, 3884, 42, 13.46%, 0, 0, 4, 54.86
1575121599, 0, 4080, 4365, 3894, 42, 13.46%, 0, 0, 4, 36.30
1575121604, 0, 4097, 4366, 3895, 45, 13.46%, 0, 0, 4, 70.36
1575121615, 0, 4099, 4366, 3894, 44, 13.46%, 0, 0, 4, 91.82
1575121625, 0, 4105, 4366, 3893, 43, 13.46%, 0, 0, 4, 109.23
1575121630, 0, 4105, 4368, 3895, 43, 13.46%, 0, 0, 4, 92.35
1575121635, 0, 4105, 4369, 3896, 43, 13.46%, 0, 0, 4, 93.85
1575121661, 0, 4106, 4369, 3895, 43, 13.46%, 0, 0, 4, 87.18
1575121671, 0, 4121, 4369, 3894, 42, 13.46%, 0, 0, 4, 81.19
1575121681, 0, 4121, 4370, 3895, 42, 13.46%, 0, 0, 4, 101.17
1575121687, 0, 4121, 4384, 3908, 41, 13.46%, 0, 0, 4, 43.39
1575121692, 0, 4125, 4386, 3910, 44, 13.46%, 0, 0, 4, 33.51
1575121707, 0, 4126, 4386, 3909, 43, 13.46%, 0, 0, 4, 88.56
1575121717, 0, 4128, 4386, 3908, 42, 13.46%, 0, 0, 4, 66.01
1575121727, 0, 4136, 4386, 3907, 41, 13.46%, 0, 0, 4, 74.43
1575121738, 0, 4138, 4387, 3907, 40, 13.46%, 0, 0, 4, 100.47
1575121743, 0, 4138, 4393, 3912, 39, 13.46%, 0, 0, 4, 17.00
1575121748, 0, 4138, 4411, 3930, 39, 13.52%, 0, 0, 4, 36.14
1575121753, 0, 4141, 4412, 3931, 43, 13.52%, 0, 0, 4, 44.08
1575121758, 0, 4141, 4414, 3933, 43, 13.52%, 0, 0, 4, 76.37
1575121773, 0, 4147, 4414, 3932, 43, 13.52%, 0, 0, 4, 89.93
1575121783, 0, 4227, 4415, 3932, 42, 13.52%, 0, 0, 4, 16.27
1575121788, 0, 4237, 4415, 3931, 41, 13.52%, 0, 0, 4, 20.21
1575121794, 0, 4237, 4417, 3933, 41, 13.52%, 0, 0, 4, 51.12
1575121799, 0, 4237, 4419, 3935, 41, 13.52%, 0, 0, 4, 72.06
1575121804, 0, 4245, 4420, 3935, 40, 13.52%, 0, 0, 4, 102.36
1575121814, 0, 4245, 4430, 3944, 39, 13.54%, 0, 0, 4, 25.54
1575121819, 0, 4245, 4440, 3954, 39, 13.55%, 0, 0, 4, 33.54
1575121824, 0, 4246, 4440, 3954, 42, 13.55%, 0, 0, 4, 72.33
1575121834, 0, 4248, 4440, 3953, 41, 13.55%, 0, 0, 4, 91.41
1575121839, 0, 4251, 4440, 3952, 40, 13.55%, 0, 0, 4, 85.46
1575121849, 0, 4262, 4441, 3952, 39, 13.55%, 0, 0, 4, 79.52
1575121860, 0, 4262, 4444, 3955, 39, 13.55%, 0, 0, 4, 68.11
1575121875, 0, 4262, 4445, 3956, 39, 13.55%, 0, 0, 4, 80.08
1575121920, 0, 4281, 4445, 3955, 39, 13.55%, 0, 0, 4, 75.75
1575121930, 0, 4281, 4460, 3969, 38, 13.56%, 0, 0, 4, 27.07
1575121936, 0, 4281, 4472, 3981, 38, 13.56%, 0, 0, 4, 35.20
1575121941, 0, 4281, 4482, 3991, 38, 13.56%, 0, 0, 4, 33.42
1575121946, 0, 4294, 4483, 3992, 44, 13.56%, 0, 0, 4, 29.53
1575121956, 0, 4296, 4483, 3991, 43, 13.56%, 0, 0, 4, 61.67
1575121966, 0, 4297, 4483, 3990, 42, 13.56%, 0, 0, 4, 86.78
1575121976, 0, 4339, 4484, 3990, 41, 13.61%, 0, 0, 4, 96.59
1575121981, 0, 4339, 4485, 3991, 41, 13.61%, 0, 0, 4, 88.75
1575121986, 0, 4339, 4487, 3993, 41, 13.61%, 0, 0, 4, 95.59
1575121991, 0, 4339, 4488, 3994, 41, 13.61%, 0, 0, 4, 103.83
1575121996, 0, 4339, 4489, 3995, 41, 13.61%, 0, 0, 4, 93.87
1575122021, 0, 4339, 4490, 3996, 41, 13.61%, 0, 0, 4, 104.56
1575122036, 0, 4339, 4492, 3998, 41, 13.61%, 0, 0, 4, 100.75
1575122047, 0, 4339, 4494, 4000, 41, 13.61%, 0, 0, 4, 103.47
1575122052, 0, 4339, 4496, 4002, 41, 13.61%, 0, 0, 4, 101.74
1575122067, 0, 4356, 4496, 4001, 42, 13.61%, 0, 0, 4, 88.64
1575122077, 0, 4356, 4509, 4013, 41, 13.62%, 0, 0, 4, 30.79
1575122082, 0, 4356, 4525, 4029, 41, 13.62%, 0, 0, 4, 37.87
1575122087, 0, 4356, 4528, 4032, 41, 13.63%, 0, 0, 4, 37.83
1575122093, 0, 4358, 4528, 4032, 47, 13.63%, 0, 0, 4, 63.02
1575122103, 0, 4362, 4528, 4031, 46, 13.63%, 0, 0, 4, 77.79
1575122113, 0, 4363, 4528, 4030, 45, 13.63%, 0, 0, 4, 90.33
1575122123, 0, 4366, 4528, 4029, 44, 13.63%, 0, 0, 4, 79.26
1575122138, 0, 4372, 4528, 4028, 43, 13.63%, 0, 0, 4, 71.15
1575122149, 0, 4372, 4539, 4038, 42, 13.66%, 0, 0, 4, 55.78
1575122154, 0, 4374, 4547, 4046, 44, 13.71%, 0, 0, 4, 65.75
1575122159, 0, 4374, 4548, 4047, 44, 13.71%, 0, 0, 4, 86.50
1575122164, 0, 4377, 4549, 4047, 43, 13.71%, 0, 0, 4, 69.57
1575122174, 0, 4385, 4550, 4047, 43, 13.71%, 0, 0, 4, 55.46
1575122184, 0, 4386, 4552, 4048, 42, 13.71%, 0, 0, 4, 61.13
1575122189, 0, 4386, 4554, 4050, 42, 13.71%, 0, 0, 4, 88.69
1575122200, 0, 4386, 4556, 4052, 42, 13.71%, 0, 0, 4, 93.40
1575122236, 0, 4395, 4558, 4053, 42, 13.71%, 0, 0, 4, 98.60
1575122241, 0, 4395, 4558, 4052, 41, 13.71%, 0, 0, 4, 91.18
1575122246, 0, 4395, 4580, 4074, 41, 13.76%, 0, 0, 4, 48.73
1575122251, 0, 4395, 4591, 4085, 41, 13.77%, 0, 0, 4, 46.45
1575122256, 0, 4410, 4595, 4089, 48, 13.81%, 0, 0, 4, 67.08
1575122261, 0, 4410, 4596, 4090, 48, 13.81%, 0, 0, 4, 82.46
1575122271, 0, 4411, 4596, 4089, 47, 13.81%, 0, 0, 4, 85.15
1575122287, 0, 4443, 4596, 4088, 46, 13.81%, 0, 0, 4, 70.70
1575122292, 0, 4443, 4597, 4089, 46, 13.81%, 0, 0, 4, 81.12
1575122297, 0, 4443, 4599, 4091, 46, 13.81%, 0, 0, 4, 88.80
1575122302, 0, 4443, 4600, 4092, 46, 13.81%, 0, 0, 4, 86.29
1575122317, 0, 4443, 4601, 4093, 46, 13.81%, 0, 0, 4, 77.22
1575122353, 0, 4444, 4601, 4092, 48, 13.81%, 0, 0, 4, 60.00
1575122358, 0, 4444, 4602, 4093, 48, 13.81%, 0, 0, 4, 80.78
1575122368, 0, 4451, 4602, 4092, 48, 13.81%, 0, 0, 4, 69.93
1575122384, 0, 4451, 4618, 4107, 47, 13.82%, 0, 0, 4, 18.94
1575122389, 0, 4451, 4636, 4125, 47, 13.88%, 0, 0, 4, 40.57
1575122394, 0, 4459, 4641, 4130, 57, 13.90%, 0, 0, 4, 61.51
1575122404, 0, 4464, 4641, 4129, 56, 13.90%, 0, 0, 4, 78.86
1575122414, 0, 4486, 4641, 4128, 55, 13.90%, 0, 0, 4, 86.50
1575122419, 0, 4486, 4642, 4129, 55, 13.90%, 0, 0, 4, 97.09
1575122424, 0, 4494, 4642, 4128, 55, 13.90%, 0, 0, 4, 81.92
1575122440, 0, 4500, 4642, 4127, 54, 13.90%, 0, 0, 4, 67.30
1575122445, 0, 4500, 4643, 4128, 54, 13.90%, 0, 0, 4, 79.99
1575122450, 0, 4500, 4647, 4131, 53, 13.90%, 0, 0, 4, 72.66
1575122455, 0, 4500, 4661, 4145, 53, 13.92%, 0, 0, 4, 47.57
1575122460, 0, 4505, 4662, 4146, 58, 13.92%, 0, 0, 4, 87.22
1575122465, 0, 4508, 4662, 4145, 57, 13.92%, 0, 0, 4, 102.00
1575122475, 0, 4517, 4662, 4144, 56, 13.92%, 0, 0, 4, 61.12
1575122485, 0, 4526, 4662, 4143, 55, 13.92%, 0, 0, 4, 80.52
1575122500, 0, 4535, 4662, 4142, 54, 13.92%, 0, 0, 4, 94.58
1575122511, 0, 4539, 4666, 4145, 53, 13.92%, 0, 0, 4, 51.97
1575122526, 0, 4541, 4668, 4146, 53, 13.92%, 0, 0, 4, 83.74
1575122531, 0, 4541, 4669, 4147, 53, 13.92%, 0, 0, 4, 92.36
1575122541, 0, 4541, 4670, 4148, 53, 13.93%, 0, 0, 4, 89.65
1575122546, 0, 4541, 4671, 4149, 53, 13.93%, 0, 0, 4, 93.31
1575122567, 0, 4541, 4673, 4151, 53, 13.93%, 0, 0, 4, 78.65
1575122572, 0, 4541, 4676, 4154, 53, 13.95%, 0, 0, 4, 81.66
1575122587, 0, 4544, 4677, 4154, 56, 13.95%, 0, 0, 4, 88.90
1575122592, 0, 4544, 4680, 4157, 56, 13.95%, 0, 0, 4, 88.72
1575122612, 0, 4544, 4681, 4158, 56, 13.96%, 0, 0, 4, 91.50
1575122633, 0, 4544, 4682, 4159, 56, 13.96%, 0, 0, 4, 92.19
1575122638, 0, 4544, 4683, 4160, 56, 13.96%, 0, 0, 4, 99.03
1575122643, 0, 4544, 4685, 4162, 56, 13.96%, 0, 0, 4, 83.84
1575122658, 0, 4545, 4685, 4161, 55, 13.96%, 0, 0, 4, 103.74
1575122668, 0, 4554, 4686, 4161, 54, 13.96%, 0, 0, 4, 86.20
1575122673, 0, 4554, 4694, 4168, 53, 13.97%, 0, 0, 4, 82.85
1575122678, 0, 4554, 4714, 4188, 53, 13.97%, 0, 0, 4, 54.40
1575122684, 0, 4567, 4718, 4192, 65, 13.97%, 0, 0, 4, 52.62
1575122699, 0, 4577, 4718, 4191, 64, 13.97%, 0, 0, 4, 84.23
1575122704, 0, 4578, 4719, 4191, 63, 13.97%, 0, 0, 4, 79.59
1575122719, 0, 4586, 4719, 4190, 62, 13.97%, 0, 0, 4, 88.13
1575122724, 0, 4586, 4723, 4194, 62, 13.97%, 0, 0, 4, 98.46
1575122729, 0, 4586, 4726, 4197, 62, 13.97%, 0, 0, 4, 101.82
1575122739, 0, 4586, 4727, 4198, 62, 13.97%, 0, 0, 4, 91.41
1575122744, 0, 4586, 4728, 4199, 62, 13.97%, 0, 0, 4, 94.47
1575122749, 0, 4586, 4729, 4200, 62, 13.97%, 0, 0, 4, 90.11
1575122770, 0, 4586, 4730, 4201, 62, 13.97%, 0, 0, 4, 90.83
1575122795, 0, 4587, 4730, 4200, 63, 13.97%, 0, 0, 4, 82.40
1575122805, 0, 4587, 4741, 4210, 63, 13.97%, 0, 0, 4, 52.34
1575122810, 0, 4587, 4759, 4228, 63, 13.98%, 0, 0, 4, 41.78
1575122821, 0, 4597, 4761, 4230, 65, 13.98%, 0, 0, 4, 36.40
1575122836, 0, 4598, 4761, 4229, 64, 13.98%, 0, 0, 4, 66.14
1575122846, 0, 4598, 4762, 4230, 64, 13.98%, 0, 0, 4, 79.16
1575122851, 0, 4598, 4763, 4231, 64, 13.98%, 0, 0, 4, 88.85
1575122856, 0, 4603, 4763, 4230, 63, 13.98%, 0, 0, 4, 93.12
1575122861, 0, 4604, 4763, 4229, 62, 13.98%, 0, 0, 4, 84.14
1575122871, 0, 4616, 4763, 4228, 61, 13.98%, 0, 0, 4, 80.01
1575122887, 0, 4616, 4781, 4245, 60, 14.00%, 0, 0, 4, 59.07
1575122892, 0, 4617, 4781, 4245, 64, 14.00%, 0, 0, 4, 70.28
1575122897, 0, 4623, 4781, 4244, 63, 14.00%, 0, 0, 4, 97.62
1575122902, 0, 4623, 4782, 4245, 63, 14.00%, 0, 0, 4, 103.43
1575122912, 0, 4624, 4782, 4244, 63, 14.00%, 0, 0, 4, 81.81
1575122917, 0, 4624, 4783, 4245, 63, 14.01%, 0, 0, 4, 77.43
1575122922, 0, 4627, 4783, 4244, 63, 14.01%, 0, 0, 4, 63.43
1575122932, 0, 4633, 4783, 4243, 62, 14.01%, 0, 0, 4, 88.43
1575122943, 0, 4633, 4792, 4251, 61, 14.01%, 0, 0, 4, 13.02
1575122948, 0, 4634, 4793, 4252, 61, 14.01%, 0, 0, 4, 62.08
1575122958, 0, 4641, 4793, 4251, 61, 14.01%, 0, 0, 4, 92.84
1575122968, 0, 4642, 4793, 4250, 60, 14.01%, 0, 0, 4, 67.91
1575122973, 0, 4642, 4795, 4252, 60, 14.01%, 0, 0, 4, 87.75
1575122989, 0, 4647, 4795, 4251, 60, 14.01%, 0, 0, 4, 94.13
1575122999, 0, 4649, 4795, 4250, 59, 14.01%, 0, 0, 4, 101.61
1575123004, 0, 4649, 4804, 4258, 58, 14.01%, 0, 0, 4, 81.75
1575123009, 0, 4651, 4817, 4271, 61, 14.01%, 0, 0, 4, 59.48
1575123019, 0, 4653, 4817, 4270, 60, 14.01%, 0, 0, 4, 69.26
1575123034, 0, 4673, 4817, 4269, 60, 14.01%, 0, 0, 4, 97.07
1575123039, 0, 4673, 4818, 4270, 60, 14.01%, 0, 0, 4, 91.84
1575123050, 0, 4674, 4820, 4271, 59, 14.01%, 0, 0, 4, 77.85
1575123055, 0, 4674, 4821, 4272, 59, 14.01%, 0, 0, 4, 76.68
1575123065, 0, 4674, 4822, 4273, 59, 14.01%, 0, 0, 4, 86.00
1575123070, 0, 4674, 4823, 4274, 59, 14.01%, 0, 0, 4, 82.46
1575123075, 0, 4674, 4824, 4275, 59, 14.01%, 0, 0, 4, 81.37
1575123085, 0, 4674, 4825, 4276, 59, 14.01%, 0, 0, 4, 83.44
1575123111, 0, 4674, 4826, 4277, 59, 14.01%, 0, 0, 4, 80.74
1575123131, 0, 4680, 4826, 4276, 60, 14.01%, 0, 0, 4, 87.05
1575123141, 0, 4680, 4840, 4289, 59, 14.01%, 0, 0, 4, 68.37
1575123146, 0, 4682, 4848, 4297, 63, 14.02%, 0, 0, 4, 60.71
1575123151, 0, 4682, 4851, 4300, 63, 14.02%, 0, 0, 4, 91.71
1575123167, 0, 4682, 4853, 4302, 63, 14.02%, 0, 0, 4, 103.76
1575123172, 0, 4682, 4854, 4303, 63, 14.02%, 0, 0, 4, 99.41
1575123177, 0, 4682, 4855, 4304, 63, 14.02%, 0, 0, 4, 83.67
1575123197, 0, 4682, 4856, 4305, 63, 14.02%, 0, 0, 4, 84.29
1575123223, 0, 4683, 4856, 4304, 65, 14.02%, 0, 0, 4, 89.59
1575123233, 0, 4688, 4856, 4303, 64, 14.02%, 0, 0, 4, 95.86
1575123243, 0, 4689, 4856, 4302, 63, 14.02%, 0, 0, 4, 94.89
1575123249, 0, 4690, 4856, 4301, 62, 14.02%, 0, 0, 4, 84.94
1575123259, 0, 4690, 4861, 4305, 61, 14.02%, 0, 0, 4, 70.36
1575123264, 0, 4690, 4872, 4316, 61, 14.02%, 0, 0, 4, 46.35
1575123269, 0, 4692, 4874, 4318, 63, 14.02%, 0, 0, 4, 46.12
1575123284, 0, 4696, 4874, 4317, 62, 14.02%, 0, 0, 4, 82.15
1575123294, 0, 4699, 4874, 4316, 61, 14.02%, 0, 0, 4, 97.57
1575123299, 0, 4706, 4874, 4315, 60, 14.02%, 0, 0, 4, 82.98
1575123305, 0, 4706, 4875, 4316, 60, 14.02%, 0, 0, 4, 83.59
1575123320, 0, 4710, 4875, 4315, 59, 14.02%, 0, 0, 4, 79.46
1575123335, 0, 4713, 4888, 4327, 58, 14.02%, 0, 0, 4, 30.56
1575123350, 0, 4720, 4888, 4326, 57, 14.02%, 0, 0, 4, 87.13
1575123360, 0, 4721, 4888, 4325, 57, 14.02%, 0, 0, 4, 84.03
1575123376, 0, 4737, 4888, 4324, 55, 14.02%, 0, 0, 4, 93.93
1575123381, 0, 4740, 4888, 4323, 54, 14.02%, 0, 0, 4, 92.33
1575123391, 0, 4740, 4892, 4326, 53, 14.02%, 0, 0, 4, 76.95
1575123396, 0, 4747, 4902, 4336, 54, 14.07%, 0, 0, 4, 53.74
1575123406, 0, 4747, 4903, 4337, 54, 14.07%, 0, 0, 4, 101.29
1575123412, 0, 4763, 4903, 4336, 54, 14.07%, 0, 0, 4, 89.15
1575123422, 0, 4764, 4903, 4335, 53, 14.07%, 0, 0, 4, 95.80
1575123432, 0, 4765, 4903, 4334, 52, 14.07%, 0, 0, 4, 91.34
1575123442, 0, 4766, 4903, 4333, 51, 14.07%, 0, 0, 4, 96.68
1575123452, 0, 4766, 4914, 4343, 50, 14.08%, 0, 0, 4, 61.38
1575123457, 0, 4766, 4919, 4348, 50, 14.08%, 0, 0, 4, 47.79
1575123463, 0, 4771, 4930, 4359, 54, 14.08%, 0, 0, 4, 46.69
1575123478, 0, 4773, 4930, 4358, 53, 14.08%, 0, 0, 4, 88.21
1575123488, 0, 4775, 4931, 4358, 52, 14.08%, 0, 0, 4, 76.61
1575123498, 0, 4777, 4931, 4357, 51, 14.08%, 0, 0, 4, 86.32
1575123508, 0, 4782, 4931, 4356, 50, 14.08%, 0, 0, 4, 98.42
1575123519, 0, 4782, 4939, 4363, 49, 14.09%, 0, 0, 4, 19.97
1575123529, 0, 4787, 4943, 4367, 51, 14.09%, 0, 0, 4, 40.89
1575123544, 0, 4793, 4943, 4366, 50, 14.09%, 0, 0, 4, 70.00
1575123564, 0, 4795, 4943, 4365, 49, 14.09%, 0, 0, 4, 78.27
1575123574, 0, 4803, 4943, 4364, 48, 14.09%, 0, 0, 4, 83.93
1575123585, 0, 4806, 4943, 4363, 47, 14.09%, 0, 0, 4, 91.37
1575123590, 0, 4806, 4947, 4366, 46, 14.09%, 0, 0, 4, 80.94
1575123595, 0, 4816, 4951, 4370, 47, 14.09%, 0, 0, 4, 35.93
1575123605, 0, 4819, 4951, 4369, 46, 14.09%, 0, 0, 4, 90.91
1575123610, 0, 4819, 4952, 4370, 46, 14.09%, 0, 0, 4, 88.44
1575123615, 0, 4825, 4952, 4369, 45, 14.09%, 0, 0, 4, 74.96
1575123625, 0, 4829, 4952, 4368, 43, 14.09%, 0, 0, 4, 90.12
1575123636, 0, 4832, 4952, 4367, 42, 14.09%, 0, 0, 4, 97.28
1575123641, 0, 4832, 4960, 4374, 41, 14.09%, 0, 0, 4, 74.55
1575123646, 0, 4833, 4962, 4376, 41, 14.09%, 0, 0, 4, 64.92
1575123651, 0, 4833, 4963, 4377, 41, 14.09%, 0, 0, 4, 84.37
1575123656, 0, 4842, 4963, 4376, 41, 14.09%, 0, 0, 4, 61.69
1575123671, 0, 4844, 4963, 4375, 40, 14.09%, 0, 0, 4, 108.94
1575123677, 0, 4844, 4965, 4377, 40, 14.09%, 0, 0, 4, 104.32
1575123682, 0, 4851, 4965, 4376, 39, 14.09%, 0, 0, 4, 91.62
1575123692, 0, 4857, 4965, 4375, 38, 14.09%, 0, 0, 4, 69.86
1575123702, 0, 4857, 4971, 4380, 38, 14.09%, 0, 0, 4, 75.93
1575123707, 0, 4857, 4983, 4392, 38, 14.10%, 0, 0, 4, 44.70
1575123712, 0, 4861, 4983, 4392, 38, 14.10%, 0, 0, 4, 73.16
1575123722, 0, 4866, 4983, 4391, 37, 14.10%, 0, 0, 4, 95.40
1575123728, 0, 4868, 4983, 4390, 36, 14.10%, 0, 0, 4, 107.12
1575123738, 0, 4869, 4983, 4389, 35, 14.10%, 0, 0, 4, 85.29
1575123748, 0, 4885, 4983, 4388, 34, 14.10%, 0, 0, 4, 82.90
1575123758, 0, 4886, 4990, 4394, 34, 14.10%, 0, 0, 4, 74.13
1575123768, 0, 4887, 4990, 4393, 33, 14.10%, 0, 0, 4, 76.00
1575123778, 0, 4891, 4992, 4394, 33, 14.10%, 0, 0, 4, 78.73
1575123798, 0, 4893, 4992, 4393, 32, 14.10%, 0, 0, 4, 81.93
1575123809, 0, 4895, 4992, 4392, 31, 14.10%, 0, 0, 4, 79.41
1575123819, 0, 4902, 5000, 4399, 32, 14.10%, 0, 0, 4, 87.12
1575123824, 0, 4909, 5000, 4398, 31, 14.10%, 0, 0, 4, 96.06
1575123839, 0, 4919, 5000, 4397, 30, 14.10%, 0, 0, 4, 86.00
1575123844, 0, 4924, 5000, 4396, 29, 14.10%, 0, 0, 4, 74.38
1575123854, 0, 4939, 5000, 4395, 28, 14.10%, 0, 0, 4, 94.19
1575123865, 0, 4940, 5002, 4396, 29, 14.10%, 0, 0, 4, 71.09
1575123870, 0, 4942, 5002, 4395, 28, 14.10%, 0, 0, 4, 91.98
1575123880, 0, 4943, 5002, 4394, 27, 14.10%, 0, 0, 4, 120.27
1575123885, 0, 4944, 5003, 4394, 26, 14.10%, 0, 0, 4, 83.19
1575123890, 0, 4944, 5005, 4396, 26, 14.10%, 0, 0, 4, 92.93
1575123895, 0, 4944, 5006, 4397, 26, 14.10%, 0, 0, 4, 80.57
1575123915, 0, 4944, 5007, 4398, 26, 14.10%, 0, 0, 4, 76.45
1575123941, 0, 4944, 5008, 4399, 26, 14.10%, 0, 0, 4, 69.98
1575123976, 0, 4947, 5008, 4398, 25, 14.10%, 0, 0, 4, 104.64
1575123987, 0, 4947, 5024, 4413, 24, 14.11%, 0, 0, 4, 69.84
1575123992, 0, 4954, 5028, 4417, 29, 14.11%, 0, 0, 4, 70.33
1575124002, 0, 4959, 5028, 4416, 28, 14.11%, 0, 0, 4, 71.04
1575124017, 0, 4962, 5028, 4415, 27, 14.11%, 0, 0, 4, 81.59
1575124027, 0, 4972, 5028, 4414, 26, 14.11%, 0, 0, 4, 90.81
1575124032, 0, 4979, 5028, 4413, 25, 14.11%, 0, 0, 4, 92.63
1575124038, 0, 4979, 5029, 4414, 25, 14.11%, 0, 0, 4, 94.88
1575124043, 0, 4979, 5030, 4415, 25, 14.11%, 0, 0, 4, 91.22
1575124058, 0, 4979, 5033, 4418, 25, 14.11%, 0, 0, 4, 78.65
1575124063, 0, 4979, 5034, 4419, 25, 14.11%, 0, 0, 4, 79.15
1575124068, 0, 4979, 5050, 4434, 24, 14.13%, 0, 0, 4, 53.25
1575124073, 0, 4990, 5050, 4434, 28, 14.13%, 0, 0, 4, 63.57
1575124089, 0, 4994, 5050, 4433, 27, 14.13%, 0, 0, 4, 88.63
1575124094, 0, 5001, 5050, 4432, 26, 14.13%, 0, 0, 4, 86.43
1575124109, 0, 5008, 5050, 4431, 25, 14.13%, 0, 0, 4, 91.49
1575124114, 0, 5008, 5051, 4432, 25, 14.13%, 0, 0, 4, 94.18
1575124124, 0, 5015, 5052, 4432, 26, 14.13%, 0, 0, 4, 95.23
1575124129, 0, 5015, 5057, 4436, 25, 14.13%, 0, 0, 4, 78.39
1575124134, 0, 5015, 5074, 4453, 25, 14.13%, 0, 0, 4, 44.07
1575124140, 0, 5023, 5074, 4453, 29, 14.13%, 0, 0, 4, 78.35
1575124150, 0, 5024, 5074, 4452, 28, 14.13%, 0, 0, 4, 82.99
1575124160, 0, 5028, 5074, 4451, 27, 14.13%, 0, 0, 4, 80.92
1575124170, 0, 5037, 5074, 4450, 26, 14.13%, 0, 0, 4, 88.29
1575124180, 0, 5037, 5075, 4451, 26, 14.13%, 0, 0, 4, 88.67
1575124185, 0, 5038, 5075, 4450, 25, 14.13%, 0, 0, 4, 98.24
1575124195, 0, 5038, 5091, 4465, 24, 14.13%, 0, 0, 4, 51.44
1575124200, 0, 5038, 5100, 4474, 24, 14.13%, 0, 0, 4, 36.60
1575124205, 0, 5040, 5102, 4476, 27, 14.13%, 0, 0, 4, 74.25
1575124216, 0, 5041, 5102, 4475, 26, 14.13%, 0, 0, 4, 82.57
1575124226, 0, 5045, 5102, 4474, 25, 14.13%, 0, 0, 4, 85.04
1575124231, 0, 5045, 5104, 4476, 25, 14.14%, 0, 0, 4, 78.91
1575124236, 0, 5045, 5105, 4477, 25, 14.14%, 0, 0, 4, 84.71
1575124272, 0, 5046, 5107, 4478, 25, 14.14%, 0, 0, 4, 106.18
1575124287, 0, 5050, 5107, 4477, 25, 14.14%, 0, 0, 4, 93.49
1575124297, 0, 5050, 5113, 4482, 24, 14.14%, 0, 0, 4, 67.30
1575124302, 0, 5050, 5120, 4489, 24, 14.15%, 0, 0, 4, 41.55
1575124307, 0, 5054, 5125, 4494, 29, 14.15%, 0, 0, 4, 75.57
1575124318, 0, 5080, 5125, 4493, 28, 14.15%, 0, 0, 4, 87.95
1575124323, 0, 5080, 5129, 4497, 28, 14.15%, 0, 0, 4, 94.41
1575124328, 0, 5080, 5130, 4498, 28, 14.15%, 0, 0, 4, 108.82
1575124358, 0, 5080, 5131, 4499, 28, 14.15%, 0, 0, 4, 104.25
1575124378, 0, 5080, 5132, 4500, 28, 14.15%, 0, 0, 4, 87.18
1575124399, 0, 5080, 5134, 4502, 28, 14.15%, 0, 0, 4, 104.33
1575124409, 0, 5080, 5135, 4503, 28, 14.15%, 0, 0, 4, 87.11
1575124414, 0, 5094, 5136, 4503, 30, 14.15%, 0, 0, 4, 80.52
1575124424, 0, 5097, 5136, 4502, 29, 14.15%, 0, 0, 4, 96.31
1575124434, 0, 5101, 5136, 4501, 28, 14.15%, 0, 0, 4, 103.75
1575124440, 0, 5101, 5138, 4502, 27, 14.17%, 0, 0, 4, 89.65
1575124445, 0, 5101, 5154, 4518, 27, 14.17%, 0, 0, 4, 45.69
1575124450, 0, 5101, 5168, 4532, 27, 14.17%, 0, 0, 4, 36.56
1575124455, 0, 5101, 5177, 4541, 27, 14.17%, 0, 0, 4, 33.26
1575124460, 0, 5103, 5179, 4543, 33, 14.17%, 0, 0, 4, 60.91
1575124470, 0, 5104, 5179, 4542, 32, 14.17%, 0, 0, 4, 75.80
1575124475, 0, 5104, 5181, 4544, 32, 14.17%, 0, 0, 4, 120.00
1575124480, 0, 5104, 5182, 4545, 32, 14.17%, 0, 0, 4, 89.69
1575124486, 0, 5104, 5183, 4546, 32, 14.17%, 0, 0, 4, 90.34
1575124501, 0, 5104, 5185, 4548, 32, 14.17%, 0, 0, 4, 92.64
1575124506, 0, 5104, 5186, 4549, 32, 14.17%, 0, 0, 4, 93.09
1575124527, 0, 5104, 5187, 4550, 32, 14.17%, 0, 0, 4, 89.20
1575124552, 0, 5105, 5187, 4549, 34, 14.17%, 0, 0, 4, 73.09
1575124557, 0, 5108, 5188, 4549, 34, 14.17%, 0, 0, 4, 94.41
1575124562, 0, 5108, 5189, 4550, 34, 14.17%, 0, 0, 4, 99.09
1575124567, 0, 5113, 5189, 4549, 34, 14.17%, 0, 0, 4, 103.55
1575124573, 0, 5113, 5192, 4552, 34, 14.17%, 0, 0, 4, 84.87
1575124578, 0, 5113, 5195, 4555, 34, 14.18%, 0, 0, 4, 75.48
1575124588, 0, 5113, 5199, 4559, 34, 14.18%, 0, 0, 4, 78.06
1575124593, 0, 5113, 5200, 4560, 34, 14.18%, 0, 0, 4, 88.03
1575124598, 0, 5113, 5201, 4561, 34, 14.18%, 0, 0, 4, 83.23
1575124603, 0, 5113, 5203, 4563, 34, 14.18%, 0, 0, 4, 85.35
1575124613, 0, 5113, 5205, 4565, 34, 14.18%, 0, 0, 4, 86.50
1575124623, 0, 5113, 5207, 4567, 34, 14.18%, 0, 0, 4, 93.25
1575124634, 0, 5113, 5218, 4577, 33, 14.19%, 0, 0, 4, 52.75
1575124639, 0, 5113, 5232, 4591, 33, 14.19%, 0, 0, 4, 34.29
1575124644, 0, 5113, 5241, 4600, 33, 14.20%, 0, 0, 4, 36.32
1575124649, 0, 5113, 5248, 4607, 33, 14.20%, 0, 0, 4, 38.03
1575124654, 0, 5115, 5253, 4612, 42, 14.20%, 0, 0, 4, 39.38
1575124669, 0, 5129, 5253, 4611, 41, 14.20%, 0, 0, 4, 100.29
1575124674, 0, 5130, 5253, 4610, 40, 14.20%, 0, 0, 4, 105.48
1575124679, 0, 5130, 5254, 4611, 40, 14.20%, 0, 0, 4, 106.31
1575124684, 0, 5140, 5255, 4611, 39, 14.20%, 0, 0, 4, 108.83
1575124689, 0, 5140, 5256, 4612, 39, 14.20%, 0, 0, 4, 94.78
1575124694, 0, 5140, 5257, 4613, 39, 14.20%, 0, 0, 4, 95.90
1575124704, 0, 5140, 5258, 4614, 39, 14.20%, 0, 0, 4, 90.65
1575124755, 0, 5141, 5258, 4613, 39, 14.20%, 0, 0, 4, 97.08
1575124765, 0, 5141, 5264, 4618, 38, 14.20%, 0, 0, 4, 76.83
1575124771, 0, 5141, 5283, 4637, 38, 14.21%, 0, 0, 4, 47.57
1575124776, 0, 5141, 5287, 4641, 38, 14.22%, 0, 0, 4, 43.65
1575124781, 0, 5144, 5292, 4646, 44, 14.22%, 0, 0, 4, 71.35
1575124791, 0, 5145, 5292, 4645, 43, 14.22%, 0, 0, 4, 13.09
1575124802, 0, 5146, 5292, 4644, 43, 14.22%, 0, 0, 4, 91.21
1575124807, 0, 5146, 5293, 4645, 43, 14.22%, 0, 0, 4, 93.72
1575124822, 0, 5148, 5293, 4644, 42, 14.22%, 0, 0, 4, 69.10
1575124827, 0, 5172, 5293, 4643, 41, 14.22%, 0, 0, 4, 75.07
1575124842, 0, 5172, 5297, 4646, 40, 14.22%, 0, 0, 4, 68.80
1575124847, 0, 5172, 5312, 4661, 40, 14.23%, 0, 0, 4, 39.07
1575124853, 0, 5184, 5317, 4666, 44, 14.23%, 0, 0, 4, 36.57
1575124863, 0, 5191, 5317, 4665, 43, 14.23%, 0, 0, 4, 93.88
1575124878, 0, 5202, 5317, 4664, 42, 14.23%, 0, 0, 4, 89.86
1575124883, 0, 5202, 5318, 4665, 42, 14.23%, 0, 0, 4, 89.87
1575124888, 0, 5203, 5318, 4664, 41, 14.23%, 0, 0, 4, 85.67
1575124898, 0, 5208, 5319, 4664, 41, 14.23%, 0, 0, 4, 76.19
1575124914, 0, 5208, 5326, 4670, 40, 14.23%, 0, 0, 4, 43.94
1575124919, 0, 5214, 5327, 4671, 41, 14.23%, 0, 0, 4, 52.60
1575124929, 0, 5219, 5327, 4670, 40, 14.23%, 0, 0, 4, 66.68
1575124939, 0, 5222, 5327, 4669, 39, 14.23%, 0, 0, 4, 87.77
1575124949, 0, 5226, 5327, 4668, 38, 14.23%, 0, 0, 4, 86.85
1575124959, 0, 5233, 5327, 4667, 37, 14.23%, 0, 0, 4, 85.22
1575124974, 0, 5233, 5338, 4677, 36, 14.24%, 0, 0, 4, 62.08
1575124980, 0, 5236, 5341, 4680, 37, 14.24%, 0, 0, 4, 70.71
1575124990, 0, 5238, 5341, 4679, 36, 14.24%, 0, 0, 4, 70.59
1575125005, 0, 5240, 5341, 4678, 35, 14.24%, 0, 0, 4, 92.14
1575125010, 0, 5241, 5341, 4677, 34, 14.24%, 0, 0, 4, 89.91
1575125020, 0, 5243, 5341, 4676, 34, 14.24%, 0, 0, 4, 85.78
1575125035, 0, 5243, 5348, 4682, 33, 14.24%, 0, 0, 4, 71.02
1575125040, 0, 5249, 5355, 4689, 36, 14.24%, 0, 0, 4, 42.65
1575125051, 0, 5256, 5355, 4688, 35, 14.24%, 0, 0, 4, 84.15
1575125061, 0, 5259, 5355, 4687, 34, 14.24%, 0, 0, 4, 76.41
1575125076, 0, 5269, 5355, 4686, 33, 14.24%, 0, 0, 4, 89.70
1575125081, 0, 5283, 5355, 4685, 32, 14.24%, 0, 0, 4, 101.06
1575125091, 0, 5283, 5361, 4690, 31, 14.24%, 0, 0, 4, 56.72
1575125096, 0, 5284, 5366, 4695, 30, 14.25%, 0, 0, 4, 38.83
1575125106, 0, 5285, 5367, 4695, 29, 14.25%, 0, 0, 4, 71.85
1575125117, 0, 5285, 5368, 4696, 29, 14.25%, 0, 0, 4, 72.30
1575125127, 0, 5288, 5368, 4695, 28, 14.25%, 0, 0, 4, 69.23
1575125137, 0, 5293, 5368, 4694, 27, 14.25%, 0, 0, 4, 83.51
1575125142, 0, 5301, 5368, 4693, 27, 14.25%, 0, 0, 4, 85.30
1575125147, 0, 5301, 5370, 4695, 27, 14.25%, 0, 0, 4, 75.87
1575125157, 0, 5301, 5371, 4696, 27, 14.25%, 0, 0, 4, 80.00
1575125177, 0, 5301, 5375, 4699, 26, 14.25%, 0, 0, 4, 87.45
1575125183, 0, 5301, 5382, 4706, 26, 14.25%, 0, 0, 4, 45.63
1575125188, 0, 5301, 5393, 4717, 26, 14.25%, 0, 0, 4, 36.19
1575125193, 0, 5304, 5393, 4717, 32, 14.25%, 0, 0, 4, 69.84
1575125198, 0, 5305, 5393, 4716, 31, 14.25%, 0, 0, 4, 69.90
1575125203, 0, 5305, 5394, 4717, 31, 14.25%, 0, 0, 4, 73.77
1575125218, 0, 5324, 5394, 4716, 30, 14.25%, 0, 0, 4, 65.95
1575125228, 0, 5327, 5394, 4715, 29, 14.25%, 0, 0, 4, 90.16
1575125233, 0, 5327, 5396, 4717, 29, 14.25%, 0, 0, 4, 96.94
1575125254, 0, 5327, 5397, 4718, 29, 14.25%, 0, 0, 4, 109.26
1575125259, 0, 5328, 5397, 4717, 29, 14.25%, 0, 0, 4, 100.51
1575125274, 0, 5328, 5400, 4719, 28, 14.25%, 0, 0, 4, 15.58
1575125279, 0, 5328, 5410, 4729, 28, 14.27%, 0, 0, 4, 23.88
1575125284, 0, 5328, 5411, 4730, 28, 14.27%, 0, 0, 4, 28.20
1575125290, 0, 5328, 5413, 4732, 28, 14.27%, 0, 0, 4, 31.08
1575125295, 0, 5331, 5415, 4734, 30, 14.27%, 0, 0, 4, 50.51
1575125310, 0, 5335, 5416, 4734, 29, 14.27%, 0, 0, 4, 80.82
1575125320, 0, 5335, 5417, 4735, 29, 14.27%, 0, 0, 4, 88.25
1575125330, 0, 5341, 5417, 4734, 28, 14.27%, 0, 0, 4, 79.76
1575125336, 0, 5342, 5417, 4733, 27, 14.27%, 0, 0, 4, 75.57
1575125346, 0, 5343, 5417, 4732, 26, 14.27%, 0, 0, 4, 100.59
1575125356, 0, 5343, 5422, 4736, 25, 14.27%, 0, 0, 4, 15.67
1575125361, 0, 5343, 5433, 4747, 25, 14.27%, 0, 0, 4, 24.22
1575125366, 0, 5371, 5435, 4749, 28, 14.27%, 0, 0, 4, 27.69
1575125376, 0, 5373, 5436, 4749, 27, 14.27%, 0, 0, 4, 94.61
1575125381, 0, 5377, 5436, 4748, 26, 14.27%, 0, 0, 4, 78.84
1575125392, 0, 5378, 5436, 4747, 25, 14.27%, 0, 0, 4, 72.53
1575125402, 0, 5381, 5436, 4746, 24, 14.27%, 0, 0, 4, 59.42
1575125407, 0, 5381, 5438, 4748, 24, 14.27%, 0, 0, 4, 66.43
1575125422, 0, 5381, 5448, 4757, 23, 14.27%, 0, 0, 4, 41.50
1575125427, 0, 5389, 5450, 4759, 29, 14.27%, 0, 0, 4, 51.11
1575125443, 0, 5391, 5450, 4758, 28, 14.27%, 0, 0, 4, 77.94
1575125448, 0, 5392, 5450, 4757, 27, 14.27%, 0, 0, 4, 65.25
1575125463, 0, 5393, 5450, 4756, 26, 14.27%, 0, 0, 4, 84.52
1575125473, 0, 5393, 5451, 4757, 26, 14.27%, 0, 0, 4, 76.38
1575125478, 0, 5394, 5452, 4757, 25, 14.27%, 0, 0, 4, 91.32
1575125488, 0, 5394, 5460, 4764, 24, 14.27%, 0, 0, 4, 70.84
1575125493, 0, 5412, 5467, 4771, 27, 14.27%, 0, 0, 4, 43.32
1575125508, 0, 5424, 5467, 4770, 26, 14.27%, 0, 0, 4, 75.21
1575125518, 0, 5426, 5467, 4769, 25, 14.27%, 0, 0, 4, 83.47
1575125529, 0, 5431, 5467, 4768, 24, 14.27%, 0, 0, 4, 94.90
1575125539, 0, 5438, 5467, 4767, 23, 14.27%, 0, 0, 4, 59.49
1575125549, 0, 5438, 5473, 4772, 22, 14.27%, 0, 0, 4, 75.30
1575125554, 0, 5441, 5476, 4775, 24, 14.27%, 0, 0, 4, 60.93
1575125559, 0, 5441, 5477, 4776, 24, 14.27%, 0, 0, 4, 73.25
1575125579, 0, 5443, 5478, 4776, 23, 14.27%, 0, 0, 4, 61.41
1575125584, 0, 5443, 5481, 4779, 23, 14.27%, 0, 0, 4, 69.94
1575125590, 0, 5443, 5482, 4780, 23, 14.27%, 0, 0, 4, 73.14
1575125600, 0, 5443, 5483, 4781, 23, 14.27%, 0, 0, 4, 68.88
1575125610, 0, 5443, 5484, 4782, 23, 14.27%, 0, 0, 4, 71.15
1575125630, 0, 5443, 5485, 4783, 23, 14.27%, 0, 0, 4, 77.35
1575125651, 0, 5443, 5486, 4784, 23, 14.27%, 0, 0, 4, 107.01
1575125656, 0, 5443, 5487, 4785, 23, 14.27%, 0, 0, 4, 138.50
1575125661, 0, 5454, 5487, 4783, 21, 14.27%, 0, 0, 4, 177.08
1575125671, 0, 5460, 5500, 4794, 19, 14.28%, 0, 0, 4, 251.06
1575125676, 0, 5465, 5513, 4807, 28, 14.28%, 0, 0, 4, 28.59
1575125681, 0, 5465, 5526, 4820, 28, 14.28%, 0, 0, 4, 93.15
1575125687, 0, 5488, 5528, 4820, 28, 14.28%, 0, 0, 4, 216.19
1575125692, 0, 5488, 5533, 4825, 28, 14.28%, 0, 0, 4, 273.38
1575125697, 0, 5488, 5535, 4827, 28, 14.28%, 0, 0, 4, 257.26
1575125702, 0, 5488, 5536, 4828, 28, 14.28%, 0, 0, 4, 275.92
1575125707, 0, 5488, 5537, 4829, 28, 14.28%, 0, 0, 4, 307.90
1575125712, 0, 5494, 5537, 4828, 29, 14.28%, 0, 0, 4, 246.17
1575125717, 0, 5495, 5538, 4828, 27, 14.28%, 0, 0, 4, 297.77
1575125727, 0, 5500, 5542, 4831, 26, 14.28%, 0, 0, 4, 238.50
1575125732, 0, 5500, 5544, 4833, 26, 14.28%, 0, 0, 4, 214.10
1575125737, 0, 5500, 5547, 4836, 26, 14.28%, 0, 0, 4, 215.78
1575125742, 0, 5500, 5549, 4838, 26, 14.28%, 0, 0, 4, 247.75
1575125748, 0, 5500, 5550, 4839, 26, 14.28%, 0, 0, 4, 207.93
1575125753, 0, 5500, 5552, 4841, 26, 14.28%, 0, 0, 4, 264.28
1575125758, 0, 5501, 5555, 4843, 27, 14.28%, 0, 0, 4, 227.42
1575125763, 0, 5501, 5560, 4848, 27, 14.28%, 0, 0, 4, 265.66
1575125768, 0, 5501, 5562, 4850, 27, 14.28%, 0, 0, 4, 266.70
1575125773, 0, 5501, 5563, 4851, 27, 14.28%, 0, 0, 4, 237.10
1575125778, 0, 5503, 5563, 4850, 30, 14.28%, 0, 0, 4, 292.07
