# unix_time, cycles_done, cur_path, paths_total, pending_total, pending_favs, map_size, unique_crashes, unique_hangs, max_depth, execs_per_sec
1575114221, 0, 0, 1, 1, 1, 7.00%, 0, 0, 1, 142.86
1575114226, 0, 0, 101, 101, 1, 8.17%, 0, 0, 2, 215.59
1575114231, 0, 0, 166, 166, 1, 8.51%, 0, 0, 2, 228.41
1575114236, 0, 0, 213, 213, 1, 9.36%, 0, 0, 2, 232.02
1575114241, 0, 0, 244, 244, 1, 9.48%, 0, 0, 2, 228.30
1575114247, 0, 0, 262, 262, 1, 9.50%, 0, 0, 2, 188.06
1575114252, 0, 0, 271, 271, 1, 9.50%, 0, 0, 2, 158.57
1575114257, 0, 0, 283, 283, 1, 9.61%, 0, 0, 2, 147.56
1575114262, 0, 0, 292, 292, 1, 9.63%, 0, 0, 2, 150.63
1575114267, 0, 0, 296, 296, 1, 9.63%, 0, 0, 2, 151.03
1575114272, 0, 0, 307, 307, 1, 9.65%, 0, 0, 2, 148.79
1575114277, 0, 0, 314, 314, 1, 9.65%, 0, 0, 2, 146.57
1575114282, 0, 0, 320, 320, 1, 9.67%, 0, 0, 2, 144.00
1575114287, 0, 0, 339, 338, 0, 9.69%, 0, 0, 2, 138.60
1575114292, 0, 0, 383, 382, 0, 9.82%, 0, 0, 2, 128.25
1575114297, 0, 0, 417, 416, 0, 9.87%, 0, 0, 2, 114.84
1575114303, 0, 0, 448, 447, 0, 9.92%, 0, 0, 2, 120.00
1575114308, 0, 12, 475, 474, 118, 9.94%, 0, 0, 2, 123.82
1575114313, 0, 27, 478, 476, 118, 9.96%, 0, 0, 3, 139.84
1575114318, 0, 38, 481, 478, 118, 9.96%, 0, 0, 3, 141.49
1575114323, 0, 45, 483, 478, 117, 9.96%, 0, 0, 3, 142.75
1575114328, 0, 45, 494, 488, 116, 9.97%, 0, 0, 3, 135.29
1575114333, 0, 45, 520, 514, 116, 10.03%, 0, 0, 3, 119.87
1575114338, 0, 47, 539, 533, 121, 10.04%, 0, 0, 3, 129.11
1575114343, 0, 67, 540, 533, 120, 10.04%, 0, 0, 3, 123.79
1575114348, 0, 68, 542, 534, 119, 10.04%, 0, 0, 3, 117.43
1575114353, 0, 77, 542, 532, 117, 10.04%, 0, 0, 3, 127.40
1575114359, 0, 77, 560, 549, 116, 10.06%, 0, 0, 3, 121.26
1575114364, 0, 77, 576, 565, 116, 10.07%, 0, 0, 3, 98.51
1575114369, 0, 80, 576, 565, 121, 10.07%, 0, 0, 3, 85.93
1575114374, 0, 80, 578, 567, 121, 10.07%, 0, 0, 3, 118.11
1575114379, 0, 80, 583, 572, 121, 10.08%, 0, 0, 3, 105.69
1575114384, 0, 80, 588, 577, 121, 10.08%, 0, 0, 3, 96.72
1575114389, 0, 98, 590, 578, 121, 10.08%, 0, 0, 3, 110.57
1575114394, 0, 98, 597, 585, 121, 10.08%, 0, 0, 3, 120.25
1575114399, 0, 98, 601, 589, 121, 10.11%, 0, 0, 3, 105.17
1575114404, 0, 112, 602, 588, 122, 10.11%, 0, 0, 3, 102.55
1575114409, 0, 113, 603, 588, 120, 10.11%, 0, 0, 3, 106.46
1575114414, 0, 113, 604, 589, 120, 10.11%, 0, 0, 3, 119.22
1575114419, 0, 113, 635, 619, 119, 10.21%, 0, 0, 3, 89.31
1575114425, 0, 113, 655, 639, 119, 10.35%, 0, 0, 3, 77.57
1575114430, 0, 113, 663, 647, 119, 10.35%, 0, 0, 3, 86.40
1575114435, 0, 113, 681, 665, 119, 10.36%, 0, 0, 3, 91.48
1575114440, 0, 114, 688, 672, 134, 10.47%, 0, 0, 3, 93.42
1575114445, 0, 114, 689, 673, 134, 10.48%, 0, 0, 3, 95.60
1575114450, 0, 114, 695, 679, 134, 10.48%, 0, 0, 3, 108.40
1575114455, 0, 114, 697, 681, 134, 10.48%, 0, 0, 3, 109.98
1575114461, 0, 116, 701, 684, 138, 10.48%, 0, 0, 3, 98.56
1575114466, 0, 117, 702, 684, 137, 10.48%, 0, 0, 3, 100.15
1575114471, 0, 117, 703, 685, 137, 10.48%, 0, 0, 3, 107.39
1575114476, 0, 117, 705, 687, 137, 10.48%, 0, 0, 3, 108.11
1575114496, 0, 117, 706, 688, 137, 10.48%, 0, 0, 3, 96.35
1575114501, 0, 117, 709, 691, 137, 10.49%, 0, 0, 3, 98.75
1575114522, 0, 117, 710, 692, 137, 10.49%, 0, 0, 3, 95.28
1575114527, 0, 117, 712, 694, 137, 10.49%, 0, 0, 3, 88.22
1575114532, 0, 117, 713, 695, 137, 10.49%, 0, 0, 3, 98.32
1575114537, 0, 117, 714, 696, 137, 10.49%, 0, 0, 3, 100.23
1575114542, 0, 127, 714, 694, 137, 10.49%, 0, 0, 3, 101.12
1575114552, 0, 127, 739, 718, 136, 10.50%, 0, 0, 3, 71.46
1575114558, 0, 127, 770, 749, 136, 10.51%, 0, 0, 3, 73.53
1575114563, 0, 127, 806, 785, 136, 10.56%, 0, 0, 3, 87.91
1575114568, 0, 127, 815, 794, 136, 10.56%, 0, 0, 3, 84.88
1575114573, 0, 127, 829, 808, 136, 10.57%, 0, 0, 3, 95.71
1575114578, 0, 132, 841, 820, 148, 10.57%, 0, 0, 3, 90.88
1575114588, 0, 132, 842, 821, 148, 10.57%, 0, 0, 3, 107.83
1575114593, 0, 139, 842, 820, 147, 10.57%, 0, 0, 3, 118.62
1575114599, 0, 139, 843, 821, 147, 10.57%, 0, 0, 3, 115.03
1575114604, 0, 141, 843, 820, 147, 10.57%, 0, 0, 3, 101.77
1575114609, 0, 141, 846, 823, 147, 10.59%, 0, 0, 3, 95.50
1575114614, 0, 151, 846, 822, 147, 10.59%, 0, 0, 3, 97.99
1575114619, 0, 156, 847, 822, 146, 10.59%, 0, 0, 3, 103.21
1575114629, 0, 156, 886, 860, 145, 10.61%, 0, 0, 3, 102.35
1575114634, 0, 159, 894, 868, 151, 10.63%, 0, 0, 3, 95.42
1575114639, 0, 159, 895, 869, 151, 10.63%, 0, 0, 3, 95.91
1575114650, 0, 161, 895, 868, 149, 10.63%, 0, 0, 3, 105.40
1575114655, 0, 162, 895, 867, 149, 10.63%, 0, 0, 3, 87.89
1575114665, 0, 165, 896, 867, 147, 10.63%, 0, 0, 3, 105.60
1575114675, 0, 173, 896, 866, 146, 10.63%, 0, 0, 3, 108.16
1575114680, 0, 173, 908, 877, 145, 10.66%, 0, 0, 3, 94.90
1575114685, 0, 174, 931, 900, 152, 10.70%, 0, 0, 3, 79.11
1575114696, 0, 176, 931, 899, 151, 10.70%, 0, 0, 3, 114.67
1575114701, 0, 180, 933, 900, 150, 10.70%, 0, 0, 3, 101.33
1575114706, 0, 180, 937, 904, 150, 10.73%, 0, 0, 3, 95.05
1575114711, 0, 180, 939, 906, 150, 10.76%, 0, 0, 3, 99.74
1575114721, 0, 180, 940, 907, 150, 10.77%, 0, 0, 3, 89.26
1575114726, 0, 180, 943, 910, 150, 10.80%, 0, 0, 3, 95.85
1575114731, 0, 180, 944, 911, 150, 10.80%, 0, 0, 3, 110.20
1575114736, 0, 180, 946, 913, 150, 10.80%, 0, 0, 3, 115.79
1575114741, 0, 180, 947, 914, 150, 10.80%, 0, 0, 3, 115.22
1575114746, 0, 180, 948, 915, 150, 10.80%, 0, 0, 3, 111.43
1575114751, 0, 180, 949, 916, 150, 10.82%, 0, 0, 3, 94.74
1575114756, 0, 180, 952, 919, 150, 10.82%, 0, 0, 3, 102.88
1575114767, 0, 180, 953, 920, 150, 10.82%, 0, 0, 3, 109.80
1575114772, 0, 183, 954, 920, 152, 10.82%, 0, 0, 3, 104.06
1575114777, 0, 183, 955, 921, 152, 10.82%, 0, 0, 3, 102.30
1575114782, 0, 204, 955, 920, 151, 10.82%, 0, 0, 3, 108.16
1575114792, 0, 204, 987, 951, 150, 10.83%, 0, 0, 3, 79.33
1575114797, 0, 204, 1001, 965, 150, 10.84%, 0, 0, 3, 76.30
1575114802, 0, 204, 1008, 972, 150, 10.84%, 0, 0, 3, 80.43
1575114807, 0, 207, 1014, 978, 154, 10.84%, 0, 0, 3, 73.62
1575114813, 0, 207, 1015, 979, 154, 10.84%, 0, 0, 3, 85.30
1575114818, 0, 207, 1016, 980, 154, 10.84%, 0, 0, 3, 91.71
1575114833, 0, 211, 1016, 979, 153, 10.84%, 0, 0, 3, 99.26
1575114843, 0, 223, 1017, 979, 153, 10.84%, 0, 0, 3, 103.37
1575114848, 0, 235, 1017, 978, 151, 10.84%, 0, 0, 3, 105.38
1575114853, 0, 235, 1018, 979, 151, 10.84%, 0, 0, 3, 102.73
1575114864, 0, 242, 1018, 978, 150, 10.84%, 0, 0, 3, 97.22
1575114869, 0, 242, 1037, 996, 149, 10.87%, 0, 0, 3, 84.49
1575114874, 0, 242, 1058, 1017, 149, 10.87%, 0, 0, 3, 62.33
1575114879, 0, 251, 1065, 1024, 148, 10.88%, 0, 0, 3, 74.46
1575114889, 0, 251, 1069, 1028, 148, 10.88%, 0, 0, 3, 84.28
1575114894, 0, 251, 1073, 1032, 148, 10.88%, 0, 0, 3, 83.90
1575114899, 0, 251, 1076, 1035, 148, 10.89%, 0, 0, 3, 99.40
1575114904, 0, 279, 1076, 1033, 149, 10.89%, 0, 0, 3, 98.02
1575114915, 0, 279, 1084, 1041, 149, 10.90%, 0, 0, 3, 95.05
1575114920, 0, 279, 1087, 1044, 149, 10.90%, 0, 0, 3, 103.98
1575114925, 0, 285, 1087, 1043, 149, 10.90%, 0, 0, 3, 104.43
1575114930, 0, 290, 1088, 1043, 149, 10.90%, 0, 0, 3, 104.67
1575114935, 0, 290, 1094, 1048, 148, 10.92%, 0, 0, 3, 84.67
1575114940, 0, 290, 1127, 1081, 148, 10.96%, 0, 0, 3, 71.10
1575114945, 0, 301, 1136, 1090, 155, 10.96%, 0, 0, 3, 86.03
1575114950, 0, 301, 1142, 1096, 155, 10.96%, 0, 0, 3, 92.04
1575114956, 0, 301, 1146, 1100, 155, 10.96%, 0, 0, 3, 100.17
1575114961, 0, 306, 1146, 1099, 153, 10.96%, 0, 0, 3, 96.46
1575114971, 0, 315, 1146, 1098, 152, 10.96%, 0, 0, 3, 84.06
1575114976, 0, 319, 1146, 1097, 151, 10.96%, 0, 0, 3, 85.54
1575114986, 0, 319, 1148, 1099, 151, 10.97%, 0, 0, 3, 92.08
1575114991, 0, 329, 1148, 1098, 152, 10.97%, 0, 0, 3, 89.35
1575114996, 0, 329, 1159, 1108, 151, 11.04%, 0, 0, 3, 67.55
1575115001, 0, 329, 1174, 1123, 151, 11.04%, 0, 0, 3, 60.26
1575115007, 0, 330, 1187, 1136, 154, 11.04%, 0, 0, 3, 71.52
1575115022, 0, 333, 1187, 1135, 153, 11.04%, 0, 0, 3, 92.79
1575115027, 0, 342, 1187, 1134, 152, 11.04%, 0, 0, 3, 101.50
1575115032, 0, 356, 1187, 1133, 151, 11.04%, 0, 0, 3, 94.19
1575115042, 0, 360, 1187, 1132, 151, 11.04%, 0, 0, 3, 102.89
1575115052, 0, 360, 1212, 1156, 150, 11.06%, 0, 0, 3, 76.14
1575115057, 0, 365, 1234, 1178, 153, 11.07%, 0, 0, 3, 83.74
1575115062, 0, 379, 1234, 1177, 152, 11.07%, 0, 0, 3, 102.11
1575115078, 0, 388, 1234, 1175, 150, 11.07%, 0, 0, 3, 116.67
1575115088, 0, 395, 1234, 1174, 149, 11.07%, 0, 0, 3, 97.71
1575115098, 0, 395, 1235, 1175, 149, 11.07%, 0, 0, 3, 103.98
1575115103, 0, 395, 1248, 1187, 148, 11.22%, 0, 0, 3, 81.92
1575115108, 0, 407, 1252, 1191, 148, 11.22%, 0, 0, 3, 86.37
1575115118, 0, 409, 1254, 1192, 147, 11.22%, 0, 0, 3, 113.87
1575115134, 0, 410, 1254, 1191, 146, 11.22%, 0, 0, 3, 106.10
1575115144, 0, 420, 1254, 1190, 145, 11.22%, 0, 0, 3, 105.60
1575115154, 0, 422, 1254, 1189, 144, 11.22%, 0, 0, 3, 91.65
1575115170, 0, 422, 1279, 1213, 143, 11.24%, 0, 0, 3, 74.25
1575115175, 0, 425, 1285, 1219, 148, 11.25%, 0, 0, 3, 85.36
1575115180, 0, 430, 1285, 1218, 147, 11.25%, 0, 0, 3, 91.11
1575115195, 0, 432, 1285, 1217, 146, 11.25%, 0, 0, 3, 83.69
1575115200, 0, 432, 1286, 1218, 146, 11.25%, 0, 0, 3, 97.85
1575115205, 0, 476, 1286, 1217, 145, 11.25%, 0, 0, 3, 97.66
1575115216, 0, 476, 1287, 1218, 145, 11.25%, 0, 0, 4, 91.61
1575115221, 0, 492, 1287, 1217, 145, 11.25%, 0, 0, 4, 95.71
1575115231, 0, 492, 1291, 1220, 144, 11.25%, 0, 0, 4, 90.07
1575115236, 0, 492, 1325, 1254, 144, 11.29%, 0, 0, 4, 71.35
1575115241, 0, 508, 1331, 1260, 149, 11.29%, 0, 0, 4, 88.93
1575115246, 0, 508, 1334, 1263, 149, 11.29%, 0, 0, 4, 97.20
1575115251, 0, 508, 1337, 1266, 149, 11.29%, 0, 0, 4, 86.81
1575115256, 0, 514, 1337, 1265, 150, 11.29%, 0, 0, 4, 86.58
1575115267, 0, 514, 1339, 1267, 150, 11.29%, 0, 0, 4, 95.22
1575115272, 0, 514, 1342, 1270, 150, 11.29%, 0, 0, 4, 105.79
1575115277, 0, 515, 1342, 1269, 148, 11.29%, 0, 0, 4, 114.46
1575115282, 0, 524, 1342, 1268, 147, 11.29%, 0, 0, 4, 98.28
1575115292, 0, 535, 1342, 1267, 146, 11.29%, 0, 0, 4, 98.88
1575115307, 0, 535, 1377, 1301, 145, 11.29%, 0, 0, 4, 70.65
1575115312, 0, 535, 1405, 1329, 145, 11.30%, 0, 0, 4, 76.13
1575115317, 0, 546, 1405, 1329, 148, 11.30%, 0, 0, 4, 76.89
1575115332, 0, 560, 1405, 1327, 146, 11.30%, 0, 0, 4, 103.08
1575115348, 0, 565, 1405, 1326, 145, 11.30%, 0, 0, 4, 90.45
1575115353, 0, 565, 1406, 1327, 145, 11.30%, 0, 0, 4, 98.05
1575115363, 0, 566, 1406, 1326, 144, 11.30%, 0, 0, 4, 87.93
1575115368, 0, 566, 1409, 1329, 144, 11.30%, 0, 0, 4, 79.16
1575115373, 0, 566, 1412, 1332, 144, 11.30%, 0, 0, 4, 76.17
1575115378, 0, 566, 1413, 1333, 144, 11.30%, 0, 0, 4, 86.48
1575115388, 0, 566, 1449, 1368, 143, 11.34%, 0, 0, 4, 81.51
1575115394, 0, 571, 1456, 1375, 153, 11.34%, 0, 0, 4, 90.07
1575115399, 0, 573, 1456, 1374, 152, 11.34%, 0, 0, 4, 94.71
1575115404, 0, 573, 1457, 1375, 152, 11.34%, 0, 0, 4, 87.53
1575115409, 0, 573, 1459, 1377, 152, 11.34%, 0, 0, 4, 85.15
1575115419, 0, 592, 1459, 1375, 151, 11.34%, 0, 0, 4, 97.32
1575115429, 0, 594, 1467, 1381, 149, 11.35%, 0, 0, 4, 101.84
1575115434, 0, 663, 1473, 1387, 151, 11.35%, 0, 0, 4, 102.05
1575115440, 0, 679, 1473, 1386, 150, 11.35%, 0, 0, 4, 89.02
1575115445, 0, 683, 1473, 1385, 149, 11.35%, 0, 0, 4, 85.08
1575115455, 0, 693, 1474, 1385, 148, 11.35%, 0, 0, 4, 103.80
1575115460, 0, 698, 1474, 1384, 147, 11.35%, 0, 0, 4, 94.78
1575115465, 0, 698, 1476, 1386, 147, 11.35%, 0, 0, 4, 93.69
1575115470, 0, 701, 1492, 1401, 147, 11.38%, 0, 0, 4, 97.23
1575115475, 0, 713, 1492, 1400, 146, 11.38%, 0, 0, 4, 100.16
1575115486, 0, 713, 1493, 1401, 146, 11.38%, 0, 0, 4, 89.05
1575115491, 0, 720, 1493, 1400, 145, 11.38%, 0, 0, 4, 94.81
1575115501, 0, 730, 1494, 1400, 144, 11.38%, 0, 0, 4, 103.35
1575115506, 0, 778, 1494, 1399, 145, 11.38%, 0, 0, 4, 103.77
1575115511, 0, 778, 1501, 1405, 144, 11.38%, 0, 0, 4, 99.45
1575115516, 0, 779, 1513, 1417, 147, 11.38%, 0, 0, 4, 96.59
1575115521, 0, 792, 1513, 1416, 146, 11.38%, 0, 0, 4, 95.18
1575115526, 0, 793, 1513, 1415, 145, 11.38%, 0, 0, 4, 89.51
1575115531, 0, 796, 1514, 1415, 144, 11.38%, 0, 0, 4, 97.53
1575115537, 0, 827, 1514, 1414, 143, 11.38%, 0, 0, 4, 105.97
1575115542, 0, 827, 1520, 1419, 142, 11.40%, 0, 0, 4, 106.18
1575115547, 0, 830, 1525, 1424, 144, 11.40%, 0, 0, 4, 94.93
1575115552, 0, 847, 1525, 1423, 143, 11.40%, 0, 0, 4, 84.73
1575115557, 0, 847, 1527, 1425, 143, 11.40%, 0, 0, 4, 87.97
1575115562, 0, 853, 1527, 1424, 143, 11.40%, 0, 0, 4, 91.67
1575115567, 0, 853, 1530, 1427, 143, 11.40%, 0, 0, 4, 90.69
1575115572, 0, 853, 1531, 1428, 143, 11.40%, 0, 0, 4, 91.08
1575115578, 0, 853, 1532, 1429, 143, 11.40%, 0, 0, 4, 91.09
1575115583, 0, 855, 1534, 1430, 143, 11.41%, 0, 0, 4, 99.25
1575115588, 0, 865, 1534, 1429, 143, 11.41%, 0, 0, 4, 100.57
1575115593, 0, 865, 1550, 1444, 142, 11.41%, 0, 0, 4, 87.79
1575115598, 0, 868, 1565, 1459, 144, 11.41%, 0, 0, 4, 77.99
1575115608, 0, 872, 1565, 1458, 143, 11.41%, 0, 0, 4, 100.80
1575115618, 0, 879, 1565, 1457, 142, 11.41%, 0, 0, 4, 105.83
1575115624, 0, 880, 1566, 1457, 141, 11.41%, 0, 0, 4, 93.16
1575115629, 0, 890, 1566, 1456, 140, 11.41%, 0, 0, 4, 87.11
1575115644, 0, 890, 1581, 1470, 139, 11.42%, 0, 0, 4, 72.38
1575115649, 0, 895, 1581, 1470, 141, 11.42%, 0, 0, 4, 72.47
1575115659, 0, 899, 1581, 1469, 140, 11.42%, 0, 0, 4, 68.24
1575115664, 0, 899, 1583, 1471, 140, 11.42%, 0, 0, 4, 73.02
1575115685, 0, 901, 1583, 1470, 139, 11.42%, 0, 0, 4, 92.89
1575115695, 0, 901, 1584, 1471, 139, 11.42%, 0, 0, 4, 91.92
1575115700, 0, 907, 1584, 1470, 138, 11.42%, 0, 0, 4, 93.80
1575115710, 0, 907, 1588, 1474, 138, 11.42%, 0, 0, 4, 96.90
1575115721, 0, 914, 1588, 1473, 137, 11.42%, 0, 0, 4, 102.95
1575115731, 0, 914, 1591, 1476, 137, 11.42%, 0, 0, 4, 80.25
1575115736, 0, 914, 1592, 1477, 137, 11.42%, 0, 0, 4, 78.07
1575115741, 0, 914, 1597, 1481, 136, 11.42%, 0, 0, 4, 81.30
1575115746, 0, 914, 1624, 1508, 136, 11.43%, 0, 0, 4, 63.65
1575115751, 0, 914, 1632, 1516, 136, 11.43%, 0, 0, 4, 56.52
1575115756, 0, 916, 1632, 1516, 138, 11.43%, 0, 0, 4, 86.49
1575115767, 0, 935, 1632, 1515, 137, 11.43%, 0, 0, 4, 92.18
1575115777, 0, 936, 1632, 1514, 136, 11.43%, 0, 0, 4, 89.82
1575115782, 0, 936, 1633, 1515, 136, 11.44%, 0, 0, 4, 105.34
1575115792, 0, 938, 1633, 1514, 136, 11.44%, 0, 0, 4, 91.14
1575115797, 0, 938, 1634, 1515, 136, 11.44%, 0, 0, 4, 89.23
1575115802, 0, 939, 1634, 1514, 136, 11.44%, 0, 0, 4, 88.92
1575115807, 0, 939, 1635, 1515, 136, 11.45%, 0, 0, 4, 92.74
1575115817, 0, 942, 1658, 1537, 140, 11.56%, 0, 0, 4, 78.95
1575115822, 0, 944, 1658, 1536, 140, 11.56%, 0, 0, 4, 97.09
1575115827, 0, 944, 1659, 1537, 140, 11.56%, 0, 0, 4, 96.11
1575115833, 0, 944, 1664, 1542, 140, 11.57%, 0, 0, 4, 81.74
1575115838, 0, 944, 1668, 1546, 140, 11.58%, 0, 0, 4, 98.12
1575115843, 0, 947, 1668, 1545, 139, 11.58%, 0, 0, 4, 100.98
1575115853, 0, 947, 1669, 1546, 139, 11.58%, 0, 0, 4, 90.08
1575115858, 0, 948, 1670, 1546, 139, 11.58%, 0, 0, 4, 89.01
1575115873, 0, 961, 1673, 1547, 137, 11.58%, 0, 0, 4, 97.44
1575115879, 0, 967, 1686, 1560, 135, 11.61%, 0, 0, 4, 74.00
1575115884, 0, 967, 1687, 1561, 135, 11.61%, 0, 0, 4, 97.11
1575115894, 0, 971, 1687, 1560, 134, 11.61%, 0, 0, 4, 104.36
1575115909, 0, 972, 1687, 1559, 133, 11.61%, 0, 0, 4, 93.28
1575115914, 0, 986, 1687, 1558, 132, 11.61%, 0, 0, 4, 95.88
1575115919, 0, 987, 1687, 1557, 131, 11.61%, 0, 0, 4, 96.47
1575115930, 0, 987, 1699, 1568, 130, 11.62%, 0, 0, 4, 88.51
1575115935, 0, 988, 1710, 1579, 135, 11.64%, 0, 0, 4, 86.86
1575115940, 0, 1016, 1710, 1578, 135, 11.64%, 0, 0, 4, 87.49
1575115950, 0, 1019, 1711, 1578, 134, 11.64%, 0, 0, 4, 105.03
1575115955, 0, 1019, 1712, 1579, 134, 11.64%, 0, 0, 4, 102.21
1575115960, 0, 1025, 1712, 1578, 134, 11.64%, 0, 0, 4, 99.69
1575115975, 0, 1026, 1712, 1577, 133, 11.64%, 0, 0, 4, 89.49
1575115986, 0, 1026, 1724, 1588, 132, 11.65%, 0, 0, 4, 87.19
1575115991, 0, 1029, 1726, 1590, 132, 11.65%, 0, 0, 4, 82.94
1575116001, 0, 1043, 1726, 1589, 131, 11.65%, 0, 0, 4, 95.89
1575116011, 0, 1049, 1726, 1588, 130, 11.65%, 0, 0, 4, 102.66
1575116016, 0, 1064, 1726, 1587, 129, 11.65%, 0, 0, 4, 100.93
1575116026, 0, 1070, 1726, 1586, 128, 11.65%, 0, 0, 4, 97.56
1575116032, 0, 1070, 1729, 1588, 127, 11.65%, 0, 0, 4, 100.60
1575116037, 0, 1075, 1740, 1599, 129, 11.65%, 0, 0, 4, 90.51
1575116047, 0, 1096, 1740, 1598, 128, 11.65%, 0, 0, 4, 86.15
1575116057, 0, 1108, 1740, 1597, 127, 11.65%, 0, 0, 4, 78.16
1575116072, 0, 1118, 1741, 1597, 126, 11.65%, 0, 0, 4, 90.02
1575116087, 0, 1119, 1741, 1596, 125, 11.65%, 0, 0, 4, 105.55
1575116092, 0, 1119, 1756, 1610, 124, 11.66%, 0, 0, 4, 82.92
1575116097, 0, 1119, 1760, 1614, 124, 11.67%, 0, 0, 4, 76.71
1575116102, 0, 1123, 1762, 1616, 132, 11.67%, 0, 0, 4, 78.32
1575116112, 0, 1126, 1762, 1615, 131, 11.67%, 0, 0, 4, 92.47
1575116128, 0, 1131, 1763, 1615, 130, 11.67%, 0, 0, 4, 117.12
1575116133, 0, 1149, 1763, 1614, 129, 11.67%, 0, 0, 4, 109.51
1575116138, 0, 1166, 1764, 1614, 128, 11.67%, 0, 0, 4, 90.77
1575116143, 0, 1166, 1765, 1615, 128, 11.67%, 0, 0, 4, 98.87
1575116148, 0, 1166, 1766, 1616, 128, 11.70%, 0, 0, 4, 106.34
1575116163, 0, 1166, 1767, 1617, 128, 11.70%, 0, 0, 4, 92.95
1575116184, 0, 1166, 1768, 1618, 128, 11.70%, 0, 0, 4, 89.16
1575116209, 0, 1166, 1774, 1623, 127, 11.71%, 0, 0, 4, 91.29
1575116214, 0, 1166, 1814, 1663, 127, 11.77%, 0, 0, 4, 75.84
1575116219, 0, 1166, 1836, 1685, 127, 11.79%, 0, 0, 4, 60.16
1575116225, 0, 1166, 1840, 1689, 127, 11.80%, 0, 0, 4, 52.46
1575116230, 0, 1189, 1842, 1691, 136, 11.80%, 0, 0, 4, 55.83
1575116245, 0, 1190, 1842, 1690, 135, 11.80%, 0, 0, 4, 105.42
1575116250, 0, 1211, 1842, 1688, 133, 11.80%, 0, 0, 4, 111.14
1575116260, 0, 1238, 1842, 1687, 132, 11.80%, 0, 0, 4, 97.34
1575116275, 0, 1238, 1857, 1701, 131, 11.81%, 0, 0, 4, 80.52
1575116280, 0, 1245, 1857, 1701, 136, 11.81%, 0, 0, 4, 83.56
1575116285, 0, 1245, 1858, 1702, 136, 11.81%, 0, 0, 4, 94.46
1575116290, 0, 1245, 1860, 1704, 136, 11.81%, 0, 0, 4, 98.78
1575116295, 0, 1246, 1861, 1704, 136, 11.81%, 0, 0, 4, 104.82
1575116301, 0, 1272, 1861, 1703, 136, 11.81%, 0, 0, 4, 91.61
1575116316, 0, 1274, 1861, 1702, 135, 11.81%, 0, 0, 4, 83.38
1575116321, 0, 1274, 1862, 1703, 135, 11.81%, 0, 0, 4, 77.27
1575116326, 0, 1274, 1866, 1707, 135, 11.81%, 0, 0, 4, 82.01
1575116331, 0, 1274, 1870, 1711, 135, 11.81%, 0, 0, 4, 97.62
1575116341, 0, 1279, 1870, 1710, 134, 11.81%, 0, 0, 4, 99.09
1575116352, 0, 1279, 1886, 1725, 133, 11.84%, 0, 0, 4, 89.94
1575116357, 0, 1282, 1893, 1732, 130, 11.84%, 0, 0, 4, 64.90
1575116367, 0, 1282, 1894, 1733, 130, 11.84%, 0, 0, 4, 77.81
1575116372, 0, 1286, 1894, 1732, 129, 11.84%, 0, 0, 4, 86.86
1575116387, 0, 1289, 1895, 1732, 128, 11.85%, 0, 0, 4, 101.96
1575116392, 0, 1326, 1895, 1731, 124, 11.85%, 0, 0, 4, 96.80
1575116397, 0, 1328, 1896, 1731, 123, 11.85%, 0, 0, 4, 82.98
1575116402, 0, 1328, 1908, 1742, 122, 11.85%, 0, 0, 4, 76.74
1575116407, 0, 1372, 1915, 1749, 123, 11.85%, 0, 0, 4, 90.93
1575116413, 0, 1372, 1916, 1750, 123, 11.85%, 0, 0, 4, 114.54
1575116428, 0, 1388, 1916, 1749, 125, 11.85%, 0, 0, 4, 103.42
1575116433, 0, 1402, 1916, 1748, 124, 11.85%, 0, 0, 4, 96.72
1575116443, 0, 1410, 1916, 1747, 123, 11.85%, 0, 0, 4, 81.92
1575116453, 0, 1421, 1917, 1747, 123, 11.85%, 0, 0, 4, 70.59
1575116458, 0, 1421, 1921, 1751, 123, 11.85%, 0, 0, 4, 75.63
1575116463, 0, 1421, 1925, 1755, 123, 11.85%, 0, 0, 4, 78.15
1575116469, 0, 1421, 1926, 1756, 123, 11.87%, 0, 0, 4, 86.40
1575116474, 0, 1421, 1938, 1767, 123, 11.89%, 0, 0, 4, 73.84
1575116479, 0, 1421, 1953, 1782, 123, 11.90%, 0, 0, 4, 62.14
1575116484, 0, 1423, 1953, 1782, 127, 11.90%, 0, 0, 4, 81.75
1575116494, 0, 1424, 1953, 1781, 126, 11.90%, 0, 0, 4, 91.19
1575116509, 0, 1426, 1953, 1780, 125, 11.90%, 0, 0, 4, 83.21
1575116520, 0, 1431, 1953, 1779, 124, 11.90%, 0, 0, 4, 80.74
1575116525, 0, 1431, 1954, 1780, 124, 11.90%, 0, 0, 4, 88.88
1575116535, 0, 1434, 1954, 1779, 123, 11.90%, 0, 0, 4, 92.30
1575116550, 0, 1434, 1969, 1793, 122, 11.90%, 0, 0, 4, 70.73
1575116555, 0, 1436, 1971, 1795, 126, 11.90%, 0, 0, 4, 82.28
1575116565, 0, 1454, 1971, 1794, 125, 11.90%, 0, 0, 4, 93.44
1575116570, 0, 1455, 1972, 1794, 125, 11.90%, 0, 0, 4, 105.36
1575116580, 0, 1460, 1972, 1793, 124, 11.90%, 0, 0, 4, 89.76
1575116601, 0, 1461, 1972, 1792, 123, 11.90%, 0, 0, 4, 80.16
1575116616, 0, 1461, 1988, 1807, 122, 11.91%, 0, 0, 4, 77.85
1575116621, 0, 1462, 1991, 1810, 126, 11.91%, 0, 0, 4, 97.01
1575116626, 0, 1481, 1991, 1809, 125, 11.91%, 0, 0, 4, 99.79
1575116631, 0, 1481, 1993, 1811, 125, 11.91%, 0, 0, 4, 90.27
1575116646, 0, 1482, 1993, 1810, 124, 11.91%, 0, 0, 4, 102.93
1575116652, 0, 1482, 1994, 1811, 124, 11.91%, 0, 0, 4, 88.76
1575116657, 0, 1485, 2005, 1821, 123, 11.92%, 0, 0, 4, 98.29
1575116662, 0, 1485, 2007, 1823, 123, 11.92%, 0, 0, 4, 102.64
1575116667, 0, 1485, 2008, 1824, 123, 11.92%, 0, 0, 4, 101.88
1575116672, 0, 1485, 2009, 1825, 123, 11.92%, 0, 0, 4, 91.47
1575116718, 0, 1485, 2010, 1826, 123, 11.92%, 0, 0, 4, 108.83
1575116738, 0, 1493, 2010, 1825, 125, 11.92%, 0, 0, 4, 95.42
1575116748, 0, 1493, 2024, 1838, 124, 11.94%, 0, 0, 4, 78.48
1575116753, 0, 1493, 2056, 1870, 124, 12.03%, 0, 0, 4, 73.59
1575116758, 0, 1495, 2059, 1873, 131, 12.03%, 0, 0, 4, 91.90
1575116763, 0, 1499, 2059, 1872, 130, 12.03%, 0, 0, 4, 97.26
1575116768, 0, 1499, 2060, 1873, 130, 12.03%, 0, 0, 4, 87.33
1575116779, 0, 1502, 2060, 1872, 129, 12.03%, 0, 0, 4, 87.41
1575116794, 0, 1514, 2060, 1870, 127, 12.03%, 0, 0, 4, 90.51
1575116804, 0, 1514, 2071, 1880, 126, 12.04%, 0, 0, 4, 82.83
1575116809, 0, 1518, 2078, 1887, 129, 12.04%, 0, 0, 4, 91.44
1575116819, 0, 1519, 2078, 1886, 128, 12.04%, 0, 0, 4, 80.70
1575116829, 0, 1519, 2080, 1888, 128, 12.04%, 0, 0, 4, 89.41
1575116834, 0, 1519, 2083, 1891, 128, 12.04%, 0, 0, 4, 86.20
1575116840, 0, 1519, 2086, 1894, 128, 12.04%, 0, 0, 4, 93.58
1575116845, 0, 1534, 2086, 1892, 127, 12.04%, 0, 0, 4, 109.51
1575116850, 0, 1548, 2087, 1892, 126, 12.04%, 0, 0, 4, 101.32
1575116855, 0, 1548, 2088, 1893, 126, 12.04%, 0, 0, 4, 109.97
1575116865, 0, 1548, 2106, 1910, 125, 12.05%, 0, 0, 4, 74.50
1575116870, 0, 1561, 2110, 1914, 129, 12.05%, 0, 0, 4, 66.21
1575116880, 0, 1567, 2110, 1913, 128, 12.05%, 0, 0, 4, 82.67
1575116896, 0, 1571, 2110, 1912, 127, 12.05%, 0, 0, 4, 92.14
1575116901, 0, 1572, 2110, 1911, 126, 12.05%, 0, 0, 4, 99.42
1575116911, 0, 1576, 2110, 1910, 125, 12.05%, 0, 0, 4, 88.78
1575116921, 0, 1577, 2116, 1915, 124, 12.05%, 0, 0, 4, 90.58
1575116931, 0, 1632, 2116, 1914, 123, 12.05%, 0, 0, 4, 89.52
1575116947, 0, 1632, 2117, 1915, 123, 12.05%, 0, 0, 5, 114.46
1575116957, 0, 1640, 2118, 1915, 122, 12.05%, 0, 0, 5, 107.94
1575116967, 0, 1644, 2118, 1914, 121, 12.05%, 0, 0, 5, 96.50
1575116977, 0, 1662, 2118, 1913, 120, 12.05%, 0, 0, 5, 85.37
1575116982, 0, 1662, 2120, 1915, 120, 12.06%, 0, 0, 5, 92.58
1575117018, 0, 1662, 2121, 1916, 120, 12.06%, 0, 0, 5, 97.44
1575117028, 0, 1662, 2140, 1934, 119, 12.07%, 0, 0, 5, 72.67
1575117033, 0, 1662, 2156, 1950, 119, 12.08%, 0, 0, 5, 64.39
1575117038, 0, 1665, 2157, 1951, 122, 12.08%, 0, 0, 5, 82.66
1575117059, 0, 1685, 2157, 1950, 122, 12.08%, 0, 0, 5, 91.45
1575117074, 0, 1692, 2157, 1949, 122, 12.08%, 0, 0, 5, 104.78
1575117079, 0, 1696, 2157, 1948, 121, 12.08%, 0, 0, 5, 98.56
1575117094, 0, 1697, 2158, 1948, 121, 12.08%, 0, 0, 5, 89.20
1575117099, 0, 1697, 2167, 1956, 120, 12.08%, 0, 0, 5, 82.60
1575117104, 0, 1702, 2177, 1966, 123, 12.09%, 0, 0, 5, 80.59
1575117109, 0, 1702, 2178, 1967, 123, 12.09%, 0, 0, 5, 90.13
1575117125, 0, 1704, 2180, 1968, 123, 12.09%, 0, 0, 5, 83.39
1575117145, 0, 1710, 2180, 1967, 122, 12.09%, 0, 0, 5, 103.76
1575117155, 0, 1712, 2180, 1966, 121, 12.09%, 0, 0, 5, 101.40
1575117171, 0, 1725, 2180, 1965, 120, 12.09%, 0, 0, 5, 102.62
1575117176, 0, 1725, 2181, 1966, 120, 12.09%, 0, 0, 5, 101.89
1575117181, 0, 1725, 2182, 1967, 120, 12.09%, 0, 0, 5, 90.87
1575117196, 0, 1725, 2211, 1995, 119, 12.11%, 0, 0, 5, 82.41
1575117201, 0, 1727, 2226, 2010, 127, 12.13%, 0, 0, 5, 68.79
1575117206, 0, 1727, 2227, 2011, 127, 12.13%, 0, 0, 5, 79.16
1575117221, 0, 1736, 2227, 2010, 127, 12.13%, 0, 0, 5, 90.61
1575117226, 0, 1737, 2227, 2009, 126, 12.13%, 0, 0, 5, 95.58
1575117231, 0, 1739, 2228, 2009, 125, 12.13%, 0, 0, 5, 93.67
1575117241, 0, 1739, 2229, 2010, 125, 12.13%, 0, 0, 5, 92.72
1575117246, 0, 1753, 2230, 2010, 124, 12.13%, 0, 0, 5, 90.01
1575117251, 0, 1753, 2239, 2018, 123, 12.14%, 0, 0, 5, 80.32
1575117256, 0, 1755, 2252, 2031, 122, 12.22%, 0, 0, 5, 68.83
1575117272, 0, 1758, 2252, 2030, 121, 12.22%, 0, 0, 5, 93.63
1575117277, 0, 1763, 2253, 2030, 120, 12.22%, 0, 0, 5, 108.21
1575117287, 0, 1765, 2253, 2029, 119, 12.22%, 0, 0, 5, 80.83
1575117292, 0, 1765, 2256, 2032, 119, 12.23%, 0, 0, 5, 94.11
1575117297, 0, 1765, 2258, 2034, 119, 12.23%, 0, 0, 5, 102.56
1575117317, 0, 1765, 2259, 2035, 119, 12.23%, 0, 0, 5, 107.79
1575117323, 0, 1765, 2260, 2036, 119, 12.23%, 0, 0, 5, 107.53
1575117363, 0, 1770, 2260, 2035, 117, 12.23%, 0, 0, 5, 83.57
1575117368, 0, 1770, 2261, 2036, 117, 12.23%, 0, 0, 5, 86.50
1575117378, 0, 1770, 2291, 2065, 116, 12.23%, 0, 0, 5, 70.41
1575117383, 0, 1770, 2319, 2093, 116, 12.25%, 0, 0, 5, 68.08
1575117388, 0, 1770, 2331, 2105, 116, 12.26%, 0, 0, 5, 61.91
1575117394, 0, 1777, 2334, 2108, 128, 12.26%, 0, 0, 5, 74.13
1575117404, 0, 1779, 2334, 2107, 127, 12.26%, 0, 0, 5, 101.12
1575117419, 0, 1789, 2334, 2106, 126, 12.26%, 0, 0, 5, 95.91
1575117424, 0, 1796, 2334, 2105, 125, 12.26%, 0, 0, 5, 104.36
1575117429, 0, 1796, 2335, 2106, 125, 12.26%, 0, 0, 5, 109.29
1575117439, 0, 1829, 2335, 2105, 125, 12.26%, 0, 0, 5, 100.89
1575117450, 0, 1829, 2342, 2111, 124, 12.26%, 0, 0, 5, 91.01
1575117455, 0, 1829, 2373, 2142, 124, 12.28%, 0, 0, 5, 65.77
1575117460, 0, 1829, 2394, 2163, 124, 12.31%, 0, 0, 5, 53.27
1575117465, 0, 1840, 2400, 2169, 132, 12.31%, 0, 0, 5, 69.58
1575117470, 0, 1840, 2402, 2171, 132, 12.31%, 0, 0, 5, 92.80
1575117475, 0, 1840, 2409, 2178, 132, 12.32%, 0, 0, 5, 91.34
1575117480, 0, 1840, 2412, 2181, 132, 12.32%, 0, 0, 5, 84.71
1575117485, 0, 1840, 2413, 2182, 132, 12.32%, 0, 0, 5, 93.37
1575117490, 0, 1842, 2413, 2181, 130, 12.32%, 0, 0, 5, 89.69
1575117500, 0, 1846, 2413, 2180, 129, 12.32%, 0, 0, 5, 88.93
1575117515, 0, 1853, 2413, 2179, 128, 12.32%, 0, 0, 5, 90.82
1575117526, 0, 1876, 2413, 2178, 127, 12.32%, 0, 0, 5, 102.30
1575117536, 0, 1876, 2418, 2182, 126, 12.33%, 0, 0, 5, 83.51
1575117541, 0, 1876, 2445, 2209, 126, 12.41%, 0, 0, 5, 62.35
1575117546, 0, 1876, 2458, 2222, 126, 12.41%, 0, 0, 5, 54.21
1575117551, 0, 1876, 2473, 2237, 126, 12.42%, 0, 0, 5, 52.17
1575117556, 0, 1879, 2481, 2245, 134, 12.42%, 0, 0, 5, 65.60
1575117566, 0, 1879, 2484, 2248, 134, 12.42%, 0, 0, 5, 86.65
1575117571, 0, 1882, 2484, 2247, 133, 12.42%, 0, 0, 5, 84.11
1575117581, 0, 1889, 2484, 2246, 132, 12.42%, 0, 0, 5, 78.19
1575117592, 0, 1896, 2484, 2245, 131, 12.42%, 0, 0, 5, 89.01
1575117597, 0, 1906, 2486, 2246, 130, 12.42%, 0, 0, 5, 86.00
1575117612, 0, 1906, 2506, 2265, 129, 12.43%, 0, 0, 5, 78.15
1575117617, 0, 1913, 2519, 2278, 135, 12.44%, 0, 0, 5, 69.08
1575117627, 0, 1915, 2519, 2277, 134, 12.44%, 0, 0, 5, 82.21
1575117632, 0, 1951, 2519, 2276, 133, 12.44%, 0, 0, 5, 80.80
1575117637, 0, 1963, 2519, 2275, 132, 12.44%, 0, 0, 5, 95.47
1575117642, 0, 1964, 2520, 2275, 131, 12.44%, 0, 0, 5, 87.99
1575117653, 0, 1964, 2533, 2287, 130, 12.45%, 0, 0, 5, 68.01
1575117658, 0, 1970, 2535, 2289, 134, 12.45%, 0, 0, 5, 82.93
1575117663, 0, 1972, 2536, 2289, 133, 12.45%, 0, 0, 5, 86.83
1575117673, 0, 1976, 2536, 2288, 133, 12.45%, 0, 0, 5, 99.01
1575117678, 0, 1976, 2537, 2289, 133, 12.45%, 0, 0, 5, 87.40
1575117683, 0, 1979, 2537, 2288, 132, 12.45%, 0, 0, 5, 88.82
1575117693, 0, 1980, 2537, 2287, 131, 12.45%, 0, 0, 5, 90.84
1575117698, 0, 1980, 2540, 2290, 131, 12.45%, 0, 0, 5, 92.44
1575117703, 0, 1980, 2542, 2292, 131, 12.45%, 0, 0, 5, 94.04
1575117708, 0, 1980, 2543, 2293, 131, 12.45%, 0, 0, 5, 82.08
1575117723, 0, 1980, 2544, 2294, 131, 12.45%, 0, 0, 5, 103.68
1575117734, 0, 1980, 2545, 2295, 131, 12.45%, 0, 0, 5, 87.94
1575117769, 0, 1980, 2548, 2297, 130, 12.45%, 0, 0, 5, 85.10
1575117774, 0, 1980, 2577, 2326, 130, 12.47%, 0, 0, 5, 62.43
1575117779, 0, 1980, 2579, 2328, 130, 12.47%, 0, 0, 5, 60.27
1575117784, 0, 1986, 2580, 2329, 135, 12.47%, 0, 0, 5, 70.06
1575117794, 0, 1988, 2581, 2329, 134, 12.47%, 0, 0, 5, 93.11
1575117800, 0, 1990, 2581, 2328, 133, 12.47%, 0, 0, 5, 93.85
1575117810, 0, 1991, 2581, 2327, 132, 12.47%, 0, 0, 5, 98.67
1575117820, 0, 1995, 2581, 2326, 131, 12.47%, 0, 0, 5, 101.73
1575117825, 0, 1995, 2584, 2328, 130, 12.48%, 0, 0, 5, 79.75
1575117830, 0, 2000, 2587, 2331, 131, 12.48%, 0, 0, 5, 89.01
1575117835, 0, 2003, 2587, 2329, 129, 12.48%, 0, 0, 5, 92.64
1575117840, 0, 2019, 2587, 2328, 128, 12.48%, 0, 0, 5, 98.42
1575117845, 0, 2020, 2587, 2327, 127, 12.48%, 0, 0, 5, 104.92
1575117850, 0, 2020, 2602, 2341, 126, 12.49%, 0, 0, 5, 71.77
1575117855, 0, 2027, 2606, 2345, 124, 12.49%, 0, 0, 5, 72.98
1575117861, 0, 2036, 2606, 2344, 123, 12.49%, 0, 0, 5, 76.23
1575117866, 0, 2051, 2606, 2343, 122, 12.49%, 0, 0, 5, 82.16
1575117881, 0, 2053, 2606, 2342, 121, 12.49%, 0, 0, 5, 95.49
1575117886, 0, 2068, 2606, 2341, 120, 12.49%, 0, 0, 5, 91.17
1575117896, 0, 2068, 2614, 2348, 119, 12.50%, 0, 0, 5, 90.25
1575117901, 0, 2071, 2619, 2353, 120, 12.50%, 0, 0, 5, 98.02
1575117906, 0, 2071, 2621, 2355, 120, 12.50%, 0, 0, 5, 96.18
1575117911, 0, 2074, 2621, 2354, 119, 12.50%, 0, 0, 5, 82.18
1575117921, 0, 2074, 2622, 2355, 119, 12.50%, 0, 0, 5, 84.49
1575117926, 0, 2087, 2622, 2354, 118, 12.50%, 0, 0, 5, 90.16
1575117936, 0, 2091, 2622, 2353, 117, 12.50%, 0, 0, 5, 96.84
1575117946, 0, 2091, 2623, 2354, 117, 12.50%, 0, 0, 5, 93.43
1575117951, 0, 2092, 2624, 2354, 116, 12.50%, 0, 0, 5, 94.43
1575117956, 0, 2092, 2625, 2355, 116, 12.50%, 0, 0, 5, 92.42
1575117977, 0, 2092, 2650, 2379, 115, 12.52%, 0, 0, 5, 67.49
1575117982, 0, 2093, 2657, 2386, 122, 12.52%, 0, 0, 5, 73.73
1575117992, 0, 2104, 2657, 2385, 121, 12.52%, 0, 0, 5, 80.84
1575117997, 0, 2105, 2657, 2384, 120, 12.52%, 0, 0, 5, 82.19
1575118008, 0, 2114, 2657, 2383, 119, 12.52%, 0, 0, 5, 84.63
1575118018, 0, 2114, 2662, 2388, 119, 12.52%, 0, 0, 5, 86.44
1575118028, 0, 2116, 2663, 2388, 118, 12.52%, 0, 0, 5, 82.25
1575118043, 0, 2116, 2665, 2389, 117, 12.52%, 0, 0, 5, 92.82
1575118048, 0, 2116, 2690, 2414, 117, 12.53%, 0, 0, 5, 65.46
1575118053, 0, 2125, 2692, 2416, 122, 12.53%, 0, 0, 5, 81.88
1575118063, 0, 2137, 2692, 2415, 121, 12.53%, 0, 0, 5, 92.08
1575118068, 0, 2143, 2693, 2415, 121, 12.53%, 0, 0, 5, 82.50
1575118073, 0, 2143, 2694, 2416, 121, 12.53%, 0, 0, 5, 86.86
1575118089, 0, 2143, 2695, 2417, 121, 12.53%, 0, 0, 5, 89.79
1575118094, 0, 2155, 2695, 2416, 121, 12.53%, 0, 0, 5, 89.95
1575118109, 0, 2156, 2695, 2415, 121, 12.53%, 0, 0, 5, 86.82
1575118134, 0, 2156, 2704, 2423, 120, 12.55%, 0, 0, 5, 67.13
1575118139, 0, 2161, 2708, 2427, 118, 12.55%, 0, 0, 5, 81.59
1575118144, 0, 2169, 2708, 2426, 117, 12.55%, 0, 0, 5, 86.14
1575118149, 0, 2169, 2709, 2427, 117, 12.55%, 0, 0, 5, 90.06
1575118159, 0, 2182, 2709, 2426, 116, 12.55%, 0, 0, 5, 85.00
1575118175, 0, 2195, 2709, 2425, 115, 12.55%, 0, 0, 5, 88.26
1575118190, 0, 2199, 2709, 2424, 114, 12.55%, 0, 0, 5, 98.76
1575118195, 0, 2199, 2710, 2425, 114, 12.55%, 0, 0, 5, 100.93
1575118200, 0, 2199, 2722, 2436, 113, 12.55%, 0, 0, 5, 30.31
1575118205, 0, 2201, 2737, 2451, 115, 12.60%, 0, 0, 5, 66.97
1575118210, 0, 2201, 2738, 2452, 115, 12.60%, 0, 0, 5, 81.89
1575118215, 0, 2207, 2739, 2452, 114, 12.60%, 0, 0, 5, 90.53
1575118226, 0, 2214, 2739, 2451, 114, 12.60%, 0, 0, 5, 99.15
1575118231, 0, 2220, 2740, 2451, 114, 12.60%, 0, 0, 5, 106.17
1575118236, 0, 2220, 2741, 2452, 114, 12.60%, 0, 0, 5, 92.13
1575118246, 0, 2226, 2741, 2451, 113, 12.60%, 0, 0, 5, 94.39
1575118256, 0, 2226, 2744, 2453, 112, 12.60%, 0, 0, 5, 87.35
1575118261, 0, 2226, 2770, 2479, 112, 12.60%, 0, 0, 5, 60.97
1575118266, 0, 2226, 2783, 2492, 112, 12.60%, 0, 0, 5, 60.30
1575118271, 0, 2241, 2784, 2493, 120, 12.60%, 0, 0, 5, 84.62
1575118281, 0, 2242, 2784, 2492, 119, 12.60%, 0, 0, 5, 97.76
1575118286, 0, 2242, 2785, 2493, 119, 12.60%, 0, 0, 5, 108.74
1575118292, 0, 2250, 2785, 2492, 119, 12.60%, 0, 0, 5, 95.62
1575118297, 0, 2250, 2786, 2493, 119, 12.60%, 0, 0, 5, 89.61
1575118302, 0, 2259, 2787, 2493, 118, 12.60%, 0, 0, 5, 93.80
1575118307, 0, 2259, 2792, 2498, 118, 12.61%, 0, 0, 5, 77.87
1575118312, 0, 2259, 2801, 2507, 118, 12.62%, 0, 0, 5, 60.80
1575118317, 0, 2259, 2806, 2512, 118, 12.62%, 0, 0, 5, 68.40
1575118322, 0, 2259, 2813, 2519, 118, 12.62%, 0, 0, 5, 79.05
1575118327, 0, 2277, 2814, 2519, 121, 12.62%, 0, 0, 5, 80.73
1575118338, 0, 2277, 2820, 2524, 120, 12.62%, 0, 0, 5, 89.58
1575118343, 0, 2277, 2843, 2547, 120, 12.63%, 0, 0, 5, 57.05
1575118348, 0, 2277, 2863, 2567, 120, 12.63%, 0, 0, 5, 53.00
1575118353, 0, 2279, 2865, 2569, 122, 12.63%, 0, 0, 5, 91.06
1575118363, 0, 2293, 2865, 2568, 121, 12.63%, 0, 0, 5, 86.25
1575118373, 0, 2304, 2865, 2567, 120, 12.63%, 0, 0, 5, 98.18
1575118378, 0, 2306, 2866, 2567, 119, 12.63%, 0, 0, 5, 93.07
1575118394, 0, 2318, 2866, 2566, 118, 12.63%, 0, 0, 5, 101.27
1575118404, 0, 2318, 2869, 2568, 117, 12.63%, 0, 0, 5, 81.52
1575118409, 0, 2318, 2890, 2589, 117, 12.65%, 0, 0, 5, 57.53
1575118414, 0, 2318, 2905, 2604, 117, 12.65%, 0, 0, 5, 56.93
1575118419, 0, 2319, 2905, 2604, 121, 12.65%, 0, 0, 5, 79.29
1575118424, 0, 2349, 2905, 2603, 120, 12.65%, 0, 0, 5, 86.65
1575118434, 0, 2353, 2905, 2602, 119, 12.65%, 0, 0, 5, 98.53
1575118444, 0, 2353, 2906, 2603, 119, 12.65%, 0, 0, 5, 88.15
1575118449, 0, 2358, 2906, 2602, 118, 12.65%, 0, 0, 5, 82.24
1575118465, 0, 2360, 2906, 2601, 117, 12.65%, 0, 0, 5, 93.57
1575118475, 0, 2360, 2915, 2609, 116, 12.65%, 0, 0, 5, 76.98
1575118480, 0, 2360, 2937, 2631, 116, 12.65%, 0, 0, 5, 55.85
1575118485, 0, 2360, 2953, 2647, 116, 12.65%, 0, 0, 5, 53.49
1575118490, 0, 2390, 2963, 2657, 120, 12.66%, 0, 0, 5, 70.42
1575118505, 0, 2390, 2968, 2662, 120, 12.68%, 0, 0, 5, 73.62
1575118511, 0, 2390, 2974, 2668, 120, 12.69%, 0, 0, 5, 67.11
1575118516, 0, 2390, 2980, 2674, 120, 12.69%, 0, 0, 5, 79.64
1575118521, 0, 2398, 2980, 2673, 120, 12.69%, 0, 0, 5, 98.71
1575118526, 0, 2398, 2981, 2674, 120, 12.69%, 0, 0, 5, 105.70
1575118531, 0, 2398, 2982, 2675, 120, 12.69%, 0, 0, 5, 94.87
1575118536, 0, 2398, 2983, 2676, 120, 12.69%, 0, 0, 5, 88.46
1575118541, 0, 2407, 2983, 2675, 119, 12.69%, 0, 0, 5, 83.18
1575118546, 0, 2407, 2986, 2678, 119, 12.69%, 0, 0, 5, 84.61
1575118551, 0, 2407, 2989, 2681, 119, 12.69%, 0, 0, 5, 89.19
1575118562, 0, 2407, 2995, 2687, 119, 12.69%, 0, 0, 5, 91.70
1575118567, 0, 2407, 3002, 2694, 119, 12.69%, 0, 0, 5, 85.62
1575118572, 0, 2416, 3007, 2698, 118, 12.70%, 0, 0, 5, 71.04
1575118582, 0, 2430, 3007, 2697, 117, 12.70%, 0, 0, 5, 87.60
1575118587, 0, 2430, 3011, 2700, 116, 12.70%, 0, 0, 5, 86.40
1575118592, 0, 2430, 3027, 2716, 116, 12.70%, 0, 0, 5, 45.10
1575118597, 0, 2430, 3043, 2732, 116, 12.70%, 0, 0, 5, 41.42
1575118602, 0, 2430, 3060, 2749, 116, 12.73%, 0, 0, 5, 42.19
1575118607, 0, 2430, 3076, 2765, 116, 12.75%, 0, 0, 5, 42.48
1575118613, 0, 2430, 3090, 2779, 116, 12.75%, 0, 0, 5, 36.89
1575118618, 0, 2430, 3100, 2789, 116, 12.75%, 0, 0, 5, 42.46
1575118623, 0, 2430, 3108, 2797, 116, 12.76%, 0, 0, 5, 46.76
1575118628, 0, 2436, 3111, 2800, 111, 12.76%, 0, 0, 5, 68.35
1575118633, 0, 2436, 3112, 2801, 111, 12.76%, 0, 0, 5, 80.66
1575118654, 0, 2438, 3116, 2804, 110, 12.76%, 0, 0, 5, 94.81
1575118659, 0, 2438, 3118, 2806, 110, 12.76%, 0, 0, 5, 92.55
1575118674, 0, 2438, 3119, 2807, 110, 12.76%, 0, 0, 5, 93.94
1575118679, 0, 2438, 3121, 2809, 110, 12.76%, 0, 0, 5, 95.34
1575118684, 0, 2438, 3122, 2810, 110, 12.76%, 0, 0, 5, 102.24
1575118689, 0, 2438, 3124, 2812, 110, 12.76%, 0, 0, 5, 91.79
1575118694, 0, 2438, 3125, 2813, 110, 12.76%, 0, 0, 5, 93.20
1575118699, 0, 2438, 3126, 2814, 110, 12.76%, 0, 0, 5, 87.56
1575118709, 0, 2438, 3127, 2815, 110, 12.76%, 0, 0, 5, 96.74
1575118724, 0, 2438, 3128, 2816, 110, 12.76%, 0, 0, 5, 90.25
1575118740, 0, 2438, 3129, 2817, 110, 12.76%, 0, 0, 5, 88.62
1575118745, 0, 2440, 3129, 2816, 111, 12.76%, 0, 0, 5, 94.95
1575118750, 0, 2442, 3129, 2815, 110, 12.76%, 0, 0, 5, 104.39
1575118760, 0, 2449, 3129, 2814, 109, 12.76%, 0, 0, 5, 106.41
1575118770, 0, 2449, 3146, 2830, 108, 12.77%, 0, 0, 5, 64.74
1575118775, 0, 2449, 3164, 2848, 108, 12.77%, 0, 0, 5, 43.29
1575118780, 0, 2449, 3186, 2870, 108, 12.79%, 0, 0, 5, 47.82
1575118785, 0, 2449, 3195, 2879, 108, 12.80%, 0, 0, 5, 39.98
1575118791, 0, 2449, 3202, 2886, 108, 12.80%, 0, 0, 5, 42.16
1575118796, 0, 2449, 3203, 2887, 108, 12.80%, 0, 0, 5, 43.81
1575118801, 0, 2449, 3208, 2892, 108, 12.80%, 0, 0, 5, 48.21
1575118806, 0, 2463, 3208, 2892, 108, 12.80%, 0, 0, 5, 80.75
1575118816, 0, 2488, 3208, 2891, 107, 12.80%, 0, 0, 5, 94.44
1575118821, 0, 2488, 3209, 2892, 107, 12.80%, 0, 0, 5, 100.73
1575118826, 0, 2491, 3209, 2891, 106, 12.80%, 0, 0, 5, 104.64
1575118831, 0, 2494, 3209, 2890, 105, 12.80%, 0, 0, 5, 91.59
1575118841, 0, 2497, 3209, 2889, 104, 12.80%, 0, 0, 5, 83.54
1575118856, 0, 2497, 3239, 2918, 103, 12.80%, 0, 0, 5, 64.38
1575118862, 0, 2502, 3245, 2924, 106, 12.80%, 0, 0, 5, 66.66
1575118867, 0, 2504, 3245, 2923, 105, 12.80%, 0, 0, 5, 81.86
1575118877, 0, 2508, 3245, 2922, 104, 12.80%, 0, 0, 5, 89.04
1575118887, 0, 2515, 3245, 2921, 103, 12.80%, 0, 0, 5, 101.68
1575118892, 0, 2515, 3246, 2922, 103, 12.81%, 0, 0, 5, 93.81
1575118897, 0, 2525, 3248, 2923, 103, 12.81%, 0, 0, 5, 86.58
1575118912, 0, 2525, 3264, 2938, 102, 12.82%, 0, 0, 5, 65.69
1575118918, 0, 2531, 3274, 2948, 103, 12.82%, 0, 0, 5, 51.45
1575118923, 0, 2531, 3275, 2949, 103, 12.82%, 0, 0, 5, 80.24
1575118928, 0, 2551, 3276, 2949, 102, 12.82%, 0, 0, 5, 80.25
1575118938, 0, 2553, 3276, 2948, 101, 12.82%, 0, 0, 5, 87.16
1575118948, 0, 2557, 3276, 2947, 100, 12.82%, 0, 0, 5, 86.88
1575118958, 0, 2567, 3276, 2946, 99, 12.82%, 0, 0, 5, 107.34
1575118963, 0, 2567, 3283, 2952, 98, 12.82%, 0, 0, 5, 79.78
1575118968, 0, 2567, 3299, 2968, 98, 12.82%, 0, 0, 5, 45.79
1575118973, 0, 2567, 3313, 2982, 98, 12.82%, 0, 0, 5, 42.01
1575118978, 0, 2568, 3314, 2983, 100, 12.82%, 0, 0, 5, 69.56
1575118988, 0, 2574, 3314, 2982, 99, 12.82%, 0, 0, 5, 84.32
1575118998, 0, 2583, 3314, 2980, 97, 12.82%, 0, 0, 5, 89.88
1575119009, 0, 2597, 3314, 2979, 96, 12.82%, 0, 0, 5, 100.73
1575119019, 0, 2597, 3325, 2989, 95, 12.83%, 0, 0, 5, 27.69
1575119024, 0, 2597, 3341, 3005, 95, 12.85%, 0, 0, 5, 31.69
1575119029, 0, 2597, 3351, 3015, 95, 12.87%, 0, 0, 5, 31.21
1575119034, 0, 2599, 3357, 3021, 102, 12.87%, 0, 0, 5, 61.86
1575119044, 0, 2602, 3357, 3020, 101, 12.87%, 0, 0, 5, 100.46
1575119055, 0, 2612, 3358, 3020, 100, 12.87%, 0, 0, 5, 81.23
1575119065, 0, 2620, 3358, 3019, 99, 12.87%, 0, 0, 5, 88.48
1575119070, 0, 2620, 3359, 3020, 99, 12.87%, 0, 0, 5, 85.67
1575119080, 0, 2628, 3360, 3020, 99, 12.88%, 0, 0, 5, 91.82
1575119085, 0, 2628, 3361, 3021, 99, 12.88%, 0, 0, 5, 95.72
1575119095, 0, 2628, 3369, 3028, 98, 12.88%, 0, 0, 5, 57.70
1575119100, 0, 2628, 3378, 3037, 98, 12.88%, 0, 0, 5, 41.94
1575119105, 0, 2631, 3384, 3043, 99, 12.88%, 0, 0, 5, 61.37
1575119115, 0, 2645, 3385, 3043, 98, 12.88%, 0, 0, 5, 81.91
1575119125, 0, 2654, 3385, 3042, 97, 12.88%, 0, 0, 5, 92.63
1575119136, 0, 2666, 3385, 3041, 97, 12.88%, 0, 0, 5, 93.58
1575119146, 0, 2668, 3385, 3040, 96, 12.88%, 0, 0, 5, 92.24
1575119151, 0, 2668, 3387, 3042, 96, 12.88%, 0, 0, 5, 86.56
1575119166, 0, 2677, 3393, 3047, 98, 12.88%, 0, 0, 5, 91.65
1575119171, 0, 2677, 3394, 3048, 98, 12.88%, 0, 0, 5, 99.87
1575119176, 0, 2677, 3396, 3050, 98, 12.88%, 0, 0, 5, 86.89
1575119181, 0, 2695, 3398, 3051, 97, 12.88%, 0, 0, 5, 85.16
1575119197, 0, 2703, 3398, 3050, 96, 12.88%, 0, 0, 5, 84.14
1575119202, 0, 2712, 3398, 3049, 95, 12.88%, 0, 0, 5, 94.04
1575119207, 0, 2721, 3398, 3048, 94, 12.88%, 0, 0, 5, 91.13
1575119222, 0, 2721, 3416, 3065, 93, 12.88%, 0, 0, 5, 67.20
1575119227, 0, 2725, 3421, 3070, 98, 12.88%, 0, 0, 5, 80.70
1575119238, 0, 2730, 3422, 3070, 97, 12.88%, 0, 0, 5, 97.93
1575119253, 0, 2731, 3422, 3069, 96, 12.88%, 0, 0, 5, 87.94
1575119258, 0, 2736, 3422, 3068, 95, 12.88%, 0, 0, 5, 87.21
1575119268, 0, 2741, 3422, 3067, 94, 12.88%, 0, 0, 5, 98.49
1575119278, 0, 2741, 3436, 3080, 93, 12.90%, 0, 0, 5, 57.38
1575119283, 0, 2741, 3449, 3093, 93, 12.90%, 0, 0, 5, 39.56
1575119289, 0, 2745, 3453, 3097, 93, 12.90%, 0, 0, 5, 72.01
1575119294, 0, 2750, 3453, 3096, 92, 12.90%, 0, 0, 5, 85.80
1575119299, 0, 2750, 3454, 3097, 92, 12.90%, 0, 0, 5, 102.78
1575119304, 0, 2755, 3454, 3096, 92, 12.90%, 0, 0, 5, 98.48
1575119314, 0, 2768, 3454, 3095, 91, 12.90%, 0, 0, 5, 93.11
1575119324, 0, 2812, 3454, 3094, 90, 12.90%, 0, 0, 5, 79.34
1575119345, 0, 2812, 3468, 3107, 90, 12.90%, 0, 0, 5, 50.74
1575119350, 0, 2812, 3475, 3114, 90, 12.90%, 0, 0, 5, 39.96
1575119355, 0, 2823, 3475, 3114, 92, 12.90%, 0, 0, 5, 77.91
1575119365, 0, 2832, 3475, 3113, 91, 12.90%, 0, 0, 5, 83.52
1575119375, 0, 2832, 3478, 3116, 91, 12.91%, 0, 0, 5, 82.31
1575119381, 0, 2832, 3482, 3120, 91, 12.91%, 0, 0, 5, 84.34
1575119386, 0, 2841, 3484, 3121, 89, 12.91%, 0, 0, 5, 88.03
1575119401, 0, 2852, 3484, 3120, 88, 12.91%, 0, 0, 5, 105.26
1575119406, 0, 2872, 3484, 3119, 87, 12.91%, 0, 0, 5, 96.11
1575119411, 0, 2872, 3492, 3126, 86, 12.91%, 0, 0, 5, 59.71
1575119416, 0, 2872, 3502, 3136, 86, 12.92%, 0, 0, 5, 35.08
1575119422, 0, 2892, 3502, 3136, 89, 12.92%, 0, 0, 5, 68.84
1575119432, 0, 2910, 3502, 3135, 88, 12.92%, 0, 0, 5, 81.72
1575119442, 0, 2914, 3502, 3134, 87, 12.92%, 0, 0, 5, 82.81
1575119452, 0, 2932, 3502, 3133, 86, 12.92%, 0, 0, 5, 86.10
1575119462, 0, 2932, 3503, 3134, 86, 12.92%, 0, 0, 5, 92.90
1575119467, 0, 2946, 3503, 3133, 85, 12.92%, 0, 0, 5, 83.59
1575119472, 0, 2946, 3504, 3134, 85, 12.92%, 0, 0, 5, 92.56
1575119477, 0, 2946, 3506, 3135, 84, 12.92%, 0, 0, 5, 92.08
1575119483, 0, 2946, 3524, 3153, 84, 12.93%, 0, 0, 5, 47.01
1575119488, 0, 2946, 3537, 3166, 84, 12.93%, 0, 0, 5, 36.24
1575119493, 0, 2946, 3545, 3174, 84, 12.93%, 0, 0, 5, 33.52
1575119498, 0, 2946, 3551, 3180, 84, 12.93%, 0, 0, 5, 29.56
1575119503, 0, 2947, 3552, 3181, 90, 12.93%, 0, 0, 5, 67.73
1575119513, 0, 2961, 3552, 3180, 89, 12.93%, 0, 0, 5, 84.22
1575119528, 0, 2991, 3553, 3180, 88, 12.93%, 0, 0, 5, 78.03
1575119544, 0, 2994, 3553, 3179, 87, 12.93%, 0, 0, 5, 80.92
1575119554, 0, 2994, 3557, 3183, 87, 12.93%, 0, 0, 5, 79.91
1575119564, 0, 3024, 3557, 3182, 86, 12.93%, 0, 0, 5, 96.13
1575119574, 0, 3024, 3574, 3198, 85, 12.93%, 0, 0, 5, 52.01
1575119579, 0, 3024, 3589, 3213, 85, 12.93%, 0, 0, 5, 36.06
1575119584, 0, 3024, 3601, 3225, 85, 12.93%, 0, 0, 5, 37.33
1575119589, 0, 3027, 3608, 3232, 91, 12.93%, 0, 0, 5, 58.18
1575119599, 0, 3049, 3609, 3232, 90, 12.94%, 0, 0, 5, 87.21
1575119605, 0, 3073, 3609, 3231, 90, 12.94%, 0, 0, 5, 87.61
1575119615, 0, 3073, 3612, 3234, 90, 12.94%, 0, 0, 5, 86.40
1575119620, 0, 3073, 3613, 3235, 90, 12.94%, 0, 0, 5, 93.70
1575119625, 0, 3106, 3613, 3234, 89, 12.94%, 0, 0, 5, 96.01
1575119630, 0, 3112, 3613, 3233, 88, 12.94%, 0, 0, 5, 106.92
1575119640, 0, 3112, 3623, 3242, 87, 12.94%, 0, 0, 5, 65.90
1575119645, 0, 3112, 3629, 3248, 87, 12.94%, 0, 0, 5, 42.06
1575119650, 0, 3113, 3629, 3248, 89, 12.94%, 0, 0, 5, 52.94
1575119661, 0, 3113, 3630, 3249, 89, 12.94%, 0, 0, 5, 92.26
1575119666, 0, 3116, 3630, 3248, 88, 12.94%, 0, 0, 5, 88.44
1575119671, 0, 3116, 3631, 3249, 88, 12.94%, 0, 0, 5, 83.66
1575119676, 0, 3140, 3632, 3249, 87, 12.94%, 0, 0, 5, 83.18
1575119681, 0, 3140, 3633, 3250, 87, 12.94%, 0, 0, 5, 92.20
1575119691, 0, 3167, 3633, 3249, 87, 12.94%, 0, 0, 5, 80.95
1575119706, 0, 3170, 3633, 3248, 86, 12.94%, 0, 0, 5, 104.79
1575119717, 0, 3170, 3651, 3265, 85, 12.95%, 0, 0, 5, 64.03
1575119722, 0, 3171, 3654, 3268, 89, 12.95%, 0, 0, 5, 53.61
1575119727, 0, 3171, 3655, 3269, 89, 12.95%, 0, 0, 5, 80.78
1575119737, 0, 3175, 3655, 3268, 88, 12.95%, 0, 0, 5, 70.96
1575119742, 0, 3175, 3657, 3270, 88, 12.95%, 0, 0, 5, 90.24
1575119747, 0, 3175, 3658, 3271, 88, 12.95%, 0, 0, 5, 80.39
1575119762, 0, 3175, 3660, 3273, 88, 12.95%, 0, 0, 5, 73.00
1575119773, 0, 3175, 3661, 3274, 88, 12.95%, 0, 0, 5, 81.84
1575119788, 0, 3175, 3662, 3275, 88, 12.95%, 0, 0, 5, 96.87
1575119793, 0, 3175, 3663, 3276, 88, 12.95%, 0, 0, 5, 107.83
1575119798, 0, 3183, 3664, 3276, 88, 12.95%, 0, 0, 5, 109.22
1575119803, 0, 3184, 3664, 3275, 88, 12.95%, 0, 0, 5, 92.00
1575119808, 0, 3184, 3665, 3276, 88, 12.95%, 0, 0, 5, 86.73
1575119818, 0, 3188, 3666, 3276, 87, 12.95%, 0, 0, 5, 97.57
1575119829, 0, 3188, 3683, 3292, 86, 12.99%, 0, 0, 5, 53.08
1575119834, 0, 3188, 3701, 3310, 86, 13.00%, 0, 0, 5, 45.72
1575119839, 0, 3188, 3702, 3311, 86, 13.00%, 0, 0, 5, 46.37
1575119844, 0, 3188, 3703, 3312, 86, 13.00%, 0, 0, 5, 57.03
1575119849, 0, 3188, 3710, 3319, 86, 13.01%, 0, 0, 5, 41.29
1575119854, 0, 3188, 3721, 3330, 86, 13.01%, 0, 0, 5, 44.75
1575119859, 0, 3190, 3721, 3330, 92, 13.01%, 0, 0, 5, 71.49
1575119864, 0, 3190, 3722, 3331, 92, 13.01%, 0, 0, 5, 85.60
1575119869, 0, 3193, 3722, 3330, 91, 13.01%, 0, 0, 5, 83.99
1575119875, 0, 3206, 3723, 3330, 90, 13.01%, 0, 0, 5, 91.60
1575119880, 0, 3207, 3724, 3330, 90, 13.01%, 0, 0, 5, 86.66
1575119895, 0, 3216, 3724, 3329, 89, 13.01%, 0, 0, 5, 88.09
1575119905, 0, 3216, 3745, 3349, 88, 13.01%, 0, 0, 5, 56.69
1575119911, 0, 3216, 3752, 3356, 88, 13.01%, 0, 0, 5, 45.46
1575119916, 0, 3216, 3755, 3359, 88, 13.08%, 0, 0, 5, 45.64
1575119921, 0, 3217, 3757, 3361, 94, 13.08%, 0, 0, 5, 63.34
1575119931, 0, 3221, 3757, 3360, 93, 13.08%, 0, 0, 5, 87.00
1575119936, 0, 3224, 3757, 3359, 92, 13.08%, 0, 0, 5, 80.63
1575119951, 0, 3248, 3758, 3359, 91, 13.08%, 0, 0, 5, 87.03
1575119961, 0, 3256, 3758, 3358, 90, 13.08%, 0, 0, 5, 94.16
1575119972, 0, 3256, 3760, 3359, 89, 13.08%, 0, 0, 5, 93.54
1575119977, 0, 3256, 3773, 3372, 89, 13.08%, 0, 0, 5, 56.58
1575119982, 0, 3258, 3773, 3372, 92, 13.08%, 0, 0, 5, 86.72
1575119987, 0, 3262, 3773, 3371, 91, 13.08%, 0, 0, 5, 84.86
1575120002, 0, 3276, 3773, 3370, 90, 13.08%, 0, 0, 5, 69.18
1575120012, 0, 3282, 3773, 3369, 89, 13.08%, 0, 0, 5, 76.59
1575120027, 0, 3293, 3774, 3369, 88, 13.08%, 0, 0, 5, 102.85
1575120038, 0, 3293, 3775, 3369, 87, 13.08%, 0, 0, 5, 95.13
1575120043, 0, 3293, 3789, 3383, 87, 13.08%, 0, 0, 5, 51.13
1575120048, 0, 3326, 3793, 3387, 89, 13.09%, 0, 0, 5, 52.24
1575120058, 0, 3334, 3793, 3386, 88, 13.09%, 0, 0, 5, 79.93
1575120068, 0, 3335, 3793, 3385, 87, 13.09%, 0, 0, 5, 64.43
1575120073, 0, 3349, 3793, 3384, 86, 13.09%, 0, 0, 5, 88.37
1575120078, 0, 3349, 3795, 3386, 86, 13.09%, 0, 0, 5, 80.89
1575120084, 0, 3349, 3796, 3387, 86, 13.09%, 0, 0, 5, 93.02
1575120094, 0, 3349, 3797, 3388, 86, 13.09%, 0, 0, 5, 101.94
1575120104, 0, 3349, 3798, 3389, 86, 13.09%, 0, 0, 5, 80.65
1575120109, 0, 3349, 3799, 3390, 86, 13.10%, 0, 0, 5, 91.92
1575120144, 0, 3349, 3800, 3391, 86, 13.10%, 0, 0, 5, 50.80
1575120155, 0, 3351, 3800, 3390, 88, 13.10%, 0, 0, 5, 61.77
1575120160, 0, 3351, 3804, 3394, 88, 13.10%, 0, 0, 5, 63.32
1575120165, 0, 3351, 3809, 3399, 88, 13.10%, 0, 0, 5, 67.30
1575120170, 0, 3351, 3812, 3402, 88, 13.10%, 0, 0, 5, 65.56
1575120175, 0, 3351, 3813, 3403, 88, 13.10%, 0, 0, 5, 76.22
1575120180, 0, 3351, 3816, 3406, 88, 13.10%, 0, 0, 5, 69.39
1575120185, 0, 3351, 3819, 3409, 88, 13.10%, 0, 0, 5, 74.84
1575120191, 0, 3351, 3820, 3410, 88, 13.10%, 0, 0, 5, 76.95
1575120196, 0, 3351, 3822, 3412, 88, 13.10%, 0, 0, 5, 83.82
1575120201, 0, 3351, 3824, 3414, 88, 13.10%, 0, 0, 5, 79.11
1575120206, 0, 3351, 3825, 3415, 88, 13.10%, 0, 0, 5, 72.79
1575120211, 0, 3351, 3826, 3416, 88, 13.10%, 0, 0, 5, 80.15
1575120216, 0, 3351, 3830, 3420, 88, 13.10%, 0, 0, 5, 74.04
1575120221, 0, 3351, 3831, 3421, 88, 13.10%, 0, 0, 5, 80.74
1575120226, 0, 3351, 3833, 3423, 88, 13.10%, 0, 0, 5, 74.27
1575120231, 0, 3351, 3834, 3424, 88, 13.10%, 0, 0, 5, 78.20
1575120236, 0, 3351, 3835, 3425, 88, 13.10%, 0, 0, 5, 67.20
1575120242, 0, 3351, 3836, 3426, 88, 13.10%, 0, 0, 5, 68.84
1575120252, 0, 3351, 3846, 3435, 87, 13.10%, 0, 0, 5, 50.37
1575120257, 0, 3351, 3861, 3450, 87, 13.11%, 0, 0, 5, 35.03
1575120262, 0, 3351, 3872, 3461, 87, 13.12%, 0, 0, 5, 30.83
1575120267, 0, 3351, 3884, 3473, 87, 13.17%, 0, 0, 5, 27.74
1575120272, 0, 3351, 3896, 3485, 87, 13.17%, 0, 0, 5, 29.00
1575120277, 0, 3351, 3907, 3496, 87, 13.17%, 0, 0, 5, 30.53
1575120282, 0, 3351, 3911, 3500, 87, 13.17%, 0, 0, 5, 30.03
1575120287, 0, 3351, 3919, 3508, 87, 13.17%, 0, 0, 5, 33.40
1575120292, 0, 3351, 3921, 3510, 87, 13.18%, 0, 0, 5, 33.60
1575120298, 0, 3358, 3921, 3510, 96, 13.18%, 0, 0, 5, 64.38
1575120308, 0, 3359, 3921, 3509, 95, 13.18%, 0, 0, 5, 77.67
1575120313, 0, 3375, 3921, 3508, 94, 13.18%, 0, 0, 5, 84.97
1575120323, 0, 3378, 3921, 3507, 94, 13.18%, 0, 0, 5, 94.01
1575120328, 0, 3386, 3921, 3506, 94, 13.18%, 0, 0, 5, 84.83
1575120333, 0, 3386, 3922, 3507, 94, 13.18%, 0, 0, 5, 90.78
1575120338, 0, 3386, 3924, 3508, 93, 13.18%, 0, 0, 5, 79.59
1575120343, 0, 3386, 3930, 3514, 93, 13.18%, 0, 0, 5, 41.79
1575120348, 0, 3390, 3936, 3520, 94, 13.18%, 0, 0, 5, 48.68
1575120364, 0, 3391, 3936, 3519, 93, 13.18%, 0, 0, 5, 89.63
1575120369, 0, 3392, 3936, 3518, 92, 13.18%, 0, 0, 5, 88.17
1575120379, 0, 3403, 3936, 3517, 91, 13.18%, 0, 0, 5, 80.44
1575120389, 0, 3409, 3936, 3516, 90, 13.18%, 0, 0, 5, 78.56
1575120399, 0, 3409, 3937, 3517, 90, 13.18%, 0, 0, 5, 98.27
1575120404, 0, 3410, 3948, 3527, 89, 13.18%, 0, 0, 5, 65.43
1575120410, 0, 3410, 3949, 3528, 89, 13.18%, 0, 0, 5, 84.65
1575120415, 0, 3410, 3950, 3529, 89, 13.18%, 0, 0, 5, 91.96
1575120425, 0, 3414, 3950, 3528, 88, 13.18%, 0, 0, 5, 76.47
1575120435, 0, 3438, 3950, 3527, 88, 13.18%, 0, 0, 5, 93.02
1575120440, 0, 3453, 3950, 3526, 87, 13.18%, 0, 0, 5, 86.67
1575120450, 0, 3460, 3950, 3525, 86, 13.18%, 0, 0, 5, 97.14
1575120460, 0, 3460, 3951, 3526, 86, 13.18%, 0, 0, 5, 77.13
1575120465, 0, 3460, 3961, 3535, 85, 13.18%, 0, 0, 5, 45.59
1575120470, 0, 3462, 3964, 3538, 85, 13.18%, 0, 0, 5, 40.34
1575120481, 0, 3475, 3964, 3537, 83, 13.18%, 0, 0, 5, 76.96
1575120486, 0, 3475, 3965, 3538, 83, 13.18%, 0, 0, 5, 75.29
1575120496, 0, 3476, 3965, 3537, 82, 13.18%, 0, 0, 5, 82.56
1575120511, 0, 3485, 3965, 3536, 82, 13.18%, 0, 0, 5, 87.90
1575120517, 0, 3497, 3966, 3536, 81, 13.18%, 0, 0, 5, 92.90
1575120527, 0, 3497, 3980, 3549, 80, 13.18%, 0, 0, 5, 26.60
1575120532, 0, 3497, 3992, 3561, 80, 13.18%, 0, 0, 5, 30.38
1575120537, 0, 3501, 3995, 3564, 82, 13.18%, 0, 0, 5, 36.11
1575120542, 0, 3501, 3996, 3565, 82, 13.18%, 0, 0, 5, 81.80
1575120547, 0, 3506, 3996, 3564, 82, 13.18%, 0, 0, 5, 65.98
1575120558, 0, 3509, 3996, 3563, 81, 13.18%, 0, 0, 5, 94.23
1575120563, 0, 3509, 3999, 3566, 81, 13.18%, 0, 0, 5, 99.63
1575120568, 0, 3514, 3999, 3565, 80, 13.18%, 0, 0, 5, 76.85
1575120578, 0, 3514, 4000, 3566, 80, 13.18%, 0, 0, 5, 98.26
1575120583, 0, 3528, 4000, 3565, 80, 13.18%, 0, 0, 5, 101.81
1575120593, 0, 3528, 4008, 3572, 79, 13.18%, 0, 0, 5, 50.53
1575120599, 0, 3546, 4011, 3575, 79, 13.18%, 0, 0, 5, 33.49
1575120614, 0, 3549, 4011, 3574, 78, 13.18%, 0, 0, 5, 72.18
1575120619, 0, 3570, 4011, 3573, 77, 13.18%, 0, 0, 5, 86.93
1575120634, 0, 3583, 4012, 3573, 77, 13.18%, 0, 0, 5, 72.69
1575120644, 0, 3591, 4012, 3572, 76, 13.18%, 0, 0, 5, 87.06
1575120649, 0, 3591, 4013, 3573, 76, 13.18%, 0, 0, 5, 82.69
1575120664, 0, 3591, 4020, 3579, 75, 13.18%, 0, 0, 5, 22.40
1575120669, 0, 3591, 4033, 3592, 75, 13.20%, 0, 0, 5, 28.71
1575120675, 0, 3595, 4033, 3592, 76, 13.20%, 0, 0, 5, 70.70
1575120685, 0, 3600, 4033, 3591, 75, 13.20%, 0, 0, 5, 81.34
1575120695, 0, 3601, 4033, 3590, 74, 13.20%, 0, 0, 5, 74.37
1575120705, 0, 3608, 4033, 3589, 73, 13.20%, 0, 0, 5, 89.70
1575120715, 0, 3613, 4033, 3588, 72, 13.20%, 0, 0, 5, 79.33
1575120726, 0, 3613, 4047, 3601, 71, 13.20%, 0, 0, 5, 57.30
1575120731, 0, 3631, 4049, 3603, 72, 13.20%, 0, 0, 5, 106.84
1575120736, 0, 3634, 4049, 3602, 71, 13.20%, 0, 0, 5, 104.69
1575120746, 0, 3638, 4049, 3601, 70, 13.20%, 0, 0, 5, 78.77
1575120757, 0, 3639, 4049, 3600, 69, 13.20%, 0, 0, 5, 85.00
1575120767, 0, 3643, 4049, 3599, 68, 13.20%, 0, 0, 5, 98.82
1575120772, 0, 3643, 4050, 3600, 68, 13.20%, 0, 0, 5, 90.24
1575120782, 0, 3643, 4066, 3615, 67, 13.20%, 0, 0, 5, 60.94
1575120787, 0, 3645, 4066, 3615, 67, 13.20%, 0, 0, 5, 71.84
1575120797, 0, 3663, 4066, 3614, 66, 13.20%, 0, 0, 5, 95.52
1575120802, 0, 3683, 4066, 3613, 65, 13.20%, 0, 0, 5, 105.40
1575120813, 0, 3697, 4066, 3612, 64, 13.20%, 0, 0, 5, 87.64
1575120818, 0, 3697, 4067, 3613, 64, 13.20%, 0, 0, 5, 89.19
1575120828, 0, 3704, 4067, 3612, 64, 13.20%, 0, 0, 5, 74.93
1575120838, 0, 3704, 4068, 3612, 63, 13.20%, 0, 0, 5, 83.59
1575120843, 0, 3712, 4078, 3622, 64, 13.20%, 0, 0, 5, 57.96
1575120858, 0, 3716, 4078, 3621, 63, 13.20%, 0, 0, 5, 69.03
1575120868, 0, 3722, 4078, 3620, 62, 13.20%, 0, 0, 5, 86.68
1575120874, 0, 3725, 4078, 3619, 61, 13.20%, 0, 0, 5, 78.46
1575120879, 0, 3725, 4079, 3620, 61, 13.20%, 0, 0, 5, 83.71
1575120884, 0, 3725, 4080, 3621, 61, 13.20%, 0, 0, 5, 93.52
1575120899, 0, 3727, 4080, 3620, 61, 13.20%, 0, 0, 5, 89.70
1575120904, 0, 3727, 4083, 3623, 61, 13.20%, 0, 0, 5, 87.87
1575120909, 0, 3727, 4101, 3640, 60, 13.20%, 0, 0, 5, 60.95
1575120914, 0, 3732, 4103, 3642, 62, 13.20%, 0, 0, 5, 74.73
1575120929, 0, 3752, 4106, 3644, 61, 13.28%, 0, 0, 5, 95.70
1575120934, 0, 3752, 4107, 3645, 61, 13.28%, 0, 0, 5, 87.10
1575120950, 0, 3755, 4107, 3644, 62, 13.28%, 0, 0, 5, 107.60
1575120960, 0, 3756, 4107, 3643, 61, 13.28%, 0, 0, 5, 71.04
1575120965, 0, 3756, 4109, 3645, 61, 13.28%, 0, 0, 5, 70.85
1575120970, 0, 3756, 4110, 3646, 61, 13.28%, 0, 0, 5, 89.80
1575120981, 0, 3758, 4110, 3645, 60, 13.28%, 0, 0, 5, 101.04
1575120996, 0, 3758, 4117, 3651, 59, 13.28%, 0, 0, 5, 60.94
1575121001, 0, 3758, 4126, 3660, 59, 13.28%, 0, 0, 5, 34.87
1575121006, 0, 3767, 4128, 3662, 60, 13.28%, 0, 0, 5, 40.98
1575121016, 0, 3771, 4128, 3661, 59, 13.28%, 0, 0, 5, 94.14
1575121021, 0, 3773, 4129, 3661, 58, 13.28%, 0, 0, 5, 82.65
1575121037, 0, 3789, 4129, 3659, 56, 13.28%, 0, 0, 5, 77.60
1575121042, 0, 3789, 4132, 3662, 56, 13.28%, 0, 0, 5, 72.42
1575121052, 0, 3789, 4133, 3663, 56, 13.28%, 0, 0, 5, 83.49
1575121057, 0, 3789, 4134, 3664, 56, 13.28%, 0, 0, 5, 85.79
1575121062, 0, 3789, 4137, 3667, 56, 13.28%, 0, 0, 5, 31.50
1575121067, 0, 3789, 4138, 3668, 56, 13.28%, 0, 0, 5, 66.15
1575121073, 0, 3789, 4139, 3669, 56, 13.28%, 0, 0, 5, 72.45
1575121078, 0, 3789, 4141, 3671, 56, 13.28%, 0, 0, 5, 80.19
1575121088, 0, 3789, 4142, 3672, 56, 13.28%, 0, 0, 5, 84.84
1575121093, 0, 3789, 4143, 3673, 56, 13.33%, 0, 0, 5, 74.30
1575121098, 0, 3789, 4144, 3674, 56, 13.33%, 0, 0, 5, 75.31
1575121108, 0, 3789, 4145, 3675, 56, 13.33%, 0, 0, 5, 77.80
1575121113, 0, 3789, 4146, 3676, 56, 13.33%, 0, 0, 5, 85.25
1575121118, 0, 3789, 4148, 3678, 56, 13.33%, 0, 0, 5, 82.97
1575121123, 0, 3789, 4150, 3679, 55, 13.33%, 0, 0, 5, 88.23
1575121129, 0, 3789, 4167, 3696, 55, 13.33%, 0, 0, 5, 48.59
1575121134, 0, 3789, 4181, 3710, 55, 13.33%, 0, 0, 5, 34.51
1575121139, 0, 3789, 4186, 3715, 55, 13.33%, 0, 0, 5, 30.21
1575121144, 0, 3789, 4193, 3722, 55, 13.33%, 0, 0, 5, 29.53
1575121149, 0, 3796, 4193, 3722, 60, 13.33%, 0, 0, 5, 44.41
1575121159, 0, 3798, 4193, 3721, 59, 13.33%, 0, 0, 5, 79.85
1575121174, 0, 3837, 4193, 3720, 58, 13.33%, 0, 0, 5, 79.84
1575121184, 0, 3838, 4193, 3719, 57, 13.33%, 0, 0, 5, 96.92
1575121195, 0, 3838, 4196, 3722, 57, 13.33%, 0, 0, 5, 74.05
1575121200, 0, 3842, 4196, 3721, 56, 13.33%, 0, 0, 5, 74.74
1575121215, 0, 3842, 4203, 3727, 55, 13.36%, 0, 0, 5, 21.30
1575121220, 0, 3844, 4205, 3729, 57, 13.36%, 0, 0, 5, 32.83
1575121231, 0, 3848, 4205, 3728, 56, 13.36%, 0, 0, 5, 59.81
1575121241, 0, 3852, 4205, 3727, 56, 13.36%, 0, 0, 5, 71.60
1575121251, 0, 3856, 4205, 3726, 55, 13.36%, 0, 0, 5, 52.15
1575121261, 0, 3865, 4205, 3725, 54, 13.36%, 0, 0, 5, 72.58
1575121266, 0, 3865, 4210, 3729, 53, 13.37%, 0, 0, 5, 70.98
1575121271, 0, 3909, 4213, 3732, 54, 13.37%, 0, 0, 5, 56.38
1575121286, 0, 3916, 4213, 3731, 53, 13.37%, 0, 0, 5, 84.20
1575121291, 0, 3919, 4214, 3731, 52, 13.37%, 0, 0, 5, 101.21
1575121302, 0, 3921, 4214, 3730, 52, 13.37%, 0, 0, 5, 88.85
1575121312, 0, 3972, 4214, 3729, 51, 13.37%, 0, 0, 5, 62.99
1575121322, 0, 3972, 4220, 3734, 50, 13.37%, 0, 0, 5, 59.71
1575121327, 0, 3972, 4230, 3744, 50, 13.39%, 0, 0, 5, 36.30
1575121332, 0, 3973, 4232, 3746, 54, 13.39%, 0, 0, 5, 60.25
1575121343, 0, 4004, 4232, 3745, 53, 13.39%, 0, 0, 5, 88.82
1575121348, 0, 4027, 4232, 3744, 52, 13.39%, 0, 0, 5, 80.26
1575121353, 0, 4036, 4232, 3743, 51, 13.39%, 0, 0, 5, 82.28
1575121363, 0, 4038, 4232, 3742, 50, 13.39%, 0, 0, 5, 98.79
1575121373, 0, 4038, 4238, 3747, 49, 13.39%, 0, 0, 5, 55.65
1575121378, 0, 4038, 4246, 3755, 49, 13.39%, 0, 0, 5, 38.30
1575121383, 0, 4048, 4249, 3758, 51, 13.39%, 0, 0, 5, 57.24
1575121388, 0, 4048, 4252, 3761, 51, 13.39%, 0, 0, 5, 75.54
1575121393, 0, 4066, 4252, 3760, 50, 13.39%, 0, 0, 5, 68.22
1575121398, 0, 4066, 4255, 3763, 50, 13.39%, 0, 0, 5, 77.07
1575121429, 0, 4069, 4255, 3762, 49, 13.39%, 0, 0, 5, 108.01
1575121434, 0, 4072, 4255, 3761, 48, 13.39%, 0, 0, 5, 98.95
1575121444, 0, 4086, 4255, 3760, 47, 13.39%, 0, 0, 5, 78.36
1575121449, 0, 4086, 4256, 3761, 47, 13.39%, 0, 0, 5, 86.11
1575121465, 0, 4086, 4268, 3772, 46, 13.39%, 0, 0, 5, 48.22
1575121470, 0, 4086, 4272, 3776, 46, 13.39%, 0, 0, 5, 35.52
1575121475, 0, 4086, 4275, 3779, 46, 13.45%, 0, 0, 5, 31.41
1575121480, 0, 4092, 4275, 3779, 48, 13.45%, 0, 0, 5, 63.39
1575121485, 0, 4092, 4276, 3780, 48, 13.45%, 0, 0, 5, 76.81
1575121490, 0, 4102, 4277, 3780, 47, 13.45%, 0, 0, 5, 71.29
1575121505, 0, 4103, 4278, 3780, 46, 13.45%, 0, 0, 5, 80.62
1575121510, 0, 4104, 4278, 3779, 45, 13.45%, 0, 0, 5, 86.44
1575121516, 0, 4105, 4279, 3779, 44, 13.45%, 0, 0, 5, 104.97
1575121521, 0, 4105, 4280, 3780, 44, 13.45%, 0, 0, 5, 101.56
1575121526, 0, 4105, 4281, 3781, 44, 13.46%, 0, 0, 5, 104.07
1575121531, 0, 4105, 4282, 3782, 44, 13.46%, 0, 0, 5, 105.45
1575121536, 0, 4105, 4283, 3783, 44, 13.46%, 0, 0, 5, 95.72
1575121572, 0, 4105, 4284, 3784, 44, 13.46%, 0, 0, 5, 102.18
1575121582, 0, 4105, 4285, 3785, 44, 13.46%, 0, 0, 5, 94.86
1575121607, 0, 4105, 4288, 3787, 43, 13.46%, 0, 0, 5, 87.03
1575121612, 0, 4105, 4309, 3808, 43, 13.46%, 0, 0, 5, 51.48
1575121617, 0, 4105, 4316, 3815, 43, 13.46%, 0, 0, 5, 35.60
1575121622, 0, 4105, 4322, 3821, 43, 13.46%, 0, 0, 5, 35.00
1575121628, 0, 4134, 4325, 3824, 47, 13.46%, 0, 0, 5, 40.40
1575121633, 0, 4134, 4326, 3825, 47, 13.46%, 0, 0, 5, 67.41
1575121643, 0, 4134, 4327, 3826, 47, 13.46%, 0, 0, 5, 71.93
1575121658, 0, 4134, 4328, 3827, 47, 13.46%, 0, 0, 5, 76.80
1575121668, 0, 4134, 4329, 3828, 47, 13.46%, 0, 0, 5, 67.35
1575121673, 0, 4134, 4331, 3830, 47, 13.46%, 0, 0, 5, 68.60
1575121714, 0, 4152, 4331, 3829, 47, 13.46%, 0, 0, 5, 64.53
1575121724, 0, 4157, 4333, 3830, 46, 13.46%, 0, 0, 5, 68.32
1575121729, 0, 4157, 4335, 3832, 46, 13.46%, 0, 0, 5, 83.31
1575121734, 0, 4157, 4337, 3834, 46, 13.46%, 0, 0, 5, 81.98
1575121749, 0, 4157, 4338, 3835, 46, 13.46%, 0, 0, 5, 82.31
1575121800, 0, 4163, 4338, 3834, 47, 13.46%, 0, 0, 5, 88.98
1575121805, 0, 4170, 4338, 3833, 46, 13.46%, 0, 0, 5, 78.57
1575121815, 0, 4170, 4338, 3832, 45, 13.46%, 0, 0, 5, 81.95
1575121820, 0, 4170, 4351, 3845, 45, 13.47%, 0, 0, 5, 40.24
1575121825, 0, 4170, 4372, 3866, 45, 13.51%, 0, 0, 5, 40.28
1575121831, 0, 4170, 4387, 3881, 45, 13.55%, 0, 0, 5, 38.72
1575121836, 0, 4170, 4391, 3885, 45, 13.55%, 0, 0, 5, 33.46
1575121841, 0, 4171, 4392, 3886, 55, 13.55%, 0, 0, 5, 55.43
1575121846, 0, 4183, 4392, 3885, 54, 13.55%, 0, 0, 5, 66.31
1575121856, 0, 4201, 4392, 3884, 53, 13.55%, 0, 0, 5, 51.68
1575121871, 0, 4204, 4392, 3883, 52, 13.55%, 0, 0, 5, 73.55
1575121881, 0, 4207, 4392, 3882, 51, 13.55%, 0, 0, 5, 98.49
1575121887, 0, 4207, 4395, 3884, 50, 13.55%, 0, 0, 5, 74.37
1575121892, 0, 4210, 4400, 3889, 52, 13.55%, 0, 0, 5, 40.18
1575121897, 0, 4210, 4401, 3890, 52, 13.55%, 0, 0, 5, 61.60
1575121907, 0, 4213, 4401, 3889, 51, 13.55%, 0, 0, 5, 85.74
1575121912, 0, 4218, 4401, 3888, 50, 13.55%, 0, 0, 5, 83.93
1575121922, 0, 4222, 4401, 3887, 49, 13.55%, 0, 0, 5, 86.01
1575121932, 0, 4227, 4401, 3886, 48, 13.55%, 0, 0, 5, 92.42
1575121948, 0, 4227, 4409, 3893, 47, 13.55%, 0, 0, 5, 57.21
1575121953, 0, 4227, 4424, 3908, 47, 13.56%, 0, 0, 5, 40.33
1575121958, 0, 4227, 4431, 3915, 47, 13.56%, 0, 0, 5, 34.74
1575121963, 0, 4230, 4431, 3915, 51, 13.56%, 0, 0, 5, 90.34
1575121968, 0, 4233, 4431, 3914, 50, 13.56%, 0, 0, 5, 84.40
1575121973, 0, 4233, 4433, 3916, 50, 13.56%, 0, 0, 5, 85.77
1575121978, 0, 4238, 4434, 3916, 50, 13.56%, 0, 0, 5, 87.43
1575121984, 0, 4238, 4435, 3917, 50, 13.56%, 0, 0, 5, 58.68
1575121989, 0, 4238, 4436, 3918, 50, 13.56%, 0, 0, 5, 74.71
1575121999, 0, 4240, 4436, 3917, 50, 13.56%, 0, 0, 5, 92.44
1575122009, 0, 4241, 4437, 3917, 49, 13.56%, 0, 0, 5, 55.84
1575122024, 0, 4241, 4457, 3936, 48, 13.62%, 0, 0, 5, 67.11
1575122029, 0, 4245, 4462, 3941, 52, 13.62%, 0, 0, 5, 46.31
1575122040, 0, 4249, 4462, 3940, 50, 13.62%, 0, 0, 5, 91.90
1575122076, 0, 4261, 4462, 3939, 49, 13.62%, 0, 0, 5, 90.99
1575122081, 0, 4289, 4462, 3938, 48, 13.62%, 0, 0, 5, 91.85
1575122086, 0, 4289, 4463, 3939, 48, 13.62%, 0, 0, 5, 77.72
1575122101, 0, 4311, 4463, 3938, 47, 13.62%, 0, 0, 5, 76.85
1575122106, 0, 4311, 4464, 3939, 47, 13.62%, 0, 0, 5, 90.10
1575122111, 0, 4311, 4474, 3948, 46, 13.63%, 0, 0, 5, 67.40
1575122116, 0, 4320, 4477, 3951, 47, 13.63%, 0, 0, 5, 45.82
1575122126, 0, 4331, 4477, 3950, 46, 13.63%, 0, 0, 5, 61.99
1575122136, 0, 4335, 4477, 3949, 46, 13.63%, 0, 0, 5, 78.60
1575122146, 0, 4347, 4477, 3948, 45, 13.63%, 0, 0, 5, 55.03
1575122157, 0, 4352, 4477, 3947, 44, 13.63%, 0, 0, 5, 68.68
1575122167, 0, 4352, 4489, 3958, 43, 13.66%, 0, 0, 5, 61.63
1575122172, 0, 4355, 4502, 3971, 46, 13.73%, 0, 0, 5, 49.41
1575122177, 0, 4355, 4505, 3974, 46, 13.73%, 0, 0, 5, 65.46
1575122182, 0, 4355, 4509, 3978, 46, 13.73%, 0, 0, 5, 71.39
1575122192, 0, 4355, 4510, 3979, 46, 13.73%, 0, 0, 5, 87.86
1575122213, 0, 4355, 4511, 3980, 46, 13.73%, 0, 0, 5, 90.77
1575122218, 0, 4355, 4513, 3982, 46, 13.73%, 0, 0, 5, 93.98
1575122223, 0, 4355, 4514, 3983, 46, 13.73%, 0, 0, 5, 91.30
1575122238, 0, 4355, 4515, 3984, 46, 13.73%, 0, 0, 5, 78.79
1575122249, 0, 4355, 4516, 3985, 46, 13.73%, 0, 0, 5, 83.96
1575122259, 0, 4365, 4516, 3984, 46, 13.73%, 0, 0, 5, 91.37
1575122264, 0, 4368, 4516, 3983, 45, 13.73%, 0, 0, 5, 17.76
1575122269, 0, 4368, 4517, 3984, 45, 13.73%, 0, 0, 5, 75.64
1575122284, 0, 4369, 4517, 3983, 44, 13.73%, 0, 0, 5, 67.45
1575122289, 0, 4369, 4518, 3984, 44, 13.73%, 0, 0, 5, 85.27
1575122299, 0, 4375, 4518, 3983, 43, 13.73%, 0, 0, 5, 93.41
1575122309, 0, 4375, 4519, 3984, 43, 13.73%, 0, 0, 5, 83.92
1575122315, 0, 4375, 4520, 3985, 43, 13.78%, 0, 0, 5, 89.20
1575122320, 0, 4375, 4545, 4009, 42, 13.81%, 0, 0, 5, 56.07
1575122325, 0, 4375, 4562, 4026, 42, 13.81%, 0, 0, 5, 46.19
1575122330, 0, 4375, 4570, 4034, 42, 13.87%, 0, 0, 5, 46.15
1575122335, 0, 4376, 4570, 4034, 58, 13.87%, 0, 0, 5, 65.46
1575122340, 0, 4415, 4570, 4033, 57, 13.87%, 0, 0, 5, 66.84
1575122345, 0, 4415, 4571, 4034, 57, 13.87%, 0, 0, 5, 84.31
1575122350, 0, 4415, 4572, 4035, 57, 13.88%, 0, 0, 5, 81.02
1575122361, 0, 4416, 4572, 4034, 57, 13.88%, 0, 0, 5, 81.13
1575122376, 0, 4440, 4572, 4033, 56, 13.88%, 0, 0, 5, 67.97
1575122386, 0, 4441, 4572, 4032, 55, 13.88%, 0, 0, 5, 86.71
1575122391, 0, 4441, 4574, 4034, 55, 13.88%, 0, 0, 5, 97.47
1575122396, 0, 4441, 4577, 4037, 55, 13.88%, 0, 0, 5, 99.61
1575122401, 0, 4441, 4579, 4039, 55, 13.88%, 0, 0, 5, 90.06
1575122416, 0, 4441, 4580, 4040, 55, 13.88%, 0, 0, 5, 91.60
1575122421, 0, 4441, 4581, 4041, 55, 13.88%, 0, 0, 5, 91.43
1575122426, 0, 4441, 4582, 4042, 55, 13.88%, 0, 0, 5, 81.87
1575122432, 0, 4441, 4583, 4043, 55, 13.89%, 0, 0, 5, 80.96
1575122437, 0, 4441, 4584, 4044, 55, 13.89%, 0, 0, 5, 91.13
1575122462, 0, 4441, 4585, 4045, 55, 13.89%, 0, 0, 5, 103.06
1575122478, 0, 4441, 4586, 4046, 55, 13.89%, 0, 0, 5, 86.86
1575122483, 0, 4441, 4587, 4046, 54, 13.89%, 0, 0, 5, 82.87
1575122488, 0, 4441, 4606, 4065, 54, 13.92%, 0, 0, 5, 56.40
1575122493, 0, 4441, 4615, 4074, 54, 13.92%, 0, 0, 5, 47.47
1575122498, 0, 4443, 4616, 4075, 61, 13.92%, 0, 0, 5, 69.27
1575122508, 0, 4446, 4616, 4074, 60, 13.92%, 0, 0, 5, 94.80
1575122513, 0, 4450, 4616, 4073, 59, 13.92%, 0, 0, 5, 76.75
1575122523, 0, 4468, 4616, 4072, 58, 13.92%, 0, 0, 5, 96.82
1575122533, 0, 4469, 4617, 4072, 57, 13.92%, 0, 0, 5, 89.55
1575122539, 0, 4469, 4619, 4074, 57, 13.92%, 0, 0, 5, 97.01
1575122544, 0, 4469, 4620, 4075, 57, 13.92%, 0, 0, 5, 91.64
1575122574, 0, 4469, 4621, 4076, 57, 13.92%, 0, 0, 5, 92.35
1575122605, 0, 4469, 4622, 4077, 57, 13.92%, 0, 0, 5, 91.99
1575122630, 0, 4469, 4640, 4094, 56, 13.94%, 0, 0, 5, 56.01
1575122635, 0, 4469, 4654, 4108, 56, 13.96%, 0, 0, 5, 47.80
1575122640, 0, 4481, 4655, 4109, 61, 13.96%, 0, 0, 5, 66.16
1575122645, 0, 4492, 4655, 4108, 60, 13.96%, 0, 0, 5, 75.62
1575122655, 0, 4492, 4656, 4109, 60, 13.96%, 0, 0, 5, 96.30
1575122661, 0, 4493, 4656, 4108, 59, 13.96%, 0, 0, 5, 107.65
1575122666, 0, 4512, 4656, 4107, 58, 13.96%, 0, 0, 5, 87.15
1575122676, 0, 4513, 4656, 4106, 58, 13.96%, 0, 0, 5, 82.57
1575122691, 0, 4513, 4665, 4114, 57, 13.97%, 0, 0, 5, 71.08
1575122696, 0, 4519, 4670, 4119, 61, 13.97%, 0, 0, 5, 84.92
1575122706, 0, 4520, 4670, 4118, 60, 13.97%, 0, 0, 5, 85.39
1575122722, 0, 4523, 4670, 4117, 59, 13.97%, 0, 0, 5, 141.05
1575122727, 0, 4524, 4670, 4116, 58, 13.97%, 0, 0, 5, 126.58
1575122732, 0, 4526, 4670, 4115, 57, 13.97%, 0, 0, 5, 107.00
1575122737, 0, 4526, 4672, 4117, 57, 13.97%, 0, 0, 5, 91.80
1575122757, 0, 4526, 4684, 4128, 56, 13.98%, 0, 0, 5, 67.18
1575122762, 0, 4530, 4699, 4143, 60, 13.98%, 0, 0, 5, 45.46
1575122772, 0, 4533, 4699, 4142, 59, 13.98%, 0, 0, 5, 89.34
1575122783, 0, 4538, 4699, 4141, 58, 13.98%, 0, 0, 5, 85.91
1575122793, 0, 4541, 4700, 4141, 58, 13.98%, 0, 0, 5, 83.35
1575122798, 0, 4541, 4701, 4142, 58, 13.98%, 0, 0, 5, 80.62
1575122808, 0, 4541, 4702, 4143, 58, 13.98%, 0, 0, 5, 86.62
1575122818, 0, 4541, 4703, 4144, 58, 13.98%, 0, 0, 5, 74.78
1575122829, 0, 4541, 4704, 4145, 58, 13.99%, 0, 0, 5, 82.89
1575122844, 0, 4541, 4705, 4146, 58, 13.99%, 0, 0, 5, 83.84
1575122874, 0, 4545, 4705, 4145, 57, 13.99%, 0, 0, 5, 74.20
1575122889, 0, 4545, 4728, 4167, 56, 14.00%, 0, 0, 5, 60.18
1575122895, 0, 4545, 4737, 4176, 56, 14.00%, 0, 0, 5, 46.71
1575122900, 0, 4558, 4739, 4178, 58, 14.00%, 0, 0, 5, 49.54
1575122905, 0, 4558, 4740, 4179, 58, 14.00%, 0, 0, 5, 88.95
1575122910, 0, 4561, 4740, 4178, 57, 14.00%, 0, 0, 5, 74.86
1575122915, 0, 4561, 4741, 4179, 57, 14.00%, 0, 0, 5, 78.81
1575122925, 0, 4564, 4741, 4178, 57, 14.00%, 0, 0, 5, 71.57
1575122935, 0, 4566, 4741, 4177, 56, 14.00%, 0, 0, 5, 85.51
1575122945, 0, 4571, 4741, 4176, 55, 14.00%, 0, 0, 5, 77.79
1575122961, 0, 4571, 4750, 4184, 54, 14.01%, 0, 0, 5, 60.92
1575122966, 0, 4578, 4750, 4184, 58, 14.01%, 0, 0, 5, 84.04
1575122971, 0, 4582, 4752, 4185, 57, 14.01%, 0, 0, 5, 95.42
1575122986, 0, 4589, 4752, 4184, 58, 14.01%, 0, 0, 5, 91.79
1575122991, 0, 4589, 4753, 4185, 58, 14.01%, 0, 0, 5, 83.40
1575122996, 0, 4590, 4753, 4184, 57, 14.01%, 0, 0, 5, 93.85
1575123001, 0, 4593, 4753, 4183, 56, 14.01%, 0, 0, 5, 98.36
1575123011, 0, 4593, 4764, 4193, 55, 14.01%, 0, 0, 5, 63.08
1575123016, 0, 4610, 4771, 4200, 58, 14.01%, 0, 0, 5, 50.70
1575123032, 0, 4624, 4771, 4199, 57, 14.01%, 0, 0, 5, 89.56
1575123042, 0, 4627, 4771, 4198, 56, 14.01%, 0, 0, 5, 104.70
1575123047, 0, 4629, 4771, 4197, 55, 14.01%, 0, 0, 5, 88.03
1575123062, 0, 4632, 4772, 4197, 54, 14.01%, 0, 0, 5, 67.59
1575123067, 0, 4632, 4773, 4198, 54, 14.01%, 0, 0, 5, 78.40
1575123072, 0, 4632, 4774, 4199, 54, 14.01%, 0, 0, 5, 78.90
1575123082, 0, 4632, 4775, 4200, 54, 14.01%, 0, 0, 5, 82.44
1575123088, 0, 4632, 4776, 4201, 54, 14.01%, 0, 0, 5, 89.60
1575123143, 0, 4632, 4784, 4208, 53, 14.01%, 0, 0, 5, 77.86
1575123148, 0, 4632, 4801, 4225, 53, 14.02%, 0, 0, 5, 57.74
1575123153, 0, 4637, 4801, 4225, 57, 14.02%, 0, 0, 5, 68.47
1575123164, 0, 4644, 4801, 4224, 56, 14.02%, 0, 0, 5, 86.16
1575123174, 0, 4645, 4801, 4223, 55, 14.02%, 0, 0, 5, 92.33
1575123184, 0, 4646, 4801, 4222, 54, 14.02%, 0, 0, 5, 93.92
1575123194, 0, 4655, 4801, 4221, 53, 14.02%, 0, 0, 5, 84.91
1575123199, 0, 4655, 4802, 4222, 53, 14.02%, 0, 0, 5, 84.56
1575123210, 0, 4655, 4816, 4235, 52, 14.02%, 0, 0, 5, 63.50
1575123215, 0, 4659, 4822, 4241, 58, 14.02%, 0, 0, 5, 68.83
1575123220, 0, 4659, 4823, 4242, 58, 14.02%, 0, 0, 5, 83.55
1575123230, 0, 4660, 4823, 4241, 57, 14.02%, 0, 0, 5, 106.30
1575123235, 0, 4663, 4824, 4241, 56, 14.02%, 0, 0, 5, 77.95
1575123250, 0, 4667, 4824, 4240, 55, 14.02%, 0, 0, 5, 88.45
1575123255, 0, 4667, 4825, 4241, 55, 14.02%, 0, 0, 5, 77.54
1575123260, 0, 4678, 4825, 4240, 54, 14.02%, 0, 0, 5, 83.13
1575123270, 0, 4678, 4828, 4242, 53, 14.02%, 0, 0, 5, 54.40
1575123275, 0, 4680, 4828, 4242, 53, 14.02%, 0, 0, 5, 70.34
1575123286, 0, 4685, 4828, 4241, 52, 14.02%, 0, 0, 5, 85.24
1575123296, 0, 4685, 4829, 4242, 52, 14.02%, 0, 0, 5, 99.93
1575123301, 0, 4695, 4830, 4242, 52, 14.02%, 0, 0, 5, 81.66
1575123311, 0, 4696, 4830, 4241, 51, 14.02%, 0, 0, 5, 82.12
1575123327, 0, 4703, 4831, 4241, 50, 14.02%, 0, 0, 5, 72.38
1575123332, 0, 4703, 4832, 4242, 50, 14.02%, 0, 0, 5, 84.85
1575123337, 0, 4703, 4835, 4245, 50, 14.02%, 0, 0, 5, 76.99
1575123342, 0, 4703, 4836, 4246, 50, 14.02%, 0, 0, 5, 91.39
1575123367, 0, 4703, 4837, 4247, 50, 14.07%, 0, 0, 5, 96.68
1575123382, 0, 4703, 4838, 4248, 50, 14.07%, 0, 0, 5, 86.03
1575123392, 0, 4703, 4839, 4249, 50, 14.07%, 0, 0, 5, 80.77
1575123403, 0, 4703, 4841, 4251, 50, 14.07%, 0, 0, 5, 84.69
1575123408, 0, 4703, 4858, 4267, 49, 14.08%, 0, 0, 5, 65.64
1575123413, 0, 4703, 4864, 4273, 49, 14.08%, 0, 0, 5, 43.33
1575123418, 0, 4715, 4868, 4277, 52, 14.08%, 0, 0, 5, 73.24
1575123423, 0, 4715, 4869, 4278, 52, 14.08%, 0, 0, 5, 97.20
1575123428, 0, 4725, 4869, 4277, 51, 14.08%, 0, 0, 5, 96.31
1575123433, 0, 4729, 4869, 4276, 50, 14.08%, 0, 0, 5, 80.26
1575123443, 0, 4733, 4869, 4275, 49, 14.08%, 0, 0, 5, 93.05
1575123453, 0, 4740, 4869, 4274, 48, 14.08%, 0, 0, 5, 79.47
1575123463, 0, 4740, 4878, 4282, 47, 14.08%, 0, 0, 5, 56.67
1575123469, 0, 4740, 4881, 4285, 47, 14.08%, 0, 0, 5, 46.50
1575123474, 0, 4741, 4891, 4295, 50, 14.08%, 0, 0, 5, 52.12
1575123484, 0, 4743, 4891, 4294, 49, 14.08%, 0, 0, 5, 75.44
1575123494, 0, 4749, 4891, 4293, 48, 14.08%, 0, 0, 5, 89.68
1575123499, 0, 4750, 4891, 4292, 47, 14.08%, 0, 0, 5, 83.22
1575123509, 0, 4751, 4891, 4291, 46, 14.08%, 0, 0, 5, 101.51
1575123515, 0, 4751, 4892, 4291, 45, 14.09%, 0, 0, 5, 90.66
1575123520, 0, 4751, 4895, 4294, 45, 14.09%, 0, 0, 5, 47.86
1575123525, 0, 4755, 4899, 4298, 48, 14.09%, 0, 0, 5, 53.87
1575123535, 0, 4767, 4899, 4297, 47, 14.09%, 0, 0, 5, 84.46
1575123540, 0, 4767, 4900, 4298, 47, 14.09%, 0, 0, 5, 87.29
1575123545, 0, 4768, 4900, 4297, 46, 14.09%, 0, 0, 5, 83.04
1575123560, 0, 4769, 4900, 4296, 45, 14.09%, 0, 0, 5, 56.65
1575123576, 0, 4773, 4900, 4295, 44, 14.09%, 0, 0, 5, 87.46
1575123586, 0, 4773, 4908, 4302, 43, 14.09%, 0, 0, 5, 45.50
1575123591, 0, 4781, 4909, 4303, 45, 14.09%, 0, 0, 5, 52.92
1575123596, 0, 4781, 4910, 4304, 45, 14.09%, 0, 0, 5, 80.99
1575123606, 0, 4782, 4911, 4304, 44, 14.09%, 0, 0, 5, 90.86
1575123617, 0, 4792, 4911, 4303, 43, 14.09%, 0, 0, 5, 68.98
1575123627, 0, 4795, 4911, 4302, 42, 14.09%, 0, 0, 5, 74.14
1575123632, 0, 4795, 4912, 4303, 42, 14.09%, 0, 0, 5, 83.42
1575123637, 0, 4795, 4914, 4305, 42, 14.09%, 0, 0, 5, 79.91
1575123642, 0, 4795, 4917, 4308, 42, 14.09%, 0, 0, 5, 65.70
1575123647, 0, 4795, 4919, 4310, 42, 14.09%, 0, 0, 5, 96.46
1575123657, 0, 4799, 4919, 4309, 41, 14.09%, 0, 0, 5, 86.76
1575123668, 0, 4799, 4933, 4322, 40, 14.09%, 0, 0, 5, 60.32
1575123673, 0, 4800, 4933, 4322, 43, 14.09%, 0, 0, 5, 65.23
1575123683, 0, 4801, 4933, 4321, 42, 14.09%, 0, 0, 5, 91.92
1575123693, 0, 4804, 4933, 4320, 41, 14.09%, 0, 0, 5, 71.52
1575123703, 0, 4811, 4933, 4319, 40, 14.09%, 0, 0, 5, 86.05
1575123713, 0, 4819, 4933, 4318, 39, 14.09%, 0, 0, 5, 83.25
1575123728, 0, 4819, 4946, 4330, 38, 14.10%, 0, 0, 5, 56.14
1575123733, 0, 4828, 4946, 4330, 39, 14.10%, 0, 0, 5, 78.99
1575123744, 0, 4830, 4946, 4329, 38, 14.10%, 0, 0, 5, 87.05
1575123759, 0, 4834, 4947, 4329, 37, 14.10%, 0, 0, 5, 91.59
1575123774, 0, 4836, 4947, 4328, 38, 14.10%, 0, 0, 5, 77.20
1575123779, 0, 4836, 4948, 4329, 38, 14.10%, 0, 0, 5, 76.14
1575123789, 0, 4838, 4948, 4328, 38, 14.10%, 0, 0, 5, 78.08
1575123799, 0, 4838, 4954, 4333, 37, 14.10%, 0, 0, 5, 69.28
1575123804, 0, 4840, 4955, 4334, 38, 14.10%, 0, 0, 5, 47.52
1575123815, 0, 4842, 4955, 4333, 38, 14.10%, 0, 0, 5, 83.63
1575123830, 0, 4843, 4955, 4332, 37, 14.10%, 0, 0, 5, 101.27
1575123835, 0, 4844, 4955, 4331, 36, 14.10%, 0, 0, 5, 80.67
1575123845, 0, 4850, 4955, 4330, 35, 14.10%, 0, 0, 5, 74.55
1575123855, 0, 4850, 4962, 4336, 34, 14.10%, 0, 0, 5, 77.79
1575123860, 0, 4857, 4962, 4336, 36, 14.10%, 0, 0, 5, 90.78
1575123865, 0, 4872, 4962, 4335, 36, 14.10%, 0, 0, 5, 99.65
1575123871, 0, 4879, 4963, 4335, 35, 14.10%, 0, 0, 5, 100.82
1575123881, 0, 4879, 4964, 4336, 35, 14.10%, 0, 0, 5, 112.59
1575123886, 0, 4883, 4965, 4336, 34, 14.10%, 0, 0, 5, 91.02
1575123896, 0, 4885, 4965, 4335, 33, 14.10%, 0, 0, 5, 83.14
1575123906, 0, 4885, 4966, 4336, 33, 14.10%, 0, 0, 5, 76.04
1575123911, 0, 4885, 4974, 4343, 33, 14.10%, 0, 0, 5, 63.73
1575123917, 0, 4896, 4975, 4344, 35, 14.10%, 0, 0, 5, 67.23
1575123927, 0, 4897, 4975, 4343, 34, 14.10%, 0, 0, 5, 88.01
1575123932, 0, 4901, 4975, 4342, 33, 14.10%, 0, 0, 5, 96.63
1575123942, 0, 4903, 4975, 4341, 32, 14.10%, 0, 0, 5, 88.36
1575123952, 0, 4927, 4975, 4340, 31, 14.10%, 0, 0, 5, 69.49
1575123967, 0, 4928, 4982, 4346, 31, 14.10%, 0, 0, 5, 61.13
1575123977, 0, 4929, 4982, 4345, 30, 14.10%, 0, 0, 5, 81.34
1575123983, 0, 4929, 4983, 4346, 30, 14.11%, 0, 0, 5, 89.16
1575123998, 0, 4939, 4984, 4346, 30, 14.11%, 0, 0, 5, 78.39
1575124003, 0, 4939, 4985, 4347, 30, 14.11%, 0, 0, 5, 85.13
1575124008, 0, 4939, 4986, 4348, 30, 14.11%, 0, 0, 5, 85.66
1575124024, 0, 4939, 4988, 4350, 30, 14.11%, 0, 0, 5, 85.74
1575124034, 0, 4939, 4989, 4351, 30, 14.11%, 0, 0, 5, 87.47
1575124064, 0, 4939, 4990, 4352, 30, 14.11%, 0, 0, 5, 89.78
1575124069, 0, 4939, 4991, 4353, 30, 14.11%, 0, 0, 5, 81.48
1575124079, 0, 4940, 4992, 4353, 32, 14.11%, 0, 0, 5, 102.43
1575124084, 0, 4940, 4994, 4355, 32, 14.11%, 0, 0, 5, 86.83
1575124120, 0, 4941, 4994, 4354, 31, 14.11%, 0, 0, 5, 83.72
1575124125, 0, 4941, 4995, 4355, 31, 14.11%, 0, 0, 5, 87.82
1575124130, 0, 4941, 4996, 4355, 30, 14.11%, 0, 0, 5, 82.35
1575124135, 0, 4941, 5014, 4373, 30, 14.13%, 0, 0, 5, 49.66
1575124140, 0, 4941, 5032, 4391, 30, 14.13%, 0, 0, 5, 42.94
1575124145, 0, 4941, 5034, 4393, 30, 14.13%, 0, 0, 5, 35.96
1575124150, 0, 4946, 5035, 4394, 35, 14.13%, 0, 0, 5, 76.17
1575124171, 0, 4947, 5035, 4393, 35, 14.13%, 0, 0, 5, 81.64
1575124196, 0, 4950, 5035, 4392, 34, 14.13%, 0, 0, 5, 84.32
1575124207, 0, 4953, 5035, 4391, 33, 14.13%, 0, 0, 5, 103.89
1575124217, 0, 4957, 5035, 4390, 32, 14.13%, 0, 0, 5, 79.95
1575124227, 0, 4957, 5043, 4397, 31, 14.13%, 0, 0, 5, 62.45
1575124232, 0, 4957, 5055, 4409, 31, 14.13%, 0, 0, 5, 36.84
1575124237, 0, 4957, 5064, 4418, 31, 14.14%, 0, 0, 5, 30.99
1575124242, 0, 4957, 5069, 4423, 31, 14.14%, 0, 0, 5, 29.52
1575124248, 0, 4959, 5069, 4423, 32, 14.14%, 0, 0, 5, 66.30
1575124258, 0, 4979, 5069, 4422, 31, 14.14%, 0, 0, 5, 72.77
1575124268, 0, 4990, 5070, 4422, 30, 14.14%, 0, 0, 5, 87.54
1575124283, 0, 4997, 5070, 4421, 31, 14.14%, 0, 0, 5, 83.55
1575124293, 0, 4998, 5070, 4420, 30, 14.14%, 0, 0, 5, 86.85
1575124308, 0, 4998, 5085, 4434, 29, 14.15%, 0, 0, 5, 34.55
1575124313, 0, 5000, 5086, 4435, 34, 14.15%, 0, 0, 5, 71.67
1575124324, 0, 5001, 5086, 4434, 33, 14.15%, 0, 0, 5, 91.37
1575124334, 0, 5006, 5086, 4433, 32, 14.15%, 0, 0, 5, 89.73
1575124349, 0, 5015, 5087, 4433, 31, 14.15%, 0, 0, 5, 62.44
1575124359, 0, 5015, 5088, 4434, 31, 14.15%, 0, 0, 5, 90.76
1575124364, 0, 5016, 5088, 4433, 30, 14.15%, 0, 0, 5, 83.60
1575124380, 0, 5016, 5100, 4444, 29, 14.15%, 0, 0, 5, 57.48
1575124385, 0, 5017, 5111, 4455, 34, 14.15%, 0, 0, 5, 57.04
1575124395, 0, 5018, 5111, 4454, 33, 14.15%, 0, 0, 5, 95.46
1575124405, 0, 5034, 5111, 4453, 32, 14.15%, 0, 0, 5, 77.50
1575124420, 0, 5043, 5111, 4452, 31, 14.15%, 0, 0, 5, 81.39
1575124425, 0, 5043, 5113, 4454, 31, 14.15%, 0, 0, 5, 87.26
1575124436, 0, 5043, 5114, 4455, 31, 14.15%, 0, 0, 5, 99.60
1575124456, 0, 5054, 5114, 4454, 32, 14.15%, 0, 0, 5, 88.52
1575124466, 0, 5054, 5128, 4467, 31, 14.17%, 0, 0, 5, 49.26
1575124471, 0, 5054, 5135, 4474, 31, 14.17%, 0, 0, 5, 37.43
1575124476, 0, 5057, 5137, 4476, 35, 14.17%, 0, 0, 5, 49.16
1575124486, 0, 5058, 5137, 4475, 34, 14.17%, 0, 0, 5, 60.88
1575124502, 0, 5069, 5139, 4476, 34, 14.17%, 0, 0, 5, 82.43
1575124507, 0, 5069, 5141, 4478, 34, 14.18%, 0, 0, 5, 85.34
1575124512, 0, 5069, 5143, 4480, 34, 14.18%, 0, 0, 5, 85.39
1575124517, 0, 5069, 5144, 4481, 34, 14.18%, 0, 0, 5, 78.96
1575124522, 0, 5069, 5146, 4483, 34, 14.18%, 0, 0, 5, 76.49
1575124527, 0, 5069, 5148, 4485, 34, 14.18%, 0, 0, 5, 78.37
1575124532, 0, 5069, 5150, 4487, 34, 14.18%, 0, 0, 5, 77.77
1575124537, 0, 5069, 5152, 4489, 34, 14.18%, 0, 0, 5, 81.24
1575124542, 0, 5069, 5153, 4490, 34, 14.18%, 0, 0, 5, 81.61
1575124548, 0, 5069, 5154, 4491, 34, 14.18%, 0, 0, 5, 90.98
1575124553, 0, 5069, 5156, 4493, 34, 14.18%, 0, 0, 5, 93.28
1575124558, 0, 5069, 5157, 4494, 34, 14.18%, 0, 0, 5, 92.22
1575124563, 0, 5071, 5157, 4493, 34, 14.18%, 0, 0, 5, 91.16
1575124573, 0, 5072, 5157, 4492, 33, 14.18%, 0, 0, 5, 91.48
1575124583, 0, 5072, 5159, 4493, 32, 14.18%, 0, 0, 5, 84.04
1575124588, 0, 5072, 5176, 4510, 32, 14.18%, 0, 0, 5, 46.12
1575124593, 0, 5072, 5184, 4518, 32, 14.19%, 0, 0, 5, 31.69
1575124599, 0, 5074, 5189, 4523, 35, 14.19%, 0, 0, 5, 32.46
1575124614, 0, 5078, 5190, 4523, 34, 14.19%, 0, 0, 5, 77.29
1575124629, 0, 5089, 5190, 4522, 33, 14.19%, 0, 0, 5, 90.25
1575124639, 0, 5091, 5190, 4521, 32, 14.19%, 0, 0, 5, 82.72
1575124644, 0, 5091, 5191, 4522, 32, 14.19%, 0, 0, 5, 77.29
1575124649, 0, 5092, 5192, 4522, 32, 14.20%, 0, 0, 5, 84.28
1575124659, 0, 5092, 5204, 4533, 31, 14.20%, 0, 0, 5, 57.13
1575124664, 0, 5092, 5218, 4547, 31, 14.20%, 0, 0, 5, 41.60
1575124669, 0, 5094, 5224, 4553, 32, 14.21%, 0, 0, 5, 48.52
1575124680, 0, 5094, 5225, 4554, 32, 14.21%, 0, 0, 5, 103.66
1575124685, 0, 5096, 5226, 4554, 31, 14.21%, 0, 0, 5, 108.08
1575124695, 0, 5101, 5226, 4553, 31, 14.21%, 0, 0, 5, 72.00
1575124705, 0, 5103, 5226, 4552, 30, 14.21%, 0, 0, 5, 81.00
1575124715, 0, 5105, 5226, 4551, 29, 14.21%, 0, 0, 5, 86.52
1575124726, 0, 5112, 5239, 4563, 31, 14.21%, 0, 0, 5, 52.54
1575124741, 0, 5127, 5239, 4562, 30, 14.21%, 0, 0, 5, 80.93
1575124756, 0, 5139, 5239, 4561, 29, 14.21%, 0, 0, 5, 92.60
1575124761, 0, 5139, 5240, 4562, 29, 14.21%, 0, 0, 5, 86.48
1575124766, 0, 5139, 5241, 4563, 29, 14.21%, 0, 0, 5, 85.36
1575124776, 0, 5139, 5242, 4564, 29, 14.21%, 0, 0, 5, 106.81
1575124792, 0, 5139, 5244, 4566, 29, 14.21%, 0, 0, 5, 78.75
1575124817, 0, 5157, 5244, 4565, 28, 14.21%, 0, 0, 5, 88.13
1575124822, 0, 5157, 5246, 4567, 28, 14.21%, 0, 0, 5, 85.30
1575124838, 0, 5159, 5246, 4566, 27, 14.21%, 0, 0, 5, 70.81
1575124843, 0, 5159, 5247, 4567, 27, 14.21%, 0, 0, 5, 73.23
1575124858, 0, 5159, 5254, 4573, 26, 14.21%, 0, 0, 5, 66.12
1575124863, 0, 5159, 5270, 4589, 26, 14.23%, 0, 0, 5, 43.59
1575124868, 0, 5159, 5279, 4598, 26, 14.23%, 0, 0, 5, 34.13
1575124873, 0, 5159, 5281, 4600, 26, 14.23%, 0, 0, 5, 35.18
1575124878, 0, 5165, 5282, 4601, 36, 14.23%, 0, 0, 5, 83.33
1575124884, 0, 5168, 5282, 4600, 34, 14.23%, 0, 0, 5, 82.49
1575124894, 0, 5177, 5282, 4599, 33, 14.23%, 0, 0, 5, 98.70
1575124899, 0, 5177, 5283, 4600, 33, 14.23%, 0, 0, 5, 95.81
1575124904, 0, 5180, 5283, 4599, 32, 14.23%, 0, 0, 5, 82.22
1575124914, 0, 5186, 5283, 4598, 31, 14.23%, 0, 0, 5, 79.09
1575124924, 0, 5186, 5289, 4603, 30, 14.23%, 0, 0, 5, 55.88
1575124930, 0, 5191, 5295, 4609, 33, 14.23%, 0, 0, 5, 55.57
1575124940, 0, 5191, 5296, 4610, 33, 14.23%, 0, 0, 5, 85.77
1575124945, 0, 5199, 5296, 4609, 33, 14.23%, 0, 0, 5, 84.44
1575124955, 0, 5203, 5296, 4608, 32, 14.23%, 0, 0, 5, 81.59
1575124965, 0, 5207, 5297, 4608, 31, 14.23%, 0, 0, 5, 86.89
1575124975, 0, 5215, 5297, 4607, 30, 14.23%, 0, 0, 5, 94.01
1575124980, 0, 5215, 5298, 4608, 30, 14.23%, 0, 0, 5, 88.71
1575124990, 0, 5215, 5299, 4609, 30, 14.24%, 0, 0, 5, 81.61
1575124996, 0, 5215, 5304, 4613, 29, 14.24%, 0, 0, 5, 63.79
1575125001, 0, 5231, 5312, 4621, 32, 14.24%, 0, 0, 5, 45.80
1575125011, 0, 5232, 5312, 4620, 32, 14.24%, 0, 0, 5, 83.67
1575125021, 0, 5233, 5312, 4619, 31, 14.24%, 0, 0, 5, 91.23
1575125026, 0, 5241, 5312, 4618, 30, 14.24%, 0, 0, 5, 72.70
1575125052, 0, 5247, 5312, 4617, 29, 14.24%, 0, 0, 5, 80.94
1575125062, 0, 5247, 5314, 4618, 28, 14.24%, 0, 0, 5, 81.82
1575125067, 0, 5250, 5321, 4625, 29, 14.24%, 0, 0, 5, 43.22
1575125077, 0, 5250, 5323, 4627, 29, 14.24%, 0, 0, 5, 71.88
1575125083, 0, 5258, 5323, 4626, 28, 14.24%, 0, 0, 5, 74.38
1575125088, 0, 5258, 5326, 4629, 28, 14.24%, 0, 0, 5, 65.62
1575125093, 0, 5258, 5327, 4630, 28, 14.24%, 0, 0, 5, 75.65
1575125098, 0, 5260, 5327, 4629, 27, 14.24%, 0, 0, 5, 62.04
1575125113, 0, 5261, 5327, 4628, 26, 14.24%, 0, 0, 5, 76.45
1575125128, 0, 5262, 5327, 4627, 25, 14.24%, 0, 0, 5, 81.73
1575125138, 0, 5262, 5331, 4630, 24, 14.25%, 0, 0, 5, 75.80
1575125143, 0, 5269, 5341, 4640, 27, 14.25%, 0, 0, 5, 45.79
1575125159, 0, 5273, 5341, 4639, 26, 14.25%, 0, 0, 5, 66.33
1575125164, 0, 5273, 5343, 4641, 26, 14.25%, 0, 0, 5, 67.73
1575125179, 0, 5284, 5343, 4640, 25, 14.25%, 0, 0, 5, 82.03
1575125184, 0, 5284, 5344, 4641, 25, 14.25%, 0, 0, 5, 77.80
1575125189, 0, 5284, 5347, 4644, 25, 14.25%, 0, 0, 5, 93.89
1575125205, 0, 5284, 5348, 4645, 25, 14.25%, 0, 0, 5, 78.16
1575125215, 0, 5284, 5349, 4646, 25, 14.25%, 0, 0, 5, 83.62
1575125220, 0, 5284, 5351, 4648, 25, 14.25%, 0, 0, 5, 83.03
1575125225, 0, 5284, 5352, 4649, 25, 14.25%, 0, 0, 5, 85.47
1575125235, 0, 5284, 5353, 4650, 25, 14.25%, 0, 0, 5, 83.03
1575125260, 0, 5285, 5353, 4649, 26, 14.25%, 0, 0, 5, 73.86
1575125271, 0, 5287, 5353, 4648, 25, 14.25%, 0, 0, 5, 56.76
1575125281, 0, 5287, 5354, 4649, 25, 14.25%, 0, 0, 5, 72.20
1575125291, 0, 5287, 5368, 4662, 24, 14.25%, 0, 0, 5, 44.16
1575125296, 0, 5287, 5373, 4667, 24, 14.27%, 0, 0, 5, 35.93
1575125301, 0, 5287, 5377, 4671, 24, 14.27%, 0, 0, 5, 37.49
1575125306, 0, 5287, 5379, 4673, 24, 14.27%, 0, 0, 5, 32.84
1575125312, 0, 5287, 5385, 4679, 24, 14.27%, 0, 0, 5, 32.53
1575125317, 0, 5289, 5385, 4679, 27, 14.27%, 0, 0, 5, 67.54
1575125327, 0, 5289, 5386, 4680, 27, 14.27%, 0, 0, 5, 65.06
1575125332, 0, 5295, 5386, 4679, 26, 14.27%, 0, 0, 5, 66.87
1575125337, 0, 5295, 5387, 4680, 26, 14.27%, 0, 0, 5, 75.65
1575125347, 0, 5299, 5387, 4679, 25, 14.27%, 0, 0, 5, 87.32
1575125363, 0, 5302, 5387, 4678, 24, 14.27%, 0, 0, 5, 59.06
1575125378, 0, 5304, 5387, 4677, 23, 14.27%, 0, 0, 5, 87.99
1575125388, 0, 5304, 5397, 4686, 22, 14.27%, 0, 0, 5, 51.48
1575125393, 0, 5313, 5404, 4693, 24, 14.27%, 0, 0, 5, 41.29
1575125403, 0, 5323, 5404, 4692, 23, 14.27%, 0, 0, 5, 69.29
1575125408, 0, 5323, 5405, 4693, 23, 14.27%, 0, 0, 5, 70.45
1575125413, 0, 5323, 5407, 4695, 23, 14.27%, 0, 0, 5, 62.87
1575125424, 0, 5333, 5407, 4694, 23, 14.27%, 0, 0, 5, 64.56
1575125439, 0, 5334, 5407, 4693, 22, 14.27%, 0, 0, 5, 64.74
1575125444, 0, 5334, 5409, 4695, 22, 14.27%, 0, 0, 5, 71.33
1575125449, 0, 5344, 5410, 4695, 22, 14.27%, 0, 0, 5, 69.93
1575125460, 0, 5344, 5418, 4702, 21, 14.27%, 0, 0, 5, 57.63
1575125465, 0, 5345, 5428, 4712, 26, 14.27%, 0, 0, 5, 38.58
1575125480, 0, 5356, 5429, 4712, 25, 14.27%, 0, 0, 5, 75.17
1575125495, 0, 5364, 5429, 4711, 24, 14.27%, 0, 0, 5, 84.65
1575125505, 0, 5368, 5429, 4710, 23, 14.27%, 0, 0, 5, 66.84
1575125520, 0, 5372, 5429, 4709, 22, 14.27%, 0, 0, 5, 79.31
1575125531, 0, 5372, 5430, 4709, 21, 14.27%, 0, 0, 5, 83.19
1575125536, 0, 5372, 5439, 4718, 21, 14.27%, 0, 0, 5, 44.09
1575125541, 0, 5384, 5439, 4718, 23, 14.27%, 0, 0, 5, 66.99
1575125551, 0, 5392, 5439, 4717, 22, 14.27%, 0, 0, 5, 61.77
1575125561, 0, 5398, 5439, 4716, 22, 14.27%, 0, 0, 5, 71.07
1575125572, 0, 5404, 5439, 4715, 21, 14.27%, 0, 0, 5, 66.93
1575125577, 0, 5404, 5441, 4717, 21, 14.27%, 0, 0, 5, 64.89
1575125582, 0, 5404, 5443, 4719, 21, 14.27%, 0, 0, 5, 74.80
1575125587, 0, 5404, 5444, 4720, 21, 14.27%, 0, 0, 5, 74.25
1575125592, 0, 5404, 5446, 4722, 21, 14.27%, 0, 0, 5, 73.18
1575125613, 0, 5404, 5447, 4723, 21, 14.27%, 0, 0, 5, 73.89
1575125618, 0, 5404, 5448, 4724, 21, 14.27%, 0, 0, 5, 64.99
1575125623, 0, 5404, 5449, 4725, 21, 14.27%, 0, 0, 5, 71.66
1575125643, 0, 5408, 5449, 4724, 20, 14.27%, 0, 0, 5, 72.36
1575125653, 0, 5408, 5463, 4737, 19, 14.28%, 0, 0, 5, 69.73
1575125658, 0, 5420, 5475, 4749, 24, 14.28%, 0, 0, 5, 118.64
