# unix_time, cycles_done, cur_path, paths_total, pending_total, pending_favs, map_size, unique_crashes, unique_hangs, max_depth, execs_per_sec
1575114134, 0, 0, 1, 1, 1, 7.00%, 0, 0, 1, 153.85
1575114139, 0, 0, 80, 80, 1, 8.39%, 0, 0, 2, 208.40
1575114144, 0, 0, 141, 141, 1, 9.01%, 0, 0, 2, 208.13
1575114149, 0, 0, 178, 178, 1, 9.07%, 0, 0, 2, 213.05
1575114154, 0, 0, 193, 193, 1, 9.09%, 0, 0, 2, 206.33
1575114159, 0, 0, 202, 202, 1, 9.15%, 0, 0, 2, 211.44
1575114164, 0, 0, 207, 207, 1, 9.16%, 0, 0, 2, 202.41
1575114169, 0, 0, 221, 221, 1, 9.20%, 0, 0, 2, 217.52
1575114175, 0, 0, 232, 232, 1, 9.28%, 0, 0, 2, 208.64
1575114180, 0, 0, 238, 238, 1, 9.28%, 0, 0, 2, 202.90
1575114185, 0, 0, 243, 243, 1, 9.29%, 0, 0, 2, 206.50
1575114190, 0, 0, 252, 252, 1, 9.31%, 0, 0, 2, 215.57
1575114195, 0, 0, 258, 258, 1, 9.32%, 0, 0, 2, 199.68
1575114200, 0, 0, 262, 262, 1, 9.32%, 0, 0, 2, 210.57
1575114205, 0, 0, 263, 263, 1, 9.32%, 0, 0, 2, 192.11
1575114210, 0, 0, 268, 268, 1, 9.34%, 0, 0, 2, 206.37
1575114215, 0, 0, 271, 271, 1, 9.34%, 0, 0, 2, 153.37
1575114225, 0, 0, 275, 275, 1, 9.35%, 0, 0, 2, 128.00
1575114230, 0, 0, 282, 282, 1, 9.36%, 0, 0, 2, 141.40
1575114235, 0, 0, 286, 286, 1, 9.36%, 0, 0, 2, 135.84
1575114241, 0, 0, 289, 289, 1, 9.36%, 0, 0, 2, 146.39
1575114246, 0, 0, 290, 290, 1, 9.36%, 0, 0, 2, 143.82
1575114256, 0, 0, 292, 292, 1, 9.36%, 0, 0, 2, 143.35
1575114277, 0, 0, 293, 293, 1, 9.36%, 0, 0, 2, 142.82
1575114282, 0, 0, 296, 296, 1, 9.36%, 0, 0, 2, 127.79
1575114303, 0, 0, 299, 299, 1, 9.36%, 0, 0, 2, 119.94
1575114339, 0, 0, 301, 301, 1, 9.36%, 0, 0, 2, 129.00
1575114344, 0, 0, 304, 304, 1, 9.36%, 0, 0, 2, 106.45
1575114349, 0, 0, 309, 309, 1, 9.38%, 0, 0, 2, 94.96
1575114354, 0, 0, 312, 312, 1, 9.38%, 0, 0, 2, 99.56
1575114359, 0, 0, 316, 316, 1, 9.38%, 0, 0, 2, 93.53
1575114364, 0, 0, 318, 318, 1, 9.38%, 0, 0, 2, 85.71
1575114369, 0, 0, 350, 350, 1, 9.58%, 0, 0, 2, 102.28
1575114374, 0, 0, 366, 366, 1, 9.62%, 0, 0, 2, 107.95
1575114379, 0, 0, 379, 379, 1, 9.64%, 0, 0, 2, 102.31
1575114385, 0, 0, 386, 386, 1, 9.66%, 0, 0, 2, 98.88
1575114390, 0, 0, 397, 397, 1, 9.68%, 0, 0, 2, 103.20
1575114395, 0, 0, 407, 407, 1, 9.69%, 0, 0, 2, 105.54
1575114400, 0, 0, 416, 416, 1, 9.70%, 0, 0, 2, 94.88
1575114405, 0, 0, 424, 424, 1, 9.75%, 0, 0, 2, 88.98
1575114410, 0, 0, 433, 433, 1, 9.77%, 0, 0, 2, 103.71
1575114415, 0, 0, 440, 440, 1, 9.77%, 0, 0, 2, 105.01
1575114420, 0, 0, 447, 447, 1, 9.77%, 0, 0, 2, 95.69
1575114425, 0, 0, 451, 451, 1, 9.77%, 0, 0, 2, 90.12
1575114430, 0, 0, 455, 455, 1, 9.77%, 0, 0, 2, 97.07
1575114435, 0, 0, 461, 461, 1, 9.78%, 0, 0, 2, 102.95
1575114441, 0, 0, 465, 465, 1, 9.78%, 0, 0, 2, 90.56
1575114446, 0, 0, 470, 470, 1, 9.78%, 0, 0, 2, 88.40
1575114451, 0, 0, 475, 475, 1, 9.78%, 0, 0, 2, 98.96
1575114456, 0, 0, 480, 480, 1, 9.78%, 0, 0, 2, 103.24
1575114461, 0, 0, 485, 485, 1, 9.84%, 0, 0, 2, 93.09
1575114471, 0, 0, 488, 488, 1, 9.84%, 0, 0, 2, 102.48
1575114476, 0, 0, 494, 494, 1, 9.85%, 0, 0, 2, 101.17
1575114481, 0, 0, 495, 495, 1, 9.85%, 0, 0, 2, 95.18
1575114486, 0, 0, 501, 501, 1, 9.85%, 0, 0, 2, 93.47
1575114491, 0, 0, 505, 505, 1, 9.85%, 0, 0, 2, 90.94
1575114496, 0, 0, 508, 508, 1, 9.85%, 0, 0, 2, 91.05
1575114501, 0, 0, 513, 513, 1, 9.85%, 0, 0, 2, 92.92
1575114506, 0, 0, 514, 514, 1, 9.86%, 0, 0, 2, 94.71
1575114512, 0, 0, 516, 516, 1, 9.86%, 0, 0, 2, 92.56
1575114517, 0, 0, 519, 519, 1, 9.86%, 0, 0, 2, 89.66
1575114522, 0, 0, 524, 524, 1, 9.86%, 0, 0, 2, 92.25
1575114527, 0, 0, 526, 526, 1, 9.86%, 0, 0, 2, 94.52
1575114532, 0, 0, 528, 528, 1, 9.92%, 0, 0, 2, 92.58
1575114537, 0, 0, 529, 529, 1, 9.92%, 0, 0, 2, 97.83
1575114542, 0, 0, 533, 533, 1, 9.92%, 0, 0, 2, 102.25
1575114547, 0, 0, 536, 536, 1, 9.93%, 0, 0, 2, 96.36
1575114553, 0, 0, 538, 538, 1, 9.93%, 0, 0, 2, 69.71
1575114563, 0, 0, 541, 541, 1, 9.93%, 0, 0, 2, 99.90
1575114573, 0, 0, 546, 546, 1, 9.93%, 0, 0, 2, 116.80
1575114578, 0, 0, 552, 552, 1, 9.95%, 0, 0, 2, 101.04
1575114583, 0, 0, 554, 554, 1, 9.95%, 0, 0, 2, 92.29
1575114588, 0, 0, 556, 556, 1, 9.95%, 0, 0, 2, 107.79
1575114594, 0, 0, 559, 559, 1, 9.96%, 0, 0, 2, 117.58
1575114599, 0, 0, 560, 560, 1, 9.96%, 0, 0, 2, 113.14
1575114604, 0, 0, 562, 562, 1, 9.96%, 0, 0, 2, 105.16
1575114614, 0, 0, 566, 566, 1, 9.96%, 0, 0, 2, 108.17
1575114619, 0, 0, 567, 567, 1, 9.96%, 0, 0, 2, 112.14
1575114624, 0, 0, 569, 569, 1, 10.01%, 0, 0, 2, 108.62
1575114629, 0, 0, 570, 570, 1, 10.01%, 0, 0, 2, 119.34
1575114634, 0, 0, 572, 572, 1, 10.01%, 0, 0, 2, 116.70
1575114639, 0, 0, 573, 573, 1, 10.01%, 0, 0, 2, 108.33
1575114650, 0, 0, 575, 575, 1, 10.01%, 0, 0, 2, 106.69
1575114655, 0, 0, 576, 576, 1, 10.01%, 0, 0, 2, 97.37
1575114660, 0, 0, 578, 578, 1, 10.01%, 0, 0, 2, 100.64
1575114665, 0, 0, 579, 579, 1, 10.01%, 0, 0, 2, 111.91
1575114675, 0, 0, 581, 581, 1, 10.01%, 0, 0, 2, 111.79
1575114680, 0, 0, 586, 586, 1, 10.01%, 0, 0, 2, 107.04
1575114685, 0, 0, 589, 589, 1, 10.02%, 0, 0, 2, 107.84
1575114690, 0, 0, 594, 594, 1, 10.02%, 0, 0, 2, 108.39
1575114695, 0, 0, 595, 595, 1, 10.02%, 0, 0, 2, 116.67
1575114701, 0, 0, 597, 597, 1, 10.02%, 0, 0, 2, 102.98
1575114706, 0, 0, 599, 599, 1, 10.03%, 0, 0, 2, 100.66
1575114711, 0, 0, 602, 602, 1, 10.03%, 0, 0, 2, 112.09
1575114716, 0, 0, 638, 637, 0, 10.13%, 0, 0, 2, 92.69
1575114721, 0, 0, 672, 671, 0, 10.17%, 0, 0, 2, 75.89
1575114726, 0, 0, 709, 708, 0, 10.42%, 0, 0, 2, 75.07
1575114731, 0, 0, 754, 753, 0, 10.49%, 0, 0, 2, 90.12
1575114736, 0, 0, 802, 801, 0, 10.52%, 0, 0, 2, 95.19
1575114742, 0, 0, 846, 845, 0, 10.58%, 0, 0, 2, 96.24
1575114747, 0, 0, 888, 887, 0, 10.73%, 0, 0, 2, 91.06
1575114752, 0, 0, 924, 923, 0, 10.74%, 0, 0, 2, 84.09
1575114757, 0, 0, 943, 942, 0, 10.78%, 0, 0, 2, 86.92
1575114762, 0, 0, 948, 947, 0, 10.80%, 0, 0, 2, 84.05
1575114767, 0, 0, 953, 952, 0, 10.82%, 0, 0, 2, 84.36
1575114773, 0, 0, 963, 962, 0, 10.82%, 0, 0, 2, 82.33
1575114778, 0, 0, 973, 972, 0, 10.83%, 0, 0, 2, 84.81
1575114783, 0, 0, 982, 981, 0, 10.83%, 0, 0, 2, 89.58
1575114788, 0, 0, 984, 983, 0, 10.83%, 0, 0, 2, 82.73
1575114798, 0, 0, 989, 988, 0, 10.84%, 0, 0, 2, 76.09
1575114803, 0, 0, 996, 995, 0, 10.84%, 0, 0, 2, 84.41
1575114808, 0, 0, 997, 996, 0, 10.84%, 0, 0, 2, 78.90
1575114813, 0, 0, 1001, 1000, 0, 10.84%, 0, 0, 2, 75.77
1575114818, 0, 0, 1003, 1002, 0, 10.84%, 0, 0, 2, 77.51
1575114823, 0, 0, 1005, 1004, 0, 10.84%, 0, 0, 2, 89.32
1575114829, 0, 0, 1010, 1009, 0, 10.84%, 0, 0, 2, 86.71
1575114834, 0, 15, 1014, 1013, 175, 10.85%, 0, 0, 2, 85.91
1575115072, 0, 25, 1014, 1012, 174, 10.85%, 0, 0, 2, 117.22
1575115077, 0, 25, 1015, 1013, 174, 10.85%, 0, 0, 3, 98.20
1575115082, 0, 25, 1016, 1014, 174, 10.85%, 0, 0, 3, 90.28
1575115088, 0, 25, 1017, 1015, 174, 10.85%, 0, 0, 3, 78.79
1575115169, 0, 25, 1018, 1016, 174, 10.85%, 0, 0, 3, 79.19
1575115379, 0, 25, 1019, 1017, 174, 10.85%, 0, 0, 3, 82.37
1575115470, 0, 25, 1020, 1018, 174, 10.85%, 0, 0, 3, 99.77
1575115480, 0, 25, 1021, 1019, 174, 10.85%, 0, 0, 3, 93.49
1575115490, 0, 25, 1022, 1020, 174, 10.85%, 0, 0, 3, 99.09
1575115495, 0, 25, 1023, 1021, 174, 10.85%, 0, 0, 3, 102.05
1575115531, 0, 25, 1024, 1022, 174, 10.86%, 0, 0, 3, 101.01
1575115546, 0, 25, 1025, 1023, 174, 10.86%, 0, 0, 3, 103.00
1575115556, 0, 25, 1026, 1024, 174, 10.86%, 0, 0, 3, 92.38
1575115562, 0, 25, 1027, 1025, 174, 10.86%, 0, 0, 3, 92.96
1575115572, 0, 25, 1029, 1027, 174, 10.86%, 0, 0, 3, 104.38
1575115582, 0, 25, 1030, 1028, 174, 10.86%, 0, 0, 3, 100.81
1575115617, 0, 25, 1031, 1029, 174, 10.86%, 0, 0, 3, 111.82
1575115653, 0, 25, 1032, 1030, 174, 10.86%, 0, 0, 3, 88.00
1575115699, 0, 25, 1033, 1031, 174, 10.86%, 0, 0, 3, 102.43
1575115714, 0, 42, 1033, 1030, 175, 10.86%, 0, 0, 3, 112.51
1575115760, 0, 44, 1033, 1029, 174, 10.86%, 0, 0, 3, 109.87
1575115887, 0, 83, 1033, 1028, 173, 10.86%, 0, 0, 3, 112.67
1575116034, 0, 83, 1066, 1060, 172, 10.98%, 0, 0, 3, 91.19
1575116039, 0, 83, 1106, 1100, 172, 11.05%, 0, 0, 3, 78.57
1575116044, 0, 83, 1136, 1130, 172, 11.07%, 0, 0, 3, 61.74
1575116049, 0, 83, 1171, 1165, 172, 11.11%, 0, 0, 3, 63.14
1575116054, 0, 83, 1203, 1197, 172, 11.13%, 0, 0, 3, 56.64
1575116060, 0, 83, 1242, 1236, 172, 11.17%, 0, 0, 3, 67.15
1575116065, 0, 83, 1278, 1272, 172, 11.23%, 0, 0, 3, 68.19
1575116070, 0, 83, 1317, 1311, 172, 11.44%, 0, 0, 3, 75.84
1575116075, 0, 83, 1358, 1352, 172, 11.48%, 0, 0, 3, 79.21
1575116080, 0, 83, 1398, 1392, 172, 11.56%, 0, 0, 3, 78.26
1575116085, 0, 83, 1441, 1435, 172, 11.57%, 0, 0, 3, 81.17
1575116090, 0, 83, 1484, 1478, 172, 11.59%, 0, 0, 3, 81.58
1575116095, 0, 83, 1526, 1520, 172, 11.65%, 0, 0, 3, 80.54
1575116100, 0, 83, 1555, 1549, 172, 11.65%, 0, 0, 3, 74.82
1575116105, 0, 83, 1565, 1559, 172, 11.67%, 0, 0, 3, 68.83
1575116111, 0, 83, 1574, 1568, 172, 11.67%, 0, 0, 3, 70.86
1575116116, 0, 83, 1584, 1578, 172, 11.67%, 0, 0, 3, 70.75
1575116121, 0, 83, 1587, 1581, 172, 11.68%, 0, 0, 3, 67.20
1575116126, 0, 83, 1590, 1584, 172, 11.68%, 0, 0, 3, 71.52
1575116131, 0, 83, 1598, 1592, 172, 11.69%, 0, 0, 3, 77.69
1575116136, 0, 83, 1607, 1601, 172, 11.72%, 0, 0, 3, 70.45
1575116141, 0, 83, 1612, 1606, 172, 11.72%, 0, 0, 3, 72.64
1575116146, 0, 83, 1618, 1612, 172, 11.75%, 0, 0, 3, 77.91
1575116152, 0, 83, 1626, 1620, 172, 11.76%, 0, 0, 3, 70.43
1575116157, 0, 83, 1630, 1624, 172, 11.76%, 0, 0, 3, 68.99
1575116162, 0, 83, 1632, 1626, 172, 11.76%, 0, 0, 3, 70.33
1575116172, 0, 83, 1633, 1627, 172, 11.76%, 0, 0, 3, 72.17
1575116177, 0, 84, 1633, 1627, 228, 11.76%, 0, 0, 3, 80.31
1575116258, 0, 84, 1634, 1628, 228, 11.76%, 0, 0, 3, 79.63
1575116600, 0, 99, 1634, 1627, 227, 11.76%, 0, 0, 3, 89.78
1575116748, 0, 104, 1634, 1626, 226, 11.76%, 0, 0, 3, 89.40
1575116906, 0, 111, 1634, 1625, 225, 11.76%, 0, 0, 3, 94.04
1575117272, 0, 111, 1635, 1626, 225, 11.76%, 0, 0, 3, 78.82
1575117323, 0, 118, 1635, 1625, 224, 11.76%, 0, 0, 3, 94.80
1575117333, 0, 118, 1636, 1626, 224, 11.76%, 0, 0, 3, 80.51
1575117751, 0, 118, 1655, 1644, 223, 11.97%, 0, 0, 3, 80.71
1575117756, 0, 118, 1686, 1675, 223, 12.04%, 0, 0, 3, 63.67
1575117761, 0, 118, 1721, 1710, 223, 12.16%, 0, 0, 3, 63.85
1575117766, 0, 118, 1757, 1746, 223, 12.20%, 0, 0, 3, 65.08
1575117771, 0, 118, 1791, 1780, 223, 12.25%, 0, 0, 3, 61.32
1575117776, 0, 118, 1827, 1816, 223, 12.27%, 0, 0, 3, 64.40
1575117781, 0, 118, 1862, 1851, 223, 12.29%, 0, 0, 3, 65.82
1575117786, 0, 118, 1893, 1882, 223, 12.37%, 0, 0, 3, 59.60
1575117791, 0, 118, 1927, 1916, 223, 12.37%, 0, 0, 3, 61.46
1575117797, 0, 118, 1964, 1953, 223, 12.39%, 0, 0, 3, 67.94
1575117802, 0, 118, 1999, 1988, 223, 12.41%, 0, 0, 3, 66.63
1575117807, 0, 118, 2032, 2021, 223, 12.42%, 0, 0, 3, 63.43
1575117812, 0, 118, 2070, 2059, 223, 12.43%, 0, 0, 3, 69.42
1575117817, 0, 118, 2101, 2090, 223, 12.44%, 0, 0, 3, 59.47
1575117822, 0, 118, 2139, 2128, 223, 12.45%, 0, 0, 3, 69.67
1575117827, 0, 118, 2176, 2165, 223, 12.47%, 0, 0, 3, 74.13
1575117832, 0, 118, 2194, 2183, 223, 12.47%, 0, 0, 3, 60.65
1575117837, 0, 118, 2199, 2188, 223, 12.47%, 0, 0, 3, 63.21
1575117842, 0, 118, 2207, 2196, 223, 12.47%, 0, 0, 3, 70.53
1575117847, 0, 118, 2211, 2200, 223, 12.48%, 0, 0, 3, 68.46
1575117852, 0, 118, 2215, 2204, 223, 12.49%, 0, 0, 3, 60.21
1575117858, 0, 118, 2219, 2208, 223, 12.49%, 0, 0, 3, 54.90
1575117863, 0, 118, 2226, 2215, 223, 12.49%, 0, 0, 3, 58.48
1575117868, 0, 118, 2228, 2217, 223, 12.49%, 0, 0, 3, 62.46
1575117873, 0, 118, 2233, 2222, 223, 12.49%, 0, 0, 3, 58.20
1575117894, 0, 118, 2235, 2224, 223, 12.49%, 0, 0, 3, 74.21
1575117899, 0, 118, 2236, 2225, 223, 12.49%, 0, 0, 3, 73.27
1575117904, 0, 118, 2241, 2230, 223, 12.50%, 0, 0, 3, 71.55
1575117909, 0, 118, 2242, 2231, 223, 12.50%, 0, 0, 3, 64.81
1575117914, 0, 122, 2243, 2232, 257, 12.50%, 0, 0, 3, 66.14
1575118118, 0, 132, 2243, 2231, 256, 12.50%, 0, 0, 3, 100.87
1575118525, 0, 132, 2244, 2232, 256, 12.50%, 0, 0, 3, 88.71
1575118550, 0, 141, 2244, 2231, 256, 12.50%, 0, 0, 3, 98.13
1575118566, 0, 141, 2245, 2232, 256, 12.52%, 0, 0, 3, 86.25
1575118993, 0, 143, 2245, 2231, 256, 12.52%, 0, 0, 3, 89.61
1575119431, 0, 159, 2245, 2230, 255, 12.52%, 0, 0, 3, 97.51
1575119746, 0, 159, 2272, 2256, 254, 12.63%, 0, 0, 3, 64.84
1575119751, 0, 159, 2294, 2278, 254, 12.67%, 0, 0, 3, 47.11
1575119756, 0, 159, 2318, 2302, 254, 12.77%, 0, 0, 3, 43.85
1575119761, 0, 159, 2340, 2324, 254, 12.79%, 0, 0, 3, 44.96
1575119767, 0, 159, 2366, 2350, 254, 12.81%, 0, 0, 3, 48.69
1575119772, 0, 159, 2391, 2375, 254, 12.82%, 0, 0, 3, 45.51
1575119777, 0, 159, 2412, 2396, 254, 12.83%, 0, 0, 3, 43.43
1575119782, 0, 159, 2436, 2420, 254, 12.84%, 0, 0, 3, 46.58
1575119787, 0, 159, 2462, 2446, 254, 12.85%, 0, 0, 3, 46.77
1575119792, 0, 159, 2491, 2475, 254, 12.86%, 0, 0, 3, 52.26
1575119797, 0, 159, 2519, 2503, 254, 12.86%, 0, 0, 3, 53.39
1575119802, 0, 159, 2545, 2529, 254, 12.87%, 0, 0, 3, 49.91
1575119807, 0, 159, 2565, 2549, 254, 12.87%, 0, 0, 3, 46.97
1575119812, 0, 159, 2588, 2572, 254, 12.88%, 0, 0, 3, 46.51
1575119817, 0, 159, 2615, 2599, 254, 12.88%, 0, 0, 3, 50.06
1575119823, 0, 159, 2643, 2627, 254, 12.89%, 0, 0, 3, 51.20
1575119828, 0, 159, 2666, 2650, 254, 12.90%, 0, 0, 3, 46.52
1575119833, 0, 159, 2687, 2671, 254, 12.90%, 0, 0, 3, 42.84
1575119838, 0, 159, 2711, 2695, 254, 12.92%, 0, 0, 3, 48.36
1575119843, 0, 159, 2732, 2716, 254, 12.92%, 0, 0, 3, 48.55
1575119848, 0, 159, 2754, 2738, 254, 12.92%, 0, 0, 3, 43.59
1575119853, 0, 159, 2779, 2763, 254, 12.93%, 0, 0, 3, 45.88
1575119858, 0, 159, 2803, 2787, 254, 12.94%, 0, 0, 3, 46.47
1575119863, 0, 159, 2828, 2812, 254, 12.95%, 0, 0, 3, 48.35
1575119868, 0, 159, 2850, 2834, 254, 12.95%, 0, 0, 3, 46.78
1575119874, 0, 159, 2872, 2856, 254, 12.95%, 0, 0, 3, 47.45
1575119879, 0, 159, 2884, 2868, 254, 12.96%, 0, 0, 3, 43.35
1575119884, 0, 159, 2899, 2883, 254, 12.96%, 0, 0, 3, 45.62
1575119889, 0, 159, 2908, 2892, 254, 13.00%, 0, 0, 3, 50.82
1575119894, 0, 159, 2915, 2899, 254, 13.00%, 0, 0, 3, 44.27
1575119899, 0, 159, 2926, 2910, 254, 13.00%, 0, 0, 3, 45.53
1575119905, 0, 159, 2938, 2922, 254, 13.00%, 0, 0, 3, 44.28
1575119910, 0, 159, 2953, 2937, 254, 13.01%, 0, 0, 3, 48.41
1575119915, 0, 159, 2963, 2947, 254, 13.01%, 0, 0, 3, 42.47
1575119920, 0, 159, 2965, 2949, 254, 13.01%, 0, 0, 3, 46.55
1575119925, 0, 159, 2969, 2953, 254, 13.01%, 0, 0, 3, 46.46
1575119930, 0, 159, 2974, 2958, 254, 13.01%, 0, 0, 3, 45.14
1575119935, 0, 159, 2978, 2962, 254, 13.01%, 0, 0, 3, 68.63
1575119940, 0, 159, 2980, 2964, 254, 13.01%, 0, 0, 3, 52.03
1575119945, 0, 159, 2986, 2970, 254, 13.01%, 0, 0, 3, 45.00
1575119950, 0, 159, 2990, 2974, 254, 13.01%, 0, 0, 3, 48.64
1575119956, 0, 159, 2994, 2978, 254, 13.08%, 0, 0, 3, 47.39
1575119961, 0, 159, 2995, 2979, 254, 13.08%, 0, 0, 3, 47.39
1575119966, 0, 159, 3001, 2985, 254, 13.08%, 0, 0, 3, 46.02
1575119971, 0, 159, 3002, 2986, 254, 13.08%, 0, 0, 3, 47.60
1575119976, 0, 159, 3003, 2987, 254, 13.08%, 0, 0, 3, 46.85
1575119981, 0, 159, 3007, 2991, 254, 13.08%, 0, 0, 3, 47.65
1575119986, 0, 159, 3011, 2995, 254, 13.08%, 0, 0, 3, 51.26
1575119997, 0, 159, 3014, 2998, 254, 13.08%, 0, 0, 3, 42.34
1575120002, 0, 159, 3015, 2999, 254, 13.08%, 0, 0, 3, 44.80
1575120007, 0, 159, 3016, 3000, 254, 13.08%, 0, 0, 3, 46.53
1575120012, 0, 159, 3017, 3001, 254, 13.08%, 0, 0, 3, 49.19
1575120017, 0, 159, 3018, 3002, 254, 13.08%, 0, 0, 3, 51.34
1575120022, 0, 159, 3019, 3003, 254, 13.08%, 0, 0, 3, 46.70
1575120033, 0, 159, 3021, 3005, 254, 13.08%, 0, 0, 3, 50.25
1575120043, 0, 159, 3022, 3006, 254, 13.08%, 0, 0, 3, 50.03
1575120048, 0, 159, 3024, 3008, 254, 13.08%, 0, 0, 3, 48.95
1575120053, 0, 160, 3024, 3008, 274, 13.08%, 0, 0, 3, 78.99
1575120405, 0, 164, 3024, 3007, 273, 13.08%, 0, 0, 3, 91.53
1575120818, 0, 164, 3025, 3008, 273, 13.08%, 0, 0, 3, 85.40
1575120838, 0, 168, 3025, 3007, 273, 13.08%, 0, 0, 3, 92.17
1575121204, 0, 172, 3025, 3006, 272, 13.08%, 0, 0, 3, 94.34
1575121224, 0, 220, 3025, 3005, 271, 13.08%, 0, 0, 3, 88.13
1575121331, 0, 220, 3043, 3022, 270, 13.15%, 0, 0, 3, 30.19
1575121336, 0, 220, 3064, 3043, 270, 13.15%, 0, 0, 3, 35.43
1575121341, 0, 220, 3084, 3063, 270, 13.16%, 0, 0, 3, 36.59
1575121346, 0, 220, 3109, 3088, 270, 13.23%, 0, 0, 3, 46.49
1575121351, 0, 220, 3130, 3109, 270, 13.23%, 0, 0, 3, 41.27
1575121356, 0, 220, 3149, 3128, 270, 13.25%, 0, 0, 3, 36.50
1575121361, 0, 220, 3168, 3147, 270, 13.30%, 0, 0, 3, 37.77
1575121367, 0, 220, 3191, 3170, 270, 13.31%, 0, 0, 3, 43.16
1575121372, 0, 220, 3210, 3189, 270, 13.31%, 0, 0, 3, 37.88
1575121377, 0, 220, 3230, 3209, 270, 13.31%, 0, 0, 3, 39.85
1575121382, 0, 220, 3250, 3229, 270, 13.31%, 0, 0, 3, 40.29
1575121387, 0, 220, 3269, 3248, 270, 13.36%, 0, 0, 3, 37.48
1575121392, 0, 220, 3288, 3267, 270, 13.36%, 0, 0, 3, 39.03
1575121397, 0, 220, 3307, 3286, 270, 13.37%, 0, 0, 3, 38.05
1575121403, 0, 220, 3319, 3298, 270, 13.37%, 0, 0, 3, 34.08
1575121408, 0, 220, 3331, 3310, 270, 13.38%, 0, 0, 3, 33.93
1575121413, 0, 220, 3342, 3321, 270, 13.38%, 0, 0, 3, 33.42
1575121418, 0, 220, 3352, 3331, 270, 13.38%, 0, 0, 3, 32.08
1575121423, 0, 220, 3362, 3341, 270, 13.38%, 0, 0, 3, 37.01
1575121428, 0, 220, 3372, 3351, 270, 13.39%, 0, 0, 3, 36.07
1575121433, 0, 220, 3380, 3359, 270, 13.39%, 0, 0, 3, 36.67
1575121438, 0, 220, 3386, 3365, 270, 13.39%, 0, 0, 3, 32.66
1575121443, 0, 220, 3391, 3370, 270, 13.39%, 0, 0, 3, 30.97
1575121449, 0, 220, 3395, 3374, 270, 13.39%, 0, 0, 3, 32.01
1575121454, 0, 220, 3397, 3376, 270, 13.39%, 0, 0, 3, 34.71
1575121459, 0, 220, 3399, 3378, 270, 13.39%, 0, 0, 3, 36.30
1575121464, 0, 220, 3402, 3381, 270, 13.39%, 0, 0, 3, 36.54
1575121469, 0, 220, 3407, 3386, 270, 13.39%, 0, 0, 3, 34.55
1575121474, 0, 220, 3410, 3389, 270, 13.39%, 0, 0, 3, 37.79
1575121479, 0, 220, 3416, 3395, 270, 13.45%, 0, 0, 3, 37.39
1575121484, 0, 220, 3417, 3396, 270, 13.45%, 0, 0, 3, 35.79
1575121489, 0, 220, 3420, 3399, 270, 13.45%, 0, 0, 3, 37.57
1575121494, 0, 220, 3424, 3403, 270, 13.45%, 0, 0, 3, 35.19
1575121499, 0, 220, 3427, 3406, 270, 13.45%, 0, 0, 3, 36.62
1575121504, 0, 220, 3430, 3409, 270, 13.45%, 0, 0, 3, 34.40
1575121510, 0, 220, 3431, 3410, 270, 13.45%, 0, 0, 3, 33.53
1575121515, 0, 220, 3432, 3411, 270, 13.45%, 0, 0, 3, 35.70
1575121520, 0, 249, 3432, 3411, 275, 13.45%, 0, 0, 3, 76.42
1575121932, 0, 249, 3433, 3412, 275, 13.45%, 0, 0, 3, 80.44
1575121967, 0, 255, 3433, 3411, 274, 13.45%, 0, 0, 3, 85.47
1575122354, 0, 255, 3434, 3412, 274, 13.45%, 0, 0, 3, 87.79
1575122405, 0, 256, 3434, 3411, 272, 13.45%, 0, 0, 3, 94.16
1575122787, 0, 256, 3435, 3412, 272, 13.45%, 0, 0, 3, 89.48
1575122848, 0, 262, 3435, 3411, 271, 13.45%, 0, 0, 3, 92.39
1575123103, 0, 263, 3435, 3410, 270, 13.45%, 0, 0, 3, 89.90
1575123408, 0, 263, 3459, 3433, 269, 13.80%, 0, 0, 3, 38.69
1575123414, 0, 263, 3484, 3458, 269, 13.87%, 0, 0, 3, 42.36
1575123419, 0, 263, 3508, 3482, 269, 13.90%, 0, 0, 3, 44.61
1575123424, 0, 263, 3537, 3511, 269, 13.91%, 0, 0, 3, 49.39
1575123429, 0, 263, 3561, 3535, 269, 13.93%, 0, 0, 3, 44.06
1575123434, 0, 263, 3588, 3562, 269, 13.96%, 0, 0, 3, 50.01
1575123439, 0, 263, 3613, 3587, 269, 13.98%, 0, 0, 3, 47.33
1575123444, 0, 263, 3640, 3614, 269, 13.99%, 0, 0, 3, 47.31
1575123450, 0, 263, 3663, 3637, 269, 14.00%, 0, 0, 3, 44.34
1575123455, 0, 263, 3690, 3664, 269, 14.02%, 0, 0, 3, 47.22
1575123460, 0, 263, 3714, 3688, 269, 14.02%, 0, 0, 3, 45.36
1575123465, 0, 263, 3740, 3714, 269, 14.03%, 0, 0, 3, 48.31
1575123470, 0, 263, 3767, 3741, 269, 14.03%, 0, 0, 3, 50.39
1575123475, 0, 263, 3792, 3766, 269, 14.03%, 0, 0, 3, 47.59
1575123480, 0, 263, 3812, 3786, 269, 14.03%, 0, 0, 3, 42.76
1575123485, 0, 263, 3823, 3797, 269, 14.03%, 0, 0, 3, 39.39
1575123491, 0, 263, 3831, 3805, 269, 14.03%, 0, 0, 3, 43.33
1575123496, 0, 263, 3841, 3815, 269, 14.03%, 0, 0, 3, 42.06
1575123501, 0, 263, 3852, 3826, 269, 14.03%, 0, 0, 3, 40.53
1575123506, 0, 263, 3867, 3841, 269, 14.08%, 0, 0, 3, 44.02
1575123511, 0, 263, 3872, 3846, 269, 14.08%, 0, 0, 3, 40.26
1575123516, 0, 263, 3877, 3851, 269, 14.08%, 0, 0, 3, 41.12
1575123522, 0, 263, 3882, 3856, 269, 14.08%, 0, 0, 3, 38.38
1575123527, 0, 263, 3884, 3858, 269, 14.08%, 0, 0, 3, 42.42
1575123532, 0, 263, 3886, 3860, 269, 14.09%, 0, 0, 3, 41.10
1575123537, 0, 263, 3888, 3862, 269, 14.09%, 0, 0, 3, 40.27
1575123542, 0, 263, 3893, 3867, 269, 14.09%, 0, 0, 3, 37.19
1575123547, 0, 263, 3895, 3869, 269, 14.09%, 0, 0, 3, 38.95
1575123552, 0, 263, 3898, 3872, 269, 14.09%, 0, 0, 3, 39.91
1575123557, 0, 263, 3899, 3873, 269, 14.09%, 0, 0, 3, 39.48
1575123562, 0, 263, 3903, 3877, 269, 14.09%, 0, 0, 3, 40.90
1575123573, 0, 263, 3904, 3878, 269, 14.09%, 0, 0, 3, 42.98
1575123583, 0, 263, 3905, 3879, 269, 14.09%, 0, 0, 3, 44.10
1575123588, 0, 263, 3906, 3880, 269, 14.09%, 0, 0, 3, 43.81
1575123593, 0, 272, 3906, 3880, 310, 14.09%, 0, 0, 3, 76.62
1575123903, 0, 272, 3907, 3881, 310, 14.09%, 0, 0, 3, 93.79
1575123959, 0, 311, 3907, 3880, 309, 14.09%, 0, 0, 3, 86.97
1575124315, 0, 311, 3908, 3881, 309, 14.09%, 0, 0, 3, 85.94
1575124386, 0, 388, 3908, 3880, 308, 14.09%, 0, 0, 3, 98.61
1575124585, 0, 398, 3908, 3879, 307, 14.09%, 0, 0, 3, 104.35
1575124845, 0, 408, 3908, 3878, 306, 14.09%, 0, 0, 3, 96.51
1575124998, 0, 408, 3910, 3880, 306, 14.09%, 0, 0, 3, 82.04
1575125110, 0, 408, 3911, 3881, 306, 14.09%, 0, 0, 3, 86.87
1575125161, 0, 408, 3920, 3889, 305, 14.12%, 0, 0, 3, 61.40
1575125166, 0, 408, 3946, 3915, 305, 14.17%, 0, 0, 3, 50.84
1575125171, 0, 408, 3964, 3933, 305, 14.19%, 0, 0, 3, 38.12
1575125176, 0, 408, 3986, 3955, 305, 14.19%, 0, 0, 3, 40.68
1575125182, 0, 408, 4007, 3976, 305, 14.19%, 0, 0, 3, 39.55
1575125187, 0, 408, 4026, 3995, 305, 14.19%, 0, 0, 3, 38.99
1575125192, 0, 408, 4049, 4018, 305, 14.22%, 0, 0, 3, 43.27
1575125197, 0, 408, 4070, 4039, 305, 14.22%, 0, 0, 3, 40.04
1575125202, 0, 408, 4088, 4057, 305, 14.23%, 0, 0, 3, 38.47
1575125207, 0, 408, 4109, 4078, 305, 14.24%, 0, 0, 3, 39.25
1575125212, 0, 408, 4127, 4096, 305, 14.25%, 0, 0, 3, 36.51
1575125217, 0, 408, 4144, 4113, 305, 14.25%, 0, 0, 3, 34.09
1575125222, 0, 408, 4167, 4136, 305, 14.26%, 0, 0, 3, 41.02
1575125227, 0, 408, 4179, 4148, 305, 14.26%, 0, 0, 3, 39.10
1575125233, 0, 408, 4191, 4160, 305, 14.26%, 0, 0, 3, 35.17
1575125238, 0, 408, 4198, 4167, 305, 14.26%, 0, 0, 3, 36.71
1575125243, 0, 408, 4209, 4178, 305, 14.26%, 0, 0, 3, 35.09
1575125248, 0, 408, 4218, 4187, 305, 14.26%, 0, 0, 3, 32.48
1575125253, 0, 408, 4224, 4193, 305, 14.27%, 0, 0, 3, 38.85
1575125258, 0, 408, 4227, 4196, 305, 14.27%, 0, 0, 3, 42.97
1575125263, 0, 408, 4232, 4201, 305, 14.27%, 0, 0, 3, 37.51
1575125269, 0, 408, 4236, 4205, 305, 14.27%, 0, 0, 3, 32.90
1575125274, 0, 408, 4237, 4206, 305, 14.27%, 0, 0, 3, 30.34
1575125279, 0, 408, 4239, 4208, 305, 14.27%, 0, 0, 3, 32.26
1575125289, 0, 408, 4242, 4211, 305, 14.27%, 0, 0, 3, 31.39
1575125294, 0, 408, 4244, 4213, 305, 14.27%, 0, 0, 3, 29.90
1575125299, 0, 408, 4245, 4214, 305, 14.27%, 0, 0, 3, 37.38
1575125304, 0, 408, 4246, 4215, 305, 14.27%, 0, 0, 3, 36.65
1575125309, 0, 408, 4247, 4216, 305, 14.27%, 0, 0, 3, 34.89
1575125319, 0, 408, 4248, 4217, 305, 14.27%, 0, 0, 3, 34.16
1575125324, 0, 428, 4248, 4217, 306, 14.27%, 0, 0, 3, 50.11
1575125590, 0, 442, 4248, 4216, 306, 14.27%, 0, 0, 3, 92.89
